3.46 0.00 5.23 0.00 4.68 4.45 0.00 4.92 0.00 7.54 7.31 6.80 5.06 5.77 5.13 4.39 2.79 3.78 6.44 8.33 5.67 6.04 0.00 5.29 0.00 4.36 6.15 2.97 3.78 4.53 5.71 6.96 5949403
3.45 0.00 5.24 0.00 4.68 4.46 0.00 4.90 0.00 7.55 7.33 6.80 5.06 5.77 5.14 4.38 2.81 3.78 6.47 8.32 5.68 6.06 0.00 5.27 0.00 4.37 6.15 2.97 3.79 4.54 5.70 6.96 5962493
3.45 0.00 5.24 0.00 4.69 4.45 0.00 4.91 0.00 7.55 7.32 6.79 5.06 5.77 5.14 4.38 2.83 3.77 6.46 8.33 5.67 6.05 0.00 5.27 0.00 4.35 6.15 2.97 3.78 4.53 5.70 6.96 5975583
3.46 0.00 5.25 0.00 4.69 4.46 0.00 4.91 0.00 7.55 7.32 6.79 5.06 5.79 5.14 4.39 2.82 3.77 6.48 8.32 5.68 6.06 0.00 5.26 0.00 4.36 6.14 2.96 3.79 4.53 5.71 6.96 5988673
3.45 0.00 5.24 0.00 4.69 4.45 0.00 4.91 0.00 7.56 7.33 6.78 5.06 5.82 5.14 4.38 2.82 3.77 6.46 8.31 5.68 6.06 0.00 5.26 0.00 4.35 6.15 2.97 3.80 4.52 5.70 6.96 6001763
3.44 0.00 5.25 0.00 4.70 4.46 0.00 4.91 0.00 7.56 7.34 6.78 5.07 5.81 5.13 4.38 2.82 3.78 6.47 8.31 5.67 6.06 0.00 5.27 0.00 4.36 6.15 2.97 3.80 4.53 5.71 6.95 6014853
3.45 3.26 5.26 0.00 4.69 4.44 0.00 4.92 0.00 7.55 7.34 6.75 5.06 5.84 5.14 4.37 2.80 3.78 6.46 8.32 5.67 6.07 0.00 5.28 0.00 4.35 6.15 3.08 3.79 4.53 5.71 6.96 6027943
3.45 3.25 5.25 0.00 4.68 4.44 0.00 4.92 0.00 7.56 7.33 6.78 5.06 6.57 5.13 4.38 2.81 3.78 6.46 8.33 5.68 6.06 0.00 5.24 0.00 4.35 6.16 3.09 3.79 4.52 5.70 6.95 6041033
3.44 3.25 5.21 0.00 4.70 4.45 0.00 4.94 0.00 7.55 7.33 6.83 5.05 6.57 5.13 4.39 2.80 3.77 6.46 8.32 5.67 6.07 0.00 5.25 0.00 4.37 6.15 3.11 3.79 4.52 5.71 6.95 6054123
3.47 3.25 5.20 0.00 4.70 4.45 0.00 4.94 0.00 7.55 7.34 6.71 5.07 6.10 5.14 4.38 2.81 3.78 6.44 8.30 5.68 6.06 0.00 5.09 0.00 4.36 6.15 3.34 3.84 4.53 5.71 6.97 6067213
3.48 3.26 5.22 0.00 4.72 4.48 0.00 4.95 0.00 7.55 7.33 6.65 5.09 5.76 5.16 4.39 2.80 3.77 6.43 8.32 5.68 6.04 0.00 5.27 0.00 4.36 6.15 2.97 3.83 4.51 5.68 6.95 6080303
3.36 3.26 5.17 0.00 4.73 4.48 0.00 4.86 0.00 7.55 7.32 6.65 5.29 5.81 5.28 4.38 2.79 3.77 6.43 8.63 5.69 0.00 0.00 5.09 0.00 4.35 6.16 3.16 3.86 4.48 5.60 6.97 6093393
3.37 3.27 5.09 0.00 4.71 4.45 0.00 4.83 0.00 7.55 7.33 6.64 5.35 5.75 5.17 4.43 2.77 3.76 6.69 8.76 5.68 6.03 0.00 4.90 0.00 4.37 6.15 2.87 3.71 4.47 5.60 6.94 6106483
3.49 3.25 5.19 0.00 4.67 4.54 0.00 4.98 0.00 7.54 7.32 6.64 5.18 6.41 5.16 4.35 2.78 3.77 6.82 8.90 5.66 6.00 0.00 4.94 0.00 4.36 6.15 2.88 4.48 4.49 5.58 6.94 6119573
3.42 3.30 5.89 0.00 4.70 4.49 0.00 5.14 0.00 7.54 7.34 7.01 5.11 5.75 5.18 4.38 2.83 0.00 0.00 8.90 5.50 6.03 0.00 5.08 0.00 4.38 6.15 3.06 3.69 4.45 5.64 6.96 6132663
3.42 3.27 5.24 0.00 4.80 4.51 3.49 4.92 0.00 7.56 7.33 6.65 5.09 5.72 5.47 4.54 2.84 3.79 0.00 8.49 5.49 5.99 0.00 4.89 0.00 4.45 6.16 2.95 3.72 4.55 5.64 6.99 6145753
3.56 3.34 5.24 0.00 4.73 4.49 0.00 4.91 0.00 7.55 7.34 6.72 5.40 5.73 5.26 4.88 0.00 3.90 6.41 8.34 5.42 6.16 0.00 0.00 0.00 4.38 6.14 3.25 3.85 4.48 5.59 6.86 6158843
3.49 3.33 0.00 0.00 4.73 4.46 0.00 4.94 0.00 7.61 7.33 6.74 5.09 5.70 5.26 4.41 2.58 3.80 6.37 9.01 5.67 0.00 9.83 5.45 0.00 4.34 6.15 2.87 3.68 4.56 5.62 7.25 6171933
3.52 3.36 0.00 0.00 4.77 4.49 3.44 4.94 5.20 7.59 7.32 6.84 5.41 5.84 5.46 4.43 2.67 3.57 0.00 8.57 5.49 0.00 0.00 5.42 0.00 4.36 6.02 3.26 3.84 4.46 5.79 7.17 6185023
3.59 3.39 5.42 0.00 4.80 4.43 0.00 5.03 0.00 7.53 7.35 6.67 5.28 5.74 5.28 4.42 3.04 3.79 6.70 8.87 5.63 6.15 9.85 0.00 0.00 4.49 6.09 2.96 3.89 4.61 5.58 0.00 6198113
3.59 3.54 0.00 3.09 4.80 4.44 0.00 4.99 0.00 7.53 7.33 6.66 5.00 5.70 5.17 4.41 2.06 3.89 6.74 8.55 5.38 6.02 0.00 4.80 0.00 4.41 6.03 2.84 3.76 4.50 5.64 7.07 6211203
3.64 3.32 5.25 0.00 4.88 4.46 0.00 5.38 5.22 7.52 7.29 6.65 5.56 5.72 5.19 4.47 2.18 3.60 6.39 8.83 5.39 6.14 9.84 4.93 0.00 0.00 6.19 2.98 3.80 4.49 5.70 6.95 6224293
3.73 3.34 5.67 0.00 4.75 4.44 3.18 5.07 5.19 7.54 7.30 6.67 5.28 5.71 5.23 4.38 0.00 3.58 7.50 8.87 5.44 0.00 0.00 5.07 0.00 0.00 6.03 3.57 3.70 5.09 5.71 6.91 6237383
3.61 3.37 0.00 0.00 4.74 4.45 0.00 5.12 5.27 7.52 7.45 6.64 5.05 5.74 5.22 4.44 2.07 3.90 6.31 8.76 5.41 6.07 9.97 5.08 0.00 4.85 5.98 2.94 3.85 4.41 5.68 7.35 6250473
3.48 3.45 5.07 0.00 4.70 4.47 3.98 5.07 0.00 6.29 7.35 6.70 5.18 5.67 5.40 4.48 2.05 3.53 6.30 8.81 5.42 6.65 9.86 0.00 0.00 0.00 6.00 3.02 3.82 4.44 5.53 7.08 6263563
4.24 3.38 0.00 0.00 4.68 4.51 0.00 5.03 0.00 7.31 7.36 6.61 5.12 5.68 5.50 4.39 2.82 3.48 6.62 9.28 5.41 0.00 9.85 4.69 0.00 4.57 5.97 2.90 3.78 4.44 5.74 7.01 6276653
3.48 3.39 0.00 0.00 4.66 4.43 3.16 5.17 5.19 7.62 7.51 6.65 5.20 5.75 5.15 4.49 2.91 3.51 6.50 9.21 5.35 6.08 0.00 5.25 0.00 4.39 5.81 2.97 3.80 4.42 5.76 6.92 6289743
3.57 3.74 5.74 0.00 4.73 4.44 3.70 5.18 5.10 7.66 7.48 6.67 5.46 5.72 5.09 4.32 0.00 3.60 6.36 8.39 5.46 6.13 0.00 4.85 0.00 4.32 5.53 2.85 3.71 4.40 5.69 7.09 6302833
3.42 3.34 4.93 0.00 4.68 4.49 0.00 5.45 0.00 7.50 7.59 6.57 5.26 5.75 5.19 4.34 2.98 3.56 6.29 8.52 5.39 5.98 0.00 5.14 0.00 4.39 5.58 2.86 3.77 4.35 5.69 7.00 6315923
3.44 3.37 5.87 0.00 4.83 4.53 0.00 5.29 0.00 7.50 7.62 6.89 5.12 5.73 5.18 4.48 2.74 3.55 6.20 8.89 5.59 6.07 9.77 5.24 0.00 4.53 5.42 2.93 3.70 4.44 5.66 7.49 6329013
3.48 3.32 5.24 2.70 4.70 4.48 0.00 5.30 0.00 7.56 7.59 6.71 5.10 5.79 5.14 4.38 2.99 3.59 6.26 8.75 5.36 0.00 9.82 4.74 0.00 4.38 5.53 2.94 3.67 4.80 5.72 6.95 6342103
3.60 3.33 5.07 2.33 4.72 4.51 0.00 5.28 5.27 7.54 7.60 6.57 5.49 5.71 5.25 4.34 0.00 3.49 6.50 8.48 5.44 0.00 9.78 4.62 0.00 4.52 5.77 2.95 3.80 4.40 5.76 6.93 6355193
3.47 3.40 5.83 0.00 4.72 4.53 0.00 5.44 5.22 7.39 7.38 6.57 5.32 5.72 5.16 4.27 2.27 3.60 6.88 8.98 5.57 6.05 9.69 0.00 0.00 4.89 5.66 2.86 3.70 4.85 5.69 7.16 6368283
3.48 3.37 5.39 2.77 4.73 4.52 0.00 5.48 4.14 7.56 7.37 6.55 5.30 5.73 5.10 4.40 2.95 3.48 6.26 9.23 5.50 0.00 0.00 4.53 0.00 4.88 5.39 2.92 3.66 4.42 5.71 7.12 6381373
3.43 3.40 5.16 3.03 4.69 4.51 0.00 5.60 0.00 5.64 7.23 6.64 5.27 5.71 5.16 4.32 2.28 3.63 6.74 8.51 5.48 0.00 0.00 4.71 0.00 4.56 5.20 2.75 3.82 4.45 6.45 7.62 6394463
3.51 3.37 5.38 3.18 4.75 4.60 0.00 5.43 0.00 6.87 7.20 6.50 5.14 5.72 5.20 4.30 2.62 3.70 7.01 8.42 5.36 6.07 0.00 4.46 0.00 4.63 5.34 2.87 3.67 4.40 5.67 7.36 6407553
3.57 3.47 0.00 3.97 4.77 4.45 3.45 6.13 5.20 6.34 5.97 6.40 5.11 5.72 5.33 4.39 2.29 3.54 6.57 9.22 5.53 6.22 0.00 5.45 0.00 4.54 5.35 2.59 3.87 4.45 5.79 7.31 6420643
3.58 3.36 5.26 2.22 4.77 4.20 0.00 5.88 5.21 3.80 6.85 6.37 5.22 5.44 5.29 4.34 2.88 3.51 6.36 9.01 5.43 6.08 5.68 4.23 0.00 4.66 5.44 2.80 3.78 4.42 5.65 7.27 6433733
3.56 3.37 5.21 3.11 4.73 4.56 3.58 5.32 5.17 3.37 6.95 6.39 5.14 5.81 5.27 4.39 2.43 3.68 6.73 0.00 5.31 6.15 0.00 4.68 0.00 4.51 5.60 2.83 3.80 4.42 5.95 7.44 6446823
3.55 3.38 5.61 2.67 4.80 4.49 0.00 2.50 5.44 2.71 6.76 5.49 5.38 5.45 5.25 4.27 2.07 3.65 6.03 8.84 5.56 6.15 9.64 4.67 0.00 4.24 5.44 2.99 3.61 4.53 6.22 7.35 6459913
3.56 3.45 5.34 2.80 4.86 2.68 3.53 5.54 2.16 3.85 6.39 6.20 5.22 4.46 5.32 4.41 2.21 3.62 6.48 9.05 5.62 6.41 0.00 4.90 0.00 4.55 5.50 2.68 3.66 4.48 5.77 7.24 6473003
3.61 3.46 4.80 2.45 4.80 4.37 3.29 0.00 3.19 3.47 5.33 5.85 4.16 5.66 5.32 4.46 2.05 3.66 6.69 8.39 5.68 6.92 7.31 4.78 0.00 4.34 5.49 2.56 3.52 4.48 5.67 7.36 6486093
3.60 3.44 5.35 2.42 4.76 4.45 3.35 0.00 5.17 3.34 5.58 5.71 5.35 5.98 5.50 4.39 2.46 3.75 6.47 8.95 5.74 7.02 0.00 4.23 0.00 4.40 5.50 2.70 3.71 4.53 5.95 0.00 6499183
3.58 3.37 4.27 2.97 4.65 4.39 3.37 5.41 2.98 2.42 5.62 5.61 5.30 5.09 5.73 4.39 2.23 3.84 6.61 8.65 5.90 6.46 3.09 0.00 0.00 4.39 5.70 3.00 3.76 4.57 5.86 7.45 6512273
3.71 3.47 5.30 2.82 4.37 2.75 3.36 0.00 5.13 2.60 5.09 5.82 5.30 5.15 5.57 4.50 2.03 3.65 7.07 9.02 5.49 0.00 2.40 4.97 0.00 4.39 5.50 2.58 3.76 4.54 5.74 7.64 6525363
3.61 3.49 5.25 3.08 4.64 4.43 3.46 0.00 4.25 3.42 5.46 5.53 5.34 4.40 5.53 4.60 2.52 3.58 6.38 9.05 6.08 6.55 0.00 0.00 0.00 4.32 5.65 2.78 3.71 4.49 5.88 7.90 6538453
3.65 3.44 5.32 2.81 4.65 4.18 3.08 0.00 2.85 2.78 4.89 5.52 0.00 2.34 5.60 4.70 2.27 3.22 6.65 8.90 5.94 6.63 5.66 3.12 0.00 4.18 5.57 2.88 3.89 3.88 3.51 7.45 6551543
3.86 3.44 5.16 2.62 4.82 4.24 3.29 5.47 3.48 2.51 4.72 5.50 5.27 5.10 5.67 4.63 2.14 3.75 6.66 9.08 6.08 6.71 4.32 4.02 0.00 4.28 5.95 2.88 3.50 4.62 5.80 7.52 6564633
3.72 3.50 5.04 2.97 4.75 3.25 3.26 4.69 3.06 3.08 4.67 5.21 5.39 4.98 5.66 4.57 2.06 3.67 5.11 0.00 3.62 0.00 3.15 4.42 0.00 4.55 5.31 3.02 3.62 4.65 5.66 0.00 6577723
3.89 3.50 4.57 2.56 4.51 4.38 3.18 5.67 2.62 3.53 4.92 4.70 5.07 5.47 5.85 4.67 2.15 3.57 6.76 8.77 3.27 0.00 2.42 2.53 0.00 4.29 5.79 2.98 2.73 4.62 5.18 7.82 6590813
4.04 3.38 5.25 0.00 4.71 3.71 3.14 5.25 2.60 2.54 4.69 4.62 5.90 3.49 5.79 4.86 2.27 3.58 4.90 8.82 6.14 6.95 3.90 3.77 0.00 4.78 4.51 2.99 3.93 4.61 4.68 7.29 6603903
3.96 3.11 5.07 2.93 4.72 4.55 3.37 5.14 4.14 3.45 4.67 4.82 4.84 5.18 5.84 4.80 2.29 3.72 6.44 8.77 6.57 6.89 2.33 4.53 0.00 4.40 5.77 2.91 3.90 4.64 4.55 7.41 6616993
3.80 3.18 5.12 2.73 4.68 4.25 3.54 3.33 2.51 3.49 4.65 4.68 5.71 3.96 3.09 4.58 2.05 3.39 5.63 8.90 3.89 0.00 0.00 3.50 0.00 3.98 4.74 3.15 3.61 4.70 5.72 7.44 6630083
3.86 3.45 4.99 2.67 5.08 4.52 3.13 0.00 4.02 3.18 4.27 4.80 5.63 4.64 6.14 4.82 2.36 3.73 3.54 6.29 0.00 6.93 3.90 3.74 0.00 4.07 5.45 2.86 3.90 4.22 5.73 7.46 6643173
4.02 2.48 5.10 2.42 4.73 2.86 3.07 5.73 3.98 3.10 4.62 4.79 6.08 2.67 6.08 4.45 2.19 3.71 4.56 8.78 2.20 7.08 3.50 3.13 0.00 4.59 5.74 3.01 4.03 4.72 4.50 7.25 6656263
4.00 3.71 4.86 2.96 4.70 3.55 3.22 5.26 2.47 2.94 4.74 4.92 5.16 3.04 6.26 4.88 2.02 3.30 6.32 8.84 3.63 0.00 2.64 4.77 0.00 4.18 4.96 3.03 3.45 4.68 4.32 0.00 6669353
3.97 3.61 3.28 2.67 4.73 3.36 3.11 5.26 2.77 3.60 5.03 4.93 5.79 4.08 6.28 4.99 2.07 3.54 5.50 4.95 3.35 7.09 6.68 4.41 0.00 4.05 5.78 3.12 4.18 4.78 5.29 6.98 6682443
3.97 3.41 5.11 2.57 4.73 4.43 3.09 5.59 4.08 3.56 2.47 5.03 5.75 2.55 6.28 5.03 2.28 3.46 6.42 8.97 3.39 0.00 2.51 4.06 0.00 4.00 3.98 3.26 3.65 4.75 4.68 6.95 6695533
4.05 3.44 5.31 2.84 4.81 4.50 3.80 4.64 2.16 2.52 4.91 5.12 4.04 4.33 6.30 5.09 2.11 3.34 4.51 8.83 2.93 0.00 9.28 3.66 0.00 4.04 5.26 3.52 2.50 4.42 4.75 7.36 6708623
3.94 2.95 4.63 2.48 4.78 3.92 3.86 3.94 2.29 2.71 3.84 5.16 5.83 4.48 6.34 5.06 2.13 3.56 6.17 8.84 2.23 0.00 0.00 5.33 0.00 3.98 5.78 3.15 4.15 5.17 3.85 6.97 6721713
4.06 3.25 5.25 2.41 4.91 4.08 3.32 5.99 3.44 2.74 4.68 5.23 4.37 5.12 6.38 5.10 2.21 3.48 4.80 8.75 5.65 0.00 0.00 4.53 0.00 3.99 5.40 3.17 4.10 4.93 4.97 7.00 6734803
4.17 3.44 4.97 2.64 4.97 3.29 3.12 5.57 5.42 3.19 5.01 5.27 4.99 3.62 6.33 5.42 2.22 3.54 6.17 9.33 4.62 0.00 3.25 3.77 0.00 4.23 3.91 3.30 3.27 4.84 4.78 7.34 6747893
4.19 3.50 5.18 2.35 4.82 4.59 3.20 0.00 5.18 3.53 4.08 5.45 5.86 4.27 6.56 5.42 2.06 3.31 6.74 8.80 3.24 7.36 9.77 4.29 0.00 4.03 4.72 3.46 3.60 4.90 4.79 6.47 6760983
4.07 3.49 4.95 2.53 4.83 4.28 3.21 5.46 4.20 3.51 4.69 5.35 5.73 2.58 6.50 5.39 2.14 3.44 6.35 8.72 5.94 7.41 7.58 4.56 0.00 4.04 4.46 3.24 4.28 5.00 5.00 0.00 6774073
4.26 3.41 5.33 2.71 4.90 4.55 2.58 0.00 4.61 2.64 5.04 5.62 5.86 2.83 6.62 5.40 2.76 3.07 4.53 8.82 6.03 0.00 9.64 5.22 0.00 3.88 5.13 3.43 4.01 3.77 4.84 7.10 6787163
4.10 2.73 5.60 2.61 4.28 4.38 3.43 4.51 3.22 2.67 3.20 5.83 2.88 2.93 6.70 5.57 0.00 3.84 4.27 8.90 3.82 0.00 3.37 3.24 0.00 3.86 4.58 3.41 4.20 4.89 5.34 6.64 6800253
4.25 3.31 4.47 2.82 4.88 2.79 3.18 5.14 3.44 2.29 5.05 5.91 4.94 6.32 6.74 3.61 2.06 3.70 6.72 8.94 2.28 7.55 5.80 4.59 0.00 3.90 5.36 3.40 4.45 4.95 4.94 6.60 6813343
4.48 3.50 5.03 2.97 5.00 4.62 3.21 5.16 2.97 2.45 2.73 5.73 5.83 5.10 6.97 5.96 2.58 3.24 4.08 8.98 5.99 0.00 0.00 3.83 0.00 4.04 4.95 3.61 4.32 3.06 5.28 7.03 6826433
4.22 3.51 5.30 2.59 4.88 4.18 3.09 5.57 4.89 3.24 4.60 5.63 6.10 6.77 6.99 5.83 2.20 3.61 6.60 8.79 5.92 0.00 4.19 3.88 0.00 3.96 4.14 3.98 4.32 5.05 4.22 6.42 6839523
4.44 3.56 5.35 2.61 4.96 3.63 3.39 5.21 5.18 3.08 5.12 5.74 5.85 5.36 7.03 6.04 2.02 3.54 5.20 8.91 6.07 7.50 2.63 0.00 0.00 3.92 5.37 3.51 3.26 4.99 5.32 6.62 6852613
4.29 3.46 0.00 2.77 2.85 4.61 3.56 5.23 2.93 2.88 5.40 5.70 5.85 5.56 7.11 6.39 2.15 3.33 3.92 8.76 6.36 7.80 2.30 4.84 0.00 3.84 4.13 3.71 4.49 4.99 5.10 6.48 6865703
4.55 3.58 5.20 3.25 5.00 4.50 3.27 5.90 5.09 2.50 4.49 5.73 5.17 7.03 7.16 6.58 2.96 3.51 6.71 8.82 6.24 0.00 0.00 4.19 0.00 3.84 5.01 3.53 4.04 5.02 5.10 7.05 6878793
4.32 3.59 5.66 3.40 4.98 4.16 3.14 5.12 5.24 3.62 5.21 5.99 4.17 2.15 7.32 6.64 2.34 3.61 6.68 9.28 2.94 0.00 0.00 5.15 0.00 3.83 5.19 3.91 4.46 3.05 5.32 4.87 6891883
4.25 3.55 5.34 2.43 4.99 4.55 3.13 5.73 2.54 3.16 5.22 5.73 5.72 5.41 7.48 6.77 2.01 3.83 7.21 8.87 4.98 0.00 0.00 4.58 0.00 3.89 5.36 3.62 4.50 5.18 4.76 5.86 6904973
4.34 3.54 5.42 2.82 4.96 4.56 3.37 5.00 5.19 3.87 5.39 5.83 5.96 6.81 7.64 6.79 2.03 3.53 6.96 8.73 6.45 0.00 0.00 5.45 0.00 4.31 4.73 3.84 4.47 5.10 4.74 6.14 6918063
4.32 3.55 0.00 3.26 4.99 4.55 0.00 5.58 5.18 3.90 5.40 5.89 5.97 2.92 7.64 7.00 3.04 3.46 6.81 8.79 0.00 0.00 4.60 4.21 0.00 3.66 5.14 3.60 4.52 5.04 4.91 6.31 6931153
4.56 3.49 5.34 2.58 5.04 4.59 3.30 5.32 5.19 3.50 5.30 5.89 6.07 7.17 7.64 7.32 2.03 3.62 6.49 8.80 6.27 7.68 5.22 3.87 0.00 4.41 5.23 3.66 4.54 5.15 5.29 6.04 6944243
4.42 3.54 5.71 0.00 5.09 4.60 3.66 5.23 5.35 3.54 5.35 5.89 6.10 6.86 7.67 7.17 2.12 3.60 5.19 8.80 6.43 0.00 0.00 4.69 0.00 3.86 4.76 3.80 4.61 5.11 5.30 5.89 6957333
4.34 3.65 5.10 2.73 5.03 4.59 3.59 5.13 4.26 3.81 5.40 5.93 6.20 6.95 7.73 7.37 2.16 3.62 5.71 8.83 6.24 7.61 0.00 4.00 0.00 4.50 4.89 4.44 4.57 5.06 5.26 5.69 6970423
4.40 3.64 5.28 2.99 5.18 4.60 3.69 5.37 5.02 3.74 5.30 5.89 6.27 6.88 7.98 7.52 2.93 3.63 0.00 8.79 2.67 0.00 0.00 4.31 0.00 3.59 5.17 4.14 4.55 5.08 5.30 5.65 6983513
4.42 3.57 0.00 2.91 5.03 4.64 3.26 5.14 5.05 3.83 5.42 6.05 6.40 6.91 7.82 7.36 2.68 3.72 6.25 8.80 6.43 7.87 0.00 4.50 0.00 3.51 5.05 3.82 4.72 5.12 5.33 5.86 6996603
4.38 3.59 5.03 0.00 5.00 4.66 3.55 5.03 5.09 2.58 5.32 5.87 6.15 6.90 8.24 7.76 2.05 3.50 7.18 8.69 0.00 7.75 0.00 4.20 0.00 3.43 5.17 3.92 4.56 5.06 5.23 6.07 7009693
4.49 3.59 5.24 2.98 4.99 4.58 3.44 5.09 5.34 3.84 5.33 6.04 6.17 6.89 7.86 7.59 2.36 3.59 6.99 9.06 0.00 0.00 0.00 4.46 0.00 3.59 5.01 3.94 4.60 5.05 5.12 5.83 7022783
4.42 3.61 5.42 3.09 4.99 4.62 0.00 5.19 5.82 3.79 5.36 5.84 6.23 7.01 8.07 7.73 2.96 3.58 6.64 8.90 0.00 0.00 0.00 4.35 0.00 3.47 4.84 3.84 5.45 5.14 5.09 5.75 7035873
5.04 3.61 0.00 3.14 5.11 4.64 3.43 5.07 5.03 3.82 5.39 5.86 6.60 6.96 7.99 7.64 2.20 3.46 0.00 8.65 6.58 7.75 0.00 4.94 0.00 3.45 5.01 4.34 4.58 5.12 5.52 6.16 7048963
4.61 4.24 0.00 0.00 5.07 4.62 3.21 5.16 5.04 3.95 5.35 5.85 6.47 6.99 7.95 7.79 0.00 3.43 0.00 8.68 6.54 7.58 0.00 5.46 0.00 3.63 5.00 4.08 4.67 5.09 4.99 5.90 7062053
5.02 3.63 0.00 0.00 5.06 4.63 0.00 5.51 5.05 3.86 5.40 5.87 6.48 7.06 7.97 7.64 2.03 3.65 0.00 8.86 6.29 0.00 0.00 5.04 0.00 4.03 4.77 4.06 4.88 5.10 4.84 0.00 7075143
4.45 3.75 0.00 3.17 5.11 4.66 3.16 5.51 5.10 3.91 5.45 5.86 6.99 7.84 7.96 7.98 2.05 3.52 0.00 8.67 0.00 7.64 0.00 0.00 0.00 3.42 4.85 3.72 5.04 5.08 5.26 5.62 7088233
4.46 3.65 0.00 0.00 5.06 4.61 3.14 5.47 5.11 3.90 5.40 5.87 6.46 7.07 7.96 7.73 2.17 3.48 6.92 8.73 6.35 7.70 0.00 4.79 0.00 0.00 4.87 3.90 4.61 5.13 0.00 5.65 7101323
4.44 3.59 0.00 0.00 5.08 4.73 3.24 5.41 5.07 3.83 5.38 5.89 6.59 6.95 7.97 7.90 2.70 3.58 5.76 8.76 0.00 7.61 0.00 4.57 0.00 0.00 4.86 4.14 4.65 5.09 4.84 5.80 7114413
4.42 3.61 0.00 0.00 5.02 4.70 3.45 5.35 5.07 3.83 5.54 5.98 6.66 7.02 0.00 7.85 2.04 3.42 6.29 8.75 6.42 0.00 0.00 5.12 0.00 3.83 4.87 3.97 4.66 5.14 5.11 5.95 7127503
4.45 3.61 5.39 0.00 5.15 4.70 3.57 5.53 5.08 3.82 5.34 5.86 6.50 7.02 8.13 0.00 2.02 3.56 0.00 9.65 6.24 0.00 0.00 4.89 0.00 0.00 4.87 3.88 4.78 5.20 5.00 5.54 7140593
5.15 3.63 0.00 3.10 5.01 4.66 0.00 5.37 5.06 3.96 5.38 5.85 6.33 6.98 0.00 0.00 2.02 3.47 6.80 0.00 0.00 0.00 0.00 4.36 0.00 0.00 4.86 4.20 4.68 5.30 4.79 5.36 7153683
4.43 3.58 0.00 0.00 5.04 4.78 0.00 5.65 5.11 3.85 5.45 5.98 0.00 7.09 7.96 8.59 2.36 3.48 0.00 8.78 0.00 7.69 0.00 4.89 0.00 0.00 4.92 3.90 4.80 5.11 5.18 5.89 7166773
4.48 3.62 0.00 0.00 5.00 4.66 3.44 5.57 5.11 3.68 5.40 6.18 6.35 7.03 8.13 7.94 0.00 3.63 6.20 8.91 0.00 7.74 9.71 4.42 0.00 3.53 4.99 4.14 4.78 5.09 4.72 6.05 7179863
4.47 3.69 0.00 0.00 5.11 4.66 0.00 5.33 5.18 3.80 5.43 6.02 6.56 6.99 8.22 0.00 2.01 3.29 6.17 0.00 0.00 7.57 0.00 4.00 0.00 3.81 4.87 3.83 4.65 5.10 4.63 5.70 7192953
4.46 3.59 0.00 2.99 5.20 4.68 0.00 5.69 4.95 3.80 5.61 5.94 6.45 7.41 8.15 8.43 2.80 3.47 6.94 8.72 6.41 7.65 0.00 5.16 0.00 3.70 4.91 4.58 4.66 5.17 5.07 5.09 7206043
4.48 3.59 0.00 0.00 5.07 4.73 3.55 5.71 5.07 3.85 5.51 5.97 6.79 6.96 8.12 0.00 2.54 3.45 6.24 8.66 0.00 7.58 7.63 4.37 0.00 3.45 4.92 4.06 4.69 5.06 4.52 5.14 7219133
4.59 3.58 5.36 2.99 5.06 4.71 3.39 6.06 4.88 3.86 5.50 6.00 6.90 6.99 8.13 0.00 2.95 3.39 6.53 8.73 6.11 7.75 9.42 4.43 0.00 3.69 4.84 4.03 4.85 5.20 5.32 5.37 7232223
4.55 3.57 5.36 3.00 5.06 4.75 3.49 5.02 4.93 3.78 5.61 5.99 6.50 7.17 8.33 0.00 0.00 3.76 6.58 8.82 0.00 7.60 0.00 4.56 0.00 3.38 4.89 3.92 4.77 5.16 4.55 5.40 7245313
4.63 3.62 0.00 3.30 5.06 4.75 3.22 5.74 4.97 3.75 5.60 5.94 0.00 7.06 8.45 0.00 2.01 3.47 7.10 9.17 0.00 0.00 0.00 4.43 0.00 4.07 4.94 4.27 4.78 5.05 4.50 5.18 7258403
4.74 3.64 0.00 3.06 5.17 4.86 3.49 5.72 5.19 3.80 5.53 6.29 6.28 7.16 8.30 0.00 2.13 3.48 6.83 8.96 6.42 7.67 0.00 4.73 0.00 3.74 4.85 4.05 4.79 5.13 4.71 5.09 7271493
4.48 3.57 5.37 3.36 5.19 4.74 0.00 5.96 4.89 3.74 5.63 6.25 0.00 7.22 8.41 0.00 2.46 3.47 0.00 0.00 6.38 7.67 0.00 4.35 0.00 3.20 4.72 4.02 4.77 5.15 4.27 5.34 7284583
4.51 3.58 5.39 2.31 5.09 4.74 0.00 0.00 4.80 3.75 5.43 6.00 6.49 7.20 8.36 0.00 2.17 3.68 6.33 0.00 6.10 0.00 9.87 4.58 0.00 3.76 4.59 4.37 4.76 5.12 4.86 5.22 7297673
4.46 3.54 0.00 3.15 5.06 4.72 3.41 5.54 4.89 3.87 5.57 6.06 0.00 7.11 8.37 0.00 0.00 3.56 6.35 0.00 0.00 7.67 9.92 4.17 0.00 3.38 4.76 4.22 4.80 5.12 4.18 4.98 7310763
4.56 3.54 5.09 2.89 5.35 4.80 3.19 5.45 4.49 3.51 5.42 5.98 0.00 6.30 8.42 0.00 0.00 3.51 6.79 8.89 6.29 0.00 7.48 4.47 0.00 3.84 4.47 4.05 4.82 5.25 4.08 4.78 7323853
4.54 3.60 5.36 3.09 5.12 4.78 3.13 5.17 4.76 3.88 5.74 6.20 7.02 7.18 8.41 0.00 2.82 3.45 6.48 8.75 5.84 0.00 5.41 4.56 0.00 3.44 4.49 4.14 4.83 5.21 4.05 4.74 7336943
4.45 3.47 5.09 3.22 5.13 4.83 3.87 5.83 4.80 2.68 5.54 6.25 6.69 7.07 8.42 0.00 0.00 3.54 6.59 9.05 3.32 8.07 0.00 4.19 0.00 3.50 4.53 4.24 4.86 5.26 4.09 4.66 7350033
4.79 3.57 0.00 3.13 5.26 4.79 3.62 5.63 4.13 2.67 5.52 6.40 0.00 7.31 8.86 0.00 2.01 3.79 6.51 8.97 6.34 0.00 3.75 3.57 0.00 3.46 4.23 4.41 4.84 5.23 3.44 4.28 7363123
4.53 3.50 5.23 2.45 5.24 4.67 0.00 5.03 4.05 3.79 5.01 6.25 0.00 5.00 8.42 0.00 2.75 3.60 6.33 9.02 4.43 7.94 4.81 3.00 0.00 3.19 4.14 4.56 5.17 5.24 3.72 3.33 7376213
4.61 3.44 4.41 3.22 5.21 4.98 2.80 5.38 2.35 2.51 5.54 6.26 6.50 4.80 8.42 5.70 2.02 2.84 6.12 8.45 2.56 0.00 3.93 3.97 0.00 3.46 3.85 4.38 4.02 5.42 3.52 3.82 7389303
4.62 2.97 5.26 3.05 5.21 4.86 3.22 5.40 3.82 2.47 3.89 6.37 2.08 3.63 8.40 0.00 2.01 3.64 5.97 9.15 6.12 0.00 4.35 3.73 0.00 3.64 4.02 4.40 5.04 5.27 3.44 4.01 7402393
4.75 3.48 0.00 2.85 5.28 4.92 2.07 5.29 3.09 3.92 2.93 6.28 0.00 2.85 8.42 7.73 2.31 3.35 4.62 9.05 6.05 0.00 4.09 2.18 0.00 3.98 3.99 4.56 3.33 5.29 3.48 3.69 7415483
4.56 3.60 4.87 3.07 5.33 3.51 3.08 5.36 3.40 2.54 5.32 6.39 0.00 4.89 8.38 0.00 2.82 3.58 6.72 8.92 5.62 0.00 2.90 4.76 0.00 3.19 4.08 4.53 5.10 5.29 3.50 3.75 7428573
4.57 3.47 5.32 2.53 5.35 4.90 3.58 4.87 2.49 3.25 3.95 6.39 0.00 7.66 8.42 2.47 2.06 3.43 6.25 8.51 5.04 0.00 4.63 5.01 0.00 3.20 4.00 4.58 4.79 5.40 3.46 3.52 7441663
4.72 3.51 5.02 2.62 5.29 3.83 3.63 5.04 3.44 2.34 5.82 6.49 2.72 3.18 5.37 0.00 2.12 3.24 3.54 6.83 3.72 0.00 3.82 3.92 0.00 3.54 4.18 4.69 5.20 3.59 3.44 4.15 7454753
4.59 3.63 5.00 2.81 5.36 5.19 3.05 5.22 3.16 2.41 5.89 6.49 0.00 6.62 8.40 0.00 2.85 3.67 5.53 8.84 2.96 0.00 2.54 3.11 0.00 3.16 4.15 4.81 5.18 4.63 3.56 3.43 7467843
4.71 3.18 5.29 2.69 5.41 5.31 3.63 5.22 3.27 3.62 5.98 6.61 0.00 7.87 8.42 0.00 2.01 3.61 4.96 9.08 2.82 0.00 4.67 4.41 0.00 3.24 4.19 4.73 5.26 5.40 3.48 3.41 7480933
4.78 3.44 4.59 2.86 5.39 5.10 3.29 3.45 2.82 3.29 5.29 6.57 2.63 4.73 8.43 0.00 2.03 3.38 5.88 8.89 2.89 0.00 2.92 3.98 0.00 3.36 4.17 5.06 5.33 5.54 3.52 3.46 7494023
4.80 3.34 5.06 2.89 5.53 5.38 3.08 3.04 3.46 3.54 4.79 6.66 0.00 5.97 2.46 7.74 2.02 3.60 3.01 8.65 3.19 0.00 2.36 2.80 0.00 3.32 2.41 5.00 5.36 5.41 3.62 3.49 7507113
4.73 3.33 3.60 3.06 5.58 5.42 2.65 5.16 3.13 2.55 5.47 7.29 6.67 5.92 8.41 3.66 2.04 3.65 6.50 8.86 4.97 0.00 2.87 4.70 0.00 3.26 4.25 5.03 4.69 5.27 2.84 3.55 7520203
4.84 3.52 4.18 2.49 5.84 3.39 2.48 2.31 2.98 2.50 5.96 6.81 0.00 3.88 8.42 2.57 2.06 3.04 4.89 5.12 4.37 0.00 3.17 3.11 0.00 3.20 3.10 5.06 5.76 6.04 3.60 3.58 7533293
4.54 3.37 4.44 2.59 5.42 5.00 2.94 4.29 3.46 2.28 5.57 5.08 2.87 3.87 8.40 2.20 2.09 3.39 3.19 9.16 2.43 6.68 3.15 3.92 0.00 3.87 4.26 5.14 5.42 5.48 3.56 3.47 7546383
4.94 3.35 4.13 2.70 5.74 5.77 3.15 3.56 3.48 3.55 6.16 6.79 6.64 3.23 8.41 0.00 2.72 3.33 6.24 8.83 2.51 0.00 2.26 3.66 0.00 3.28 4.23 5.23 5.17 4.63 3.64 3.55 7559473
4.85 3.54 3.97 2.45 5.30 4.39 2.46 3.87 2.97 2.72 5.39 6.81 6.28 2.42 8.43 0.00 2.09 3.54 6.98 8.70 5.58 6.37 3.59 3.97 0.00 3.17 4.25 5.46 5.49 4.92 3.61 3.69 7572563
4.97 3.34 3.97 2.34 5.90 2.58 2.49 2.28 3.09 3.03 5.35 6.86 0.00 7.70 7.55 0.00 2.09 3.66 6.41 9.36 2.22 0.00 2.22 3.88 0.00 3.07 3.22 5.23 5.60 5.71 3.73 3.64 7585653
5.56 3.27 3.78 2.46 6.12 3.73 2.51 3.54 2.63 2.73 5.02 7.58 2.94 2.40 8.40 2.21 2.10 3.22 6.67 5.91 3.30 0.00 2.90 3.76 0.00 3.31 4.12 5.35 4.29 5.50 3.54 3.70 7598743
5.31 3.52 3.85 2.68 5.04 3.56 2.32 3.05 2.96 2.81 5.53 6.85 5.72 3.71 8.59 3.24 2.16 3.49 5.31 5.94 3.16 5.95 5.86 0.00 0.00 3.40 4.05 5.71 4.68 5.75 3.51 3.68 7611833
5.44 2.93 3.85 2.67 4.16 5.03 2.61 2.46 2.89 2.48 3.43 5.44 3.57 2.55 6.44 7.85 2.04 3.06 3.80 9.10 4.57 5.76 3.74 4.09 0.00 2.76 2.25 5.65 3.43 5.82 3.84 3.60 7624923
2.03 3.53 4.07 2.81 5.98 2.20 3.05 4.77 2.54 2.26 2.63 2.63 2.89 3.02 7.86 2.64 2.06 2.97 2.53 7.20 2.82 0.00 2.96 3.32 0.00 3.05 3.11 5.74 5.87 3.57 3.79 3.70 7638013
2.03 3.49 2.73 2.39 2.60 2.57 2.34 2.71 2.47 2.56 4.78 3.52 2.37 2.68 4.03 2.23 3.00 3.91 2.53 7.00 3.83 0.00 2.27 3.35 0.00 3.27 3.87 5.58 3.44 2.52 3.70 3.05 7651103
2.10 2.66 3.50 2.36 2.79 2.61 2.78 2.41 2.61 2.28 2.72 3.39 2.54 2.59 5.19 2.85 2.55 3.06 2.42 3.12 2.95 5.06 2.59 2.27 0.00 3.44 2.24 3.69 2.99 2.88 2.24 3.95 7664193
2.44 2.67 2.23 2.21 2.82 2.39 2.42 3.74 2.62 2.27 2.72 3.07 2.61 3.59 2.99 3.11 2.04 3.08 2.87 3.34 3.48 5.07 2.16 3.02 0.00 2.76 2.76 3.57 2.42 4.54 3.28 3.30 7677283
2.40 3.20 2.47 2.59 2.98 2.41 2.39 2.16 2.44 2.59 2.60 2.29 2.30 2.45 5.11 2.92 2.08 2.85 2.95 4.31 3.39 5.02 2.52 2.66 0.00 3.10 2.91 5.65 2.49 3.15 2.31 3.10 7690373
2.42 2.45 2.72 2.21 2.97 2.15 2.58 3.26 2.89 2.25 2.38 2.15 2.62 2.60 3.09 2.54 2.35 2.99 2.33 2.41 2.35 2.38 2.33 2.57 0.00 3.38 3.25 4.58 5.41 2.26 2.87 0.00 7703463
2.40 2.46 2.53 2.38 2.94 2.78 2.90 2.60 2.33 2.81 2.52 2.38 2.66 2.48 2.62 3.02 2.08 2.57 2.45 3.04 2.49 0.00 2.37 2.63 0.00 3.52 2.83 0.00 2.44 2.96 2.64 3.99 7716553
2.24 2.88 2.25 2.48 2.99 3.06 2.37 2.99 3.05 2.42 2.67 3.91 2.43 2.60 2.59 3.31 2.12 3.09 2.48 3.95 2.58 5.02 2.51 2.88 0.00 2.22 3.10 0.00 2.95 2.56 2.60 3.92 7729643
2.46 2.71 2.43 2.50 2.32 2.22 2.77 2.48 2.80 2.53 2.21 2.46 2.31 2.32 2.39 2.37 2.40 2.23 3.25 2.38 2.72 0.00 2.57 2.27 0.00 2.76 2.58 0.00 2.99 2.61 2.91 2.67 7742733
2.44 3.11 2.21 2.44 2.90 2.11 2.44 2.36 2.88 2.35 2.32 2.84 2.62 2.34 3.08 3.07 2.16 3.05 2.54 2.99 2.79 3.13 2.36 0.00 0.00 3.29 3.62 3.33 2.52 2.94 2.44 2.28 7755823
2.20 2.32 2.10 2.38 3.27 2.43 2.99 2.62 3.03 3.05 3.00 2.85 2.55 2.34 3.01 2.48 2.08 2.14 2.31 2.73 2.32 2.90 2.37 2.36 0.00 2.99 2.42 2.60 3.02 2.48 2.48 2.53 7768913
2.75 2.06 2.27 2.92 2.41 2.47 2.23 2.98 2.19 2.16 2.33 2.65 2.15 2.52 2.27 2.44 2.40 3.12 2.74 2.56 2.56 2.47 2.36 3.03 0.00 2.93 2.11 2.49 2.43 2.41 2.81 2.15 7782003
2.39 2.37 2.02 2.70 3.27 2.48 2.43 2.55 2.26 2.23 2.66 2.75 2.09 2.62 2.50 2.31 2.15 3.17 2.38 2.46 2.37 2.84 2.52 2.55 0.00 2.52 2.50 2.75 2.36 2.97 2.42 3.37 7795093
2.01 2.51 2.13 2.63 2.64 2.22 2.20 2.19 2.37 2.39 2.76 2.29 2.13 2.37 2.61 2.21 2.20 2.27 2.75 2.90 2.61 2.23 2.86 2.38 0.00 2.35 2.33 2.26 2.51 2.46 2.69 2.66 7808183
2.96 2.22 2.49 2.56 2.82 2.30 2.47 2.92 2.12 2.37 2.16 3.06 2.42 2.67 2.19 2.08 2.29 2.71 2.65 2.29 2.38 2.80 2.30 2.49 0.00 2.92 2.12 2.17 3.26 2.35 2.25 2.93 7821273
2.16 2.60 3.18 2.28 2.61 2.15 2.35 2.40 2.88 3.06 3.37 3.49 3.95 2.89 2.58 2.19 2.26 2.20 2.20 2.72 2.61 2.66 2.73 2.70 0.00 2.47 2.68 2.14 2.38 2.98 2.28 2.59 7834363
3.04 2.12 3.38 2.80 2.32 2.59 2.14 2.50 2.59 2.30 2.87 2.52 2.33 2.35 2.49 2.07 2.14 2.23 2.57 2.34 2.85 0.00 2.60 2.33 0.00 0.00 2.14 3.50 2.45 2.61 2.47 2.47 7847453
2.89 2.24 2.52 2.94 2.46 2.33 2.83 2.33 2.30 2.71 3.50 3.15 2.20 2.29 2.36 3.02 2.10 2.49 2.49 2.65 2.45 2.34 2.61 2.64 0.00 2.18 2.48 0.00 2.32 2.81 2.85 2.60 7860543
2.04 2.42 2.31 2.51 2.71 2.52 2.36 2.42 2.28 2.39 2.42 2.03 2.71 2.74 2.43 2.65 2.87 3.21 2.59 2.77 2.33 2.71 2.55 2.42 0.00 3.27 3.04 0.00 2.75 3.55 2.55 2.65 7873633
2.55 2.44 2.39 2.66 2.62 2.22 2.43 2.29 2.69 2.65 2.26 3.68 2.71 2.86 2.43 2.47 2.27 2.76 2.48 2.56 2.23 3.39 2.44 2.16 0.00 3.79 2.21 0.00 2.27 2.91 2.34 4.65 7886723
2.24 2.44 2.26 2.43 2.56 3.03 2.69 2.56 2.52 2.34 2.80 2.80 2.51 2.76 2.51 2.46 2.08 2.77 2.85 2.47 2.23 0.00 2.12 2.06 0.00 2.10 2.51 0.00 2.24 2.08 2.21 2.44 7899813
3.36 2.93 2.35 2.47 3.21 2.18 2.11 2.50 2.39 2.26 3.23 3.58 2.37 2.41 2.30 2.47 2.63 2.59 2.93 2.85 3.13 0.00 2.37 2.27 0.00 3.21 2.19 0.00 2.34 2.29 2.32 3.24 7912903
2.46 2.39 2.66 2.53 2.47 2.17 2.75 2.47 2.21 2.43 2.42 2.45 2.34 3.02 2.35 2.60 2.18 2.97 2.14 2.76 2.77 2.02 2.91 2.10 0.00 2.86 2.49 3.72 2.97 2.43 2.56 2.29 7925993
2.21 2.57 2.69 2.30 2.32 3.36 2.48 2.60 2.26 2.66 2.30 2.95 2.42 2.53 3.16 3.23 2.21 2.27 2.49 2.41 2.45 2.46 2.36 3.17 0.00 2.67 3.05 2.42 4.11 2.61 2.21 2.59 7939083
2.61 2.85 2.67 2.39 2.38 2.32 2.45 2.30 2.64 2.42 2.42 3.16 2.48 2.29 2.38 2.65 2.41 3.31 2.21 4.75 2.59 0.00 2.49 2.31 0.00 3.51 2.99 2.61 2.61 2.65 2.89 2.94 7952173
3.26 2.30 2.57 2.27 2.38 2.72 2.58 2.18 2.40 2.24 4.36 2.67 2.59 2.39 3.07 2.43 2.14 2.29 2.34 3.78 2.35 0.00 2.77 2.19 0.00 2.92 2.48 2.35 2.71 2.12 2.24 3.18 7965263
2.43 2.43 2.78 2.28 2.37 2.34 2.25 2.79 2.72 2.44 2.34 0.00 2.38 2.43 2.50 2.40 2.44 3.00 2.28 2.59 2.22 2.66 2.19 2.45 0.00 3.52 2.69 2.69 2.87 3.15 2.77 2.23 7978353
2.26 2.54 2.91 2.39 4.48 2.66 2.43 2.70 2.39 2.49 2.23 2.36 2.51 3.21 2.20 2.52 2.51 2.29 2.44 2.06 3.02 2.16 2.30 2.40 0.00 3.20 2.78 2.31 2.27 3.09 3.67 2.61 7991443
2.23 2.55 2.41 2.39 3.14 2.41 2.42 2.56 2.56 2.76 2.16 2.30 2.87 2.14 2.36 3.53 2.29 2.52 2.43 3.71 2.61 2.77 2.46 2.75 0.00 3.54 2.23 2.29 2.81 2.81 2.67 2.73 8004533
2.77 2.38 2.33 2.66 2.53 2.49 2.77 2.63 2.69 2.89 2.89 2.80 2.56 2.16 2.70 2.54 2.32 2.59 3.01 2.11 2.82 0.00 2.34 3.00 0.00 3.38 3.02 2.81 2.32 3.00 2.80 2.90 8017623
2.77 2.21 2.85 2.50 3.78 2.52 2.74 2.66 2.70 2.32 2.23 2.76 2.74 2.51 2.39 2.82 2.10 2.88 3.47 2.54 2.20 2.55 2.59 2.37 0.00 2.99 2.35 2.61 2.15 2.36 2.69 3.06 8030713
2.31 2.46 2.90 2.82 2.78 3.13 2.98 2.59 2.43 2.44 2.29 2.43 2.38 3.06 7.74 2.48 2.23 2.37 2.23 0.00 2.14 2.45 2.65 0.00 0.00 3.51 2.51 2.51 2.83 3.02 2.51 3.33 8043803
3.70 2.64 2.51 2.66 2.68 2.71 2.29 2.19 2.50 2.51 2.46 2.52 2.36 2.67 2.96 2.31 2.19 3.06 2.79 2.37 2.63 2.49 2.21 2.62 0.00 3.52 2.20 3.34 4.02 2.16 2.10 3.57 8056893
2.04 2.57 2.49 2.60 2.90 2.30 2.42 2.39 2.71 2.26 2.18 2.96 2.83 2.39 3.63 2.70 2.07 3.28 2.65 2.37 2.29 2.59 2.85 2.16 0.00 3.37 2.28 3.58 2.52 2.59 2.70 2.97 8069983
3.15 2.26 2.34 2.49 4.75 2.40 2.59 2.76 2.41 2.16 3.93 2.15 2.64 3.24 2.41 2.30 2.10 3.03 2.28 3.49 2.66 0.00 2.26 2.17 0.00 2.96 3.62 2.23 3.38 2.92 2.16 3.00 8083073
2.09 3.28 2.63 2.39 3.04 2.19 2.58 2.62 2.45 2.40 2.62 3.70 2.23 3.05 2.30 2.19 2.17 2.40 2.41 2.74 2.55 0.00 2.22 2.27 0.00 3.21 2.62 2.38 2.35 4.03 2.57 2.44 8096163
4.02 2.20 3.91 2.43 2.57 3.20 2.73 3.50 2.86 2.31 3.64 6.72 4.09 2.87 2.63 2.87 2.59 2.40 2.22 2.68 2.29 0.00 2.38 2.35 0.00 3.31 2.67 2.95 2.31 3.44 2.55 4.11 8109253
2.17 2.41 2.68 2.39 4.06 2.92 2.72 2.81 2.46 2.43 3.31 2.63 3.93 2.76 5.41 2.24 2.34 3.56 4.44 3.44 2.34 0.00 3.18 2.32 0.00 3.20 2.78 2.91 2.33 3.31 3.05 3.94 8122343
2.22 2.71 2.24 2.51 4.15 2.31 2.59 4.04 3.99 2.46 2.71 3.89 2.96 2.43 2.07 2.78 2.97 2.62 2.70 2.59 2.62 5.08 2.53 2.13 0.00 3.41 3.27 3.18 2.82 3.08 2.95 3.50 8135433
2.71 3.00 3.61 2.13 5.08 2.18 2.49 3.85 2.32 2.46 2.32 3.26 3.50 2.77 2.67 2.49 2.10 2.53 2.39 3.46 3.25 2.38 2.51 2.11 0.00 2.90 2.97 2.84 2.70 2.60 2.41 4.00 8148523
3.05 2.32 3.26 2.18 3.68 2.80 2.99 2.77 2.35 2.41 3.25 2.46 4.35 2.27 3.55 2.35 2.16 2.96 3.80 2.83 2.35 0.00 2.75 2.16 0.00 3.24 3.60 2.24 2.50 2.41 2.23 3.63 8161613
3.90 2.53 3.18 2.31 4.59 2.59 2.68 2.63 2.95 2.34 2.37 7.01 3.31 4.27 2.76 2.88 2.03 2.97 2.91 0.00 2.86 0.00 3.24 2.46 0.00 2.84 2.82 4.40 2.17 3.41 4.12 2.95 8174703
3.56 2.46 4.95 2.38 4.75 3.39 2.15 4.23 2.72 2.47 3.43 4.98 5.06 3.23 7.72 2.40 2.24 2.44 2.33 2.43 3.22 0.00 2.40 2.35 0.00 2.67 3.48 4.44 3.13 3.65 3.24 3.79 8187793
4.84 3.32 4.39 2.41 2.78 4.43 2.91 3.86 2.56 2.37 4.37 6.80 3.06 2.10 7.87 8.02 2.12 3.58 2.83 2.46 2.88 4.97 2.69 3.37 0.00 3.30 3.48 4.44 3.17 3.26 3.41 3.79 8200883
3.34 3.17 4.63 2.72 3.94 2.54 2.91 3.52 2.10 2.48 2.66 3.31 3.86 2.63 7.17 2.23 2.14 3.47 4.02 2.84 2.05 3.74 3.03 2.48 0.00 3.13 3.00 4.23 2.35 2.33 3.02 3.92 8213973
5.02 3.56 5.05 2.42 4.00 3.27 3.11 3.90 2.80 3.03 4.00 6.39 5.53 2.81 7.55 3.89 2.57 3.51 2.81 6.44 2.91 3.71 3.19 2.66 0.00 3.48 2.82 4.19 5.54 6.85 3.56 3.84 8227063
5.94 3.33 3.90 2.44 4.73 3.55 3.15 4.06 3.20 2.45 2.40 3.47 5.48 3.17 8.08 0.00 2.04 2.78 5.84 9.00 3.38 4.96 4.47 4.02 0.00 3.51 3.71 2.64 2.63 2.78 3.60 3.77 8240153
5.49 2.98 5.13 2.45 4.67 2.87 2.73 4.27 2.58 3.73 5.36 5.29 5.74 3.29 7.55 2.70 2.16 3.31 3.63 6.12 2.64 4.89 2.60 3.21 0.00 3.42 3.85 2.68 2.53 3.02 3.58 3.73 8253243
5.57 3.62 5.02 3.43 4.85 4.64 2.90 4.35 2.80 2.18 5.17 6.66 4.95 5.46 7.45 7.82 0.00 3.60 6.71 9.07 2.68 4.97 2.33 3.85 0.00 3.48 3.72 3.97 5.80 7.54 3.77 3.75 8266333
5.32 3.52 4.85 2.42 4.99 5.03 2.45 3.58 3.98 2.47 6.23 4.61 5.10 3.30 7.26 4.00 2.14 3.65 3.56 8.92 4.56 0.00 2.89 4.58 0.00 3.44 3.65 3.96 4.57 6.77 3.55 3.83 8279423
5.31 3.23 4.88 3.49 5.00 4.27 3.69 3.84 4.99 3.90 6.40 6.81 5.56 2.91 7.19 7.36 2.28 2.88 6.38 9.68 3.82 4.81 2.31 0.00 0.00 3.55 3.45 4.66 2.98 2.61 3.68 3.84 8292513
5.80 3.50 0.00 2.90 5.00 4.11 3.10 4.43 2.13 4.04 4.02 5.53 5.08 4.43 7.25 7.87 2.13 3.67 5.33 8.98 4.08 0.00 4.15 5.09 0.00 3.63 3.92 4.12 2.73 6.93 3.70 3.53 8305603
5.39 3.45 5.28 2.72 5.02 4.24 3.17 4.61 5.17 3.73 6.48 6.37 5.24 5.94 7.13 7.70 2.22 3.84 6.53 9.01 4.65 0.00 3.73 4.61 0.00 3.78 2.99 4.05 5.34 3.71 3.53 3.81 8318693
5.41 3.53 5.13 2.92 5.01 5.14 3.22 4.40 0.00 2.94 6.46 6.44 5.21 5.07 7.29 7.73 2.11 3.60 6.50 8.99 4.43 0.00 0.00 4.21 0.00 3.35 3.76 4.10 5.77 6.97 4.02 4.17 8331783
5.16 3.61 5.22 2.88 5.07 5.14 3.18 4.44 5.16 3.10 6.39 6.31 5.37 5.38 7.30 7.92 2.17 3.66 6.48 8.98 4.26 0.00 6.51 5.24 0.00 3.37 3.78 0.00 5.88 6.90 4.03 3.77 8344873
0.00 3.58 5.27 2.50 5.09 5.17 3.02 4.55 5.18 6.86 6.36 6.33 5.14 6.02 7.30 8.34 2.11 3.51 0.00 9.02 4.10 4.55 0.00 0.00 0.00 3.34 3.81 4.03 4.95 6.83 3.54 3.84 8357963
0.00 3.62 4.86 3.31 5.13 5.15 3.16 4.56 4.41 4.80 6.46 6.40 5.49 5.86 7.19 0.00 2.09 3.53 6.38 8.95 4.28 4.64 0.00 4.47 0.00 3.36 3.80 3.98 5.76 6.94 3.65 3.92 8371053
4.89 3.67 4.96 2.82 5.11 5.16 3.22 3.65 5.19 3.82 6.49 6.98 3.87 5.89 6.92 7.74 2.23 3.62 6.58 8.96 4.16 4.79 3.42 4.24 0.00 3.38 3.81 4.33 5.69 6.85 3.63 3.96 8384143
4.91 3.62 5.02 3.04 5.11 5.31 3.07 4.71 4.63 6.81 6.44 6.37 5.56 5.50 6.75 7.77 2.07 3.47 6.42 9.16 4.14 4.48 6.49 4.62 0.00 3.47 3.82 3.95 5.73 6.87 3.61 3.84 8397233
5.21 3.47 4.94 3.35 5.14 5.16 3.15 5.03 0.00 4.53 7.20 6.28 5.49 5.37 6.96 7.91 2.21 3.47 6.55 9.03 3.70 4.62 7.75 4.62 0.00 3.34 3.85 0.00 5.65 6.85 3.68 3.90 8410323
4.61 3.58 5.05 2.75 5.22 5.31 2.59 4.02 3.48 5.89 6.24 6.19 5.28 5.45 6.67 7.96 2.13 3.62 6.37 9.00 3.73 4.18 2.81 4.46 0.00 3.32 3.86 4.01 5.76 6.95 3.57 3.86 8423413
4.46 3.57 5.50 2.05 5.29 5.24 2.91 4.19 5.16 3.20 4.65 0.00 5.48 5.44 6.73 7.95 2.08 3.28 6.51 8.96 3.69 3.97 4.26 0.00 0.00 3.28 3.78 4.10 5.78 6.91 3.70 3.83 8436503
4.49 3.59 5.24 2.67 5.20 5.26 2.95 5.17 3.24 3.67 6.13 6.23 4.93 4.98 6.49 8.25 2.11 3.23 6.49 8.94 3.82 4.06 3.77 0.00 0.00 3.50 3.82 4.01 5.82 7.01 3.56 3.85 8449593
4.56 3.50 4.98 0.00 5.19 5.15 3.20 5.63 2.97 5.55 6.80 6.68 5.30 5.23 6.70 7.74 2.11 3.50 6.32 8.96 2.07 4.38 3.85 4.65 0.00 0.00 3.88 4.00 5.86 6.71 3.42 4.02 8462683
4.63 3.52 5.12 3.40 5.22 5.20 3.03 0.00 4.81 3.17 5.77 6.61 4.68 5.09 6.33 7.83 2.10 3.39 6.48 9.03 3.62 4.02 7.80 3.94 0.00 3.31 3.89 4.62 5.96 6.97 3.57 3.90 8475773
4.36 3.65 5.16 3.35 5.15 5.03 3.29 5.78 3.15 3.16 6.86 6.19 5.06 4.76 6.03 7.83 2.46 3.55 6.07 9.04 3.76 3.94 7.70 3.95 0.00 3.33 3.84 4.34 5.78 7.16 3.50 3.82 8488863
4.42 3.61 5.11 0.00 5.24 5.15 3.20 5.38 2.68 4.91 4.67 5.74 4.50 2.30 6.54 7.31 2.09 3.35 5.86 8.98 3.69 4.06 5.94 2.45 0.00 3.35 3.84 3.94 5.72 6.93 3.51 3.85 8501953
4.51 3.54 4.89 3.27 5.19 5.17 3.23 0.00 3.01 2.74 4.48 6.04 3.67 4.32 5.85 7.32 2.06 3.42 6.39 9.03 3.63 3.93 4.05 2.68 0.00 3.37 3.84 4.05 5.70 7.08 3.51 3.78 8515043
4.53 3.50 5.14 3.00 6.00 5.14 3.25 5.37 2.47 2.38 5.33 5.94 4.35 4.91 5.84 6.98 2.09 3.40 6.21 0.00 3.52 4.18 0.00 4.68 0.00 3.49 3.88 3.80 5.72 6.99 3.60 3.82 8528133
4.54 3.48 5.26 3.26 5.36 5.07 2.92 0.00 4.26 4.75 5.99 5.93 4.45 5.33 5.86 6.59 2.13 3.41 6.43 9.21 3.66 3.01 3.69 5.51 0.00 3.90 3.83 4.46 6.15 6.98 3.62 3.96 8541223
4.55 3.65 5.21 2.97 5.38 5.19 3.16 0.00 3.08 4.07 4.23 5.82 4.60 3.00 5.99 6.32 2.18 3.55 6.22 9.08 3.49 3.83 6.44 4.33 0.00 3.63 3.87 4.36 5.78 7.37 3.64 4.17 8554313
4.77 3.68 5.25 2.50 5.84 5.21 3.42 0.00 5.16 4.82 5.80 5.89 4.61 4.49 6.38 6.69 2.40 3.45 6.24 8.98 3.60 3.82 0.00 4.36 0.00 3.38 3.87 3.97 5.51 7.20 3.64 3.90 8567403
4.92 3.60 5.61 0.00 5.58 5.28 3.18 0.00 0.00 4.42 5.96 6.28 4.54 4.07 6.59 6.43 2.20 3.44 6.20 9.09 3.36 3.72 2.90 5.03 0.00 3.34 3.82 4.02 4.38 7.31 3.58 3.94 8580493
4.73 3.61 5.06 2.95 5.66 5.28 3.31 5.18 3.61 5.40 4.87 6.14 4.64 5.04 6.59 6.33 2.12 3.73 6.70 8.98 3.10 3.81 2.66 4.02 0.00 3.40 3.84 3.95 5.97 7.22 3.47 3.98 8593583
4.84 3.56 5.14 2.85 5.59 5.35 2.95 5.57 5.16 4.15 5.87 5.63 4.75 4.48 6.59 6.25 0.00 3.72 6.29 9.02 3.39 3.89 2.68 4.39 0.00 3.31 3.87 4.13 5.72 7.01 3.45 3.94 8606673
4.85 3.51 5.87 2.88 5.67 5.38 3.06 0.00 5.27 4.88 5.45 5.60 4.73 4.94 6.56 6.34 2.17 3.22 6.28 9.04 3.42 4.32 0.00 5.46 0.00 3.34 3.83 4.06 5.91 7.10 3.54 4.18 8619763
4.79 3.66 5.18 2.59 6.09 5.39 3.27 5.61 3.64 3.75 4.95 5.61 4.74 5.12 6.63 6.19 0.00 3.70 6.46 8.98 3.22 0.00 0.00 5.48 0.00 3.67 3.89 4.26 5.79 7.59 3.48 3.96 8632853
4.83 3.58 5.12 2.68 5.78 5.36 3.29 0.00 5.12 5.60 5.33 5.54 4.78 5.21 6.90 6.40 3.04 3.56 6.23 9.68 3.23 4.03 0.00 3.83 0.00 3.30 3.89 4.27 5.84 7.16 3.44 3.95 8645943
4.69 3.46 5.83 2.50 5.74 5.36 3.21 5.42 5.14 4.85 5.60 5.54 4.69 5.31 6.57 6.35 2.76 3.43 5.94 8.95 3.33 4.47 0.00 4.94 0.00 3.27 3.84 3.90 5.70 7.38 3.40 3.99 8659033
4.79 3.65 5.43 3.17 5.74 5.55 3.21 0.00 5.26 5.67 5.88 6.32 5.25 5.37 6.59 6.44 2.82 3.51 6.26 8.98 3.38 3.87 4.03 4.40 0.00 3.32 3.92 4.01 5.70 7.18 3.43 4.10 8672123
4.75 3.56 5.72 3.52 5.75 5.38 3.27 0.00 0.00 5.55 5.83 5.61 5.08 5.34 6.66 6.45 2.86 3.57 6.41 8.98 3.10 3.79 0.00 0.00 0.00 3.52 3.90 4.56 5.83 7.22 3.39 4.01 8685213
4.69 3.57 5.25 0.00 5.76 5.39 3.22 0.00 5.19 5.85 5.48 5.69 4.89 5.34 6.70 6.50 2.20 3.94 6.10 8.97 3.07 3.73 0.00 4.52 0.00 3.30 3.90 4.38 5.94 7.08 3.40 4.01 8698303
4.86 3.69 5.22 0.00 5.99 5.48 3.26 5.64 5.77 5.93 5.77 5.84 4.98 5.37 6.63 6.60 2.15 3.52 6.36 9.01 3.09 3.77 0.00 4.80 0.00 3.31 3.96 4.09 5.86 7.03 3.40 3.87 8711393
4.80 3.59 5.15 0.00 5.77 5.47 3.26 0.00 5.24 6.07 6.04 5.94 4.84 5.44 5.03 6.75 2.01 3.69 6.59 8.98 3.08 3.84 0.00 4.32 0.00 3.33 3.89 3.73 5.88 7.06 3.41 3.96 8724483
4.78 3.57 5.30 0.00 5.88 5.41 3.43 0.00 5.21 5.98 5.76 5.72 4.94 5.51 6.63 6.72 2.93 3.44 6.73 9.04 2.94 4.19 8.58 4.43 0.00 3.49 3.92 3.97 5.91 7.47 3.38 4.46 8737573
4.78 3.52 5.44 0.00 5.89 5.41 3.32 0.00 5.20 5.92 5.63 6.08 4.96 5.42 6.66 6.78 0.00 3.49 6.51 9.01 2.92 3.94 0.00 0.00 0.00 3.47 3.89 4.06 5.82 7.06 3.38 3.95 8750663
4.82 3.51 5.19 0.00 5.80 5.43 0.00 0.00 5.01 5.29 5.67 5.49 5.04 5.48 6.69 6.83 2.07 3.75 6.38 9.50 2.99 3.96 0.00 5.25 0.00 3.47 3.86 4.10 5.74 7.10 3.59 3.95 8763753
4.94 3.61 5.25 3.07 5.77 5.50 3.33 0.00 5.16 2.52 5.54 0.00 4.99 4.58 6.78 7.03 2.02 3.58 6.33 9.01 2.94 3.71 0.00 4.62 0.00 3.41 3.87 3.81 5.85 7.05 3.33 3.89 8776843
5.32 3.60 5.25 2.94 5.70 5.43 3.49 0.00 5.40 4.44 5.72 5.59 5.04 5.49 6.70 6.94 2.07 3.84 6.35 9.01 2.96 3.84 0.00 5.09 0.00 3.54 3.88 4.17 5.81 7.93 3.41 3.80 8789933
5.10 3.54 4.99 3.11 5.81 5.90 3.74 5.59 5.26 5.37 5.53 5.67 5.07 5.55 6.76 6.91 0.00 3.67 6.37 9.01 2.96 3.75 0.00 4.06 0.00 3.43 3.86 4.42 5.81 7.12 3.45 3.88 8803023
5.18 3.64 5.33 2.85 6.08 5.41 3.68 5.51 5.35 5.26 5.44 5.76 4.95 5.59 6.93 7.00 2.05 3.50 6.32 9.40 3.05 3.77 8.78 4.97 0.00 3.47 3.88 3.67 5.91 7.26 3.54 4.09 8816113
5.13 3.53 5.22 2.67 5.75 5.44 3.70 0.00 5.30 5.24 5.22 5.64 5.16 5.44 6.96 7.18 0.00 3.66 6.50 0.00 2.84 0.00 9.00 4.52 0.00 3.51 3.85 0.00 5.77 7.08 3.42 3.91 8829203
5.12 3.50 5.26 2.50 5.87 5.35 3.26 5.29 5.39 5.16 5.45 5.48 5.10 5.54 7.02 7.15 2.71 3.56 6.51 9.01 2.99 3.98 0.00 4.25 0.00 3.49 3.86 3.79 5.84 7.12 3.41 3.85 8842293
5.03 3.60 5.11 2.95 5.77 5.39 0.00 0.00 2.84 2.71 5.23 5.46 5.41 5.67 7.08 7.50 2.10 3.63 6.50 9.01 2.94 3.82 6.49 5.00 0.00 3.49 3.87 3.75 5.78 7.43 3.45 3.89 8855383
5.06 3.59 5.11 3.07 6.36 5.36 3.21 5.61 3.71 5.04 5.27 5.53 4.76 5.59 6.88 7.63 2.14 3.73 6.90 9.04 2.70 3.74 9.98 4.56 0.00 3.40 3.86 4.09 5.86 7.26 3.49 3.91 8868473
4.97 3.62 5.20 2.72 6.00 5.36 0.00 5.44 5.23 4.93 5.19 5.42 4.83 5.29 5.86 7.27 2.55 3.69 6.67 9.72 2.93 3.76 0.00 4.37 0.00 0.00 3.89 3.79 5.86 7.18 3.38 3.99 8881563
5.09 3.49 5.13 2.77 5.81 5.44 0.00 5.24 3.56 4.51 5.01 5.02 5.03 5.45 6.19 7.22 2.25 3.69 6.16 0.00 3.02 4.21 0.00 4.42 0.00 3.46 3.87 4.25 5.86 7.15 3.46 3.94 8894653
5.17 3.61 5.34 2.95 5.85 5.55 3.15 5.28 2.69 4.48 4.86 5.15 4.77 5.03 6.56 6.73 2.07 3.73 6.75 0.00 3.16 3.91 4.02 4.00 0.00 3.97 3.86 4.12 6.02 7.68 3.47 3.99 8907743
5.19 3.51 5.26 2.82 5.94 5.49 3.43 5.32 5.16 3.31 4.69 5.03 5.23 3.94 6.51 4.61 0.00 3.78 6.58 0.00 3.12 4.26 3.35 4.13 0.00 3.41 3.90 4.41 5.81 7.41 3.44 3.93 8920833
5.39 3.47 5.29 2.51 5.99 5.52 2.22 5.12 5.16 3.01 4.70 4.76 4.75 4.49 6.62 7.30 2.02 3.53 6.83 9.00 3.37 3.92 0.00 4.72 0.00 3.55 3.87 3.91 5.99 7.20 3.48 3.93 8933923
5.75 3.53 4.68 2.61 6.02 5.52 2.62 4.21 5.04 3.67 4.62 4.84 4.49 5.37 6.29 6.75 0.00 3.68 6.25 8.97 3.09 4.10 3.20 4.45 0.00 3.43 3.91 3.96 5.97 7.25 3.54 3.89 8947013
5.40 3.55 3.82 2.99 6.12 5.60 3.30 4.93 3.84 2.50 4.42 4.73 4.29 4.70 6.26 5.74 2.55 3.67 6.26 8.98 3.07 4.30 9.20 4.52 0.00 3.39 3.94 4.21 6.02 7.37 3.54 3.89 8960103
5.54 3.63 5.02 2.89 6.04 5.78 3.35 4.84 4.85 2.88 4.38 4.39 4.20 4.70 5.95 5.87 2.73 3.79 6.29 8.96 3.20 4.26 4.15 4.73 0.00 3.51 3.92 3.95 5.35 7.25 3.55 3.90 8973193
5.48 3.61 5.49 2.40 6.04 5.87 3.26 4.38 3.87 2.47 3.82 4.28 4.01 3.78 5.76 5.59 0.00 3.68 6.23 8.98 3.13 4.13 3.95 5.31 0.00 3.41 3.87 4.01 5.95 7.46 3.51 3.88 8986283
5.60 3.62 5.33 2.88 6.11 5.89 0.00 4.57 3.89 2.85 4.45 4.19 3.82 3.98 5.27 5.61 0.00 3.79 6.58 9.03 3.48 4.09 5.30 3.55 0.00 3.31 3.89 3.97 5.92 7.33 3.51 4.12 8999373
5.81 3.08 5.11 2.13 5.95 6.03 0.00 4.51 3.58 3.32 4.35 4.12 3.13 4.02 5.20 5.40 2.06 3.85 6.38 8.95 3.36 4.11 3.47 2.80 0.00 3.87 3.89 3.85 6.25 7.29 3.55 4.00 9012463
5.79 3.54 5.02 2.92 6.44 6.17 2.09 3.52 3.24 3.19 4.55 4.14 3.32 4.35 5.15 5.18 2.77 3.71 6.14 8.98 3.42 4.25 0.00 4.77 0.00 3.70 3.89 3.83 5.96 7.40 3.55 4.02 9025553
5.81 3.04 5.01 3.05 6.00 2.79 3.11 4.19 4.21 3.93 4.49 4.30 3.79 2.84 5.50 4.80 0.00 4.02 3.65 0.00 3.60 4.26 6.05 3.83 0.00 4.01 3.89 3.78 6.10 7.43 3.66 3.96 9038643
5.69 3.64 4.99 2.73 5.85 6.47 3.80 4.30 2.44 3.51 4.25 4.24 3.63 3.52 5.22 5.24 0.00 4.00 6.32 9.01 3.45 4.59 3.18 2.15 0.00 3.50 3.91 3.82 6.15 7.67 3.56 4.05 9051733
5.82 3.50 5.02 2.73 5.62 6.18 3.40 4.40 3.98 3.80 4.48 4.72 3.64 4.84 5.47 5.42 2.81 3.69 6.50 9.01 3.37 4.28 9.79 3.56 0.00 3.38 3.89 4.00 6.13 7.53 3.72 4.06 9064823
0.00 3.43 5.21 2.64 5.97 6.96 0.00 4.28 3.78 2.42 4.51 4.26 3.75 5.02 5.57 5.67 2.14 3.51 6.24 6.84 3.58 4.35 2.47 3.04 0.00 3.43 3.90 4.26 5.66 7.56 3.66 4.01 9077913
6.03 3.51 5.00 2.70 6.03 7.36 2.37 4.24 3.51 3.02 4.57 4.31 3.83 3.74 5.76 5.60 2.03 3.79 4.50 8.99 3.55 4.27 2.75 4.17 0.00 3.49 3.91 3.97 6.19 7.55 3.65 3.99 9091003
5.70 3.54 5.00 2.51 5.93 7.16 3.23 4.40 3.92 3.16 4.63 4.39 3.95 4.82 5.62 6.00 2.75 3.75 3.55 8.87 3.53 4.31 2.91 3.92 0.00 3.53 3.91 3.29 6.10 8.07 3.62 3.97 9104093
0.00 3.59 4.94 2.52 5.98 7.31 3.16 4.00 3.78 3.05 3.76 4.44 3.52 4.80 5.79 6.41 2.49 3.56 5.40 9.03 3.51 4.73 2.72 4.11 0.00 3.43 3.88 3.85 5.02 7.61 3.69 4.04 9117183
6.03 3.59 4.93 2.79 6.26 6.15 3.65 4.27 2.88 3.25 4.62 4.52 3.49 4.29 5.87 6.38 2.12 3.60 4.76 9.17 3.39 4.37 5.35 3.78 0.00 0.00 3.77 3.56 6.24 7.71 3.65 4.09 9130273
0.00 3.60 5.21 2.59 6.35 5.71 3.47 4.19 3.71 2.62 4.74 4.48 4.13 5.40 6.06 6.61 0.00 3.24 7.01 8.98 3.68 4.62 4.12 3.86 0.00 3.48 3.87 4.02 6.52 7.77 3.87 4.13 9143363
5.94 3.65 5.00 2.97 6.26 4.06 3.31 4.11 3.62 2.41 4.79 4.53 4.15 3.23 6.06 6.84 2.03 3.68 6.14 9.71 3.79 4.32 5.97 3.81 0.00 3.84 3.93 4.52 6.51 8.39 3.69 4.14 9156453
5.98 3.49 4.86 2.57 4.77 6.18 3.22 4.86 3.72 3.35 4.87 4.67 4.33 2.21 6.20 7.05 2.06 3.49 3.30 8.94 3.71 4.45 5.86 0.00 0.00 3.42 3.90 4.22 4.34 7.84 3.75 4.19 9169543
0.00 3.57 5.00 2.34 6.00 6.19 3.18 3.67 3.29 3.09 4.77 4.85 4.26 3.02 6.56 5.52 2.09 3.73 5.27 8.90 3.79 4.52 6.12 4.04 0.00 3.35 3.88 4.78 6.69 8.40 3.80 4.27 9182633
2.25 3.56 5.01 2.87 6.27 5.17 3.24 4.17 3.12 3.00 4.98 4.79 4.80 4.61 6.46 6.48 2.28 3.67 6.12 8.99 3.75 4.39 4.47 4.20 0.00 3.36 4.35 4.21 6.34 7.80 3.80 4.29 9195723
0.00 3.13 4.94 2.88 6.56 6.50 3.57 4.56 3.51 2.41 4.93 4.93 4.56 4.90 6.63 7.35 2.11 3.67 5.40 8.89 3.75 4.83 3.78 0.00 0.00 3.39 3.84 4.23 6.27 0.00 3.95 4.22 9208813
0.00 3.69 5.09 2.32 6.24 5.59 3.44 2.64 3.59 3.08 5.03 5.05 4.64 4.81 6.65 7.85 2.12 3.80 5.92 8.88 3.78 4.43 2.98 4.30 0.00 3.91 3.74 4.20 6.27 7.85 3.81 4.27 9221903
0.00 3.70 4.92 2.59 5.84 5.76 3.11 4.09 3.71 2.35 4.72 4.91 4.73 2.47 6.74 7.58 2.20 3.25 4.13 0.00 3.81 0.00 3.64 3.56 0.00 3.89 3.82 4.12 6.41 7.85 3.85 4.32 9234993
0.00 3.46 4.93 2.82 6.17 6.93 3.43 4.55 3.70 3.10 5.12 4.99 4.74 5.56 6.90 7.65 2.10 3.73 2.96 8.93 3.90 4.44 2.72 3.00 0.00 3.49 3.72 4.86 6.25 7.84 3.96 4.36 9248083
0.00 3.54 5.21 2.55 6.15 5.06 3.19 4.66 2.55 3.36 5.17 5.12 4.93 5.17 6.85 7.58 2.09 4.03 6.78 8.91 3.97 4.82 2.41 4.36 0.00 3.31 3.69 4.43 6.37 8.00 3.92 4.36 9261173
0.00 3.60 5.11 2.70 6.03 7.24 3.62 4.13 3.57 4.00 5.19 5.19 5.23 5.68 6.87 7.93 2.08 3.85 6.75 9.09 3.77 4.50 2.54 3.91 0.00 3.31 3.70 4.29 6.41 7.88 3.79 4.39 9274263
0.00 4.16 5.20 2.66 6.15 7.33 3.30 4.05 3.55 4.05 5.10 5.14 4.66 6.08 6.87 7.63 2.12 3.58 6.87 9.13 4.07 0.00 0.00 4.63 0.00 3.48 3.78 4.27 6.98 7.82 3.92 4.55 9287353
0.00 3.59 5.09 2.66 6.13 7.20 3.17 3.99 3.53 3.89 5.12 5.34 0.00 5.80 7.40 7.57 2.16 3.68 6.09 9.06 3.55 4.34 0.00 5.39 0.00 3.40 4.26 4.49 6.22 7.86 3.94 4.55 9300443
0.00 3.54 5.13 2.61 6.09 7.18 3.64 3.98 3.43 3.89 5.26 5.38 4.79 5.71 6.92 7.64 2.11 3.50 6.16 9.02 3.87 4.57 0.00 4.14 0.00 3.39 3.67 4.27 6.56 7.85 3.74 4.52 9313533
0.00 3.56 5.06 2.93 6.09 6.38 3.39 4.05 3.56 4.10 5.24 5.27 5.50 5.64 6.89 7.57 2.08 3.83 6.59 9.08 3.89 4.34 0.00 4.58 0.00 3.31 3.66 4.79 6.46 7.87 3.79 4.60 9326623
0.00 3.56 5.01 2.32 6.15 7.21 0.00 3.98 3.51 2.86 5.20 5.28 4.73 5.72 6.95 7.60 2.01 3.72 6.59 9.09 4.15 4.84 0.00 4.56 0.00 3.38 3.66 0.00 6.17 8.02 3.94 4.69 9339713
0.00 3.54 5.14 3.15 6.01 7.01 3.21 3.91 3.50 4.15 5.25 5.40 4.71 5.65 6.93 7.54 2.02 3.75 6.27 0.00 3.96 4.37 0.00 4.43 0.00 3.37 3.67 4.45 6.36 0.00 3.95 4.52 9352803
0.00 3.85 5.41 2.65 6.02 6.89 0.00 4.04 3.61 4.15 5.32 5.33 5.02 5.67 6.79 7.57 2.03 3.68 6.17 9.03 4.03 0.00 0.00 4.06 0.00 3.20 3.70 4.28 6.51 8.36 3.75 4.45 9365893
0.00 3.58 5.07 2.65 6.04 6.86 3.30 3.99 3.60 4.10 5.23 5.32 4.89 5.93 6.97 7.56 2.01 3.57 6.15 0.00 3.91 4.35 9.98 5.23 0.00 3.29 3.72 4.41 6.53 7.91 3.89 4.49 9378983
0.00 3.59 5.37 2.60 6.04 6.79 3.16 3.96 3.52 3.89 5.40 5.51 5.13 5.77 7.04 7.59 2.01 3.65 6.48 9.52 4.02 0.00 9.76 5.12 0.00 3.31 3.69 4.57 6.30 7.81 3.94 4.49 9392073
0.00 3.64 0.00 2.33 6.06 6.73 3.60 3.96 3.63 4.16 5.97 5.26 4.73 5.71 6.97 7.58 2.37 3.56 6.69 8.77 3.92 4.56 0.00 0.00 0.00 3.27 3.70 4.28 6.89 0.00 3.73 4.77 9405163
0.00 3.62 4.99 2.21 6.12 6.87 0.00 0.00 3.51 4.16 5.33 5.65 4.73 5.87 6.99 7.56 2.13 3.41 0.00 8.83 3.97 5.02 9.76 5.06 0.00 3.28 3.71 4.32 6.30 0.00 3.78 4.48 9418253
0.00 3.66 5.55 0.00 6.51 6.66 3.39 3.96 3.49 4.14 5.18 5.53 4.74 5.64 6.87 7.49 2.10 3.66 6.50 8.61 3.89 0.00 9.91 4.88 0.00 3.25 3.72 4.72 6.34 7.85 3.82 4.46 9431343
0.00 3.67 0.00 2.63 6.54 6.80 0.00 4.08 3.50 4.14 5.24 5.29 0.00 5.67 7.01 7.54 2.18 3.71 6.70 8.70 4.02 4.42 0.00 0.00 0.00 3.26 3.70 4.57 6.36 0.00 4.20 4.58 9444433
0.00 3.57 5.22 2.63 6.05 6.94 3.53 4.00 3.56 4.29 5.25 5.31 4.74 5.77 6.91 7.55 2.22 3.86 6.40 8.87 4.36 4.39 0.00 5.25 0.00 3.24 3.72 4.71 6.50 0.00 3.86 4.53 9457523
0.00 3.61 5.19 3.31 6.49 6.68 3.24 3.97 3.59 4.13 5.20 6.10 4.75 5.76 6.92 7.56 2.04 4.28 6.33 8.98 3.96 4.41 9.80 0.00 0.00 3.24 3.71 4.53 6.44 7.86 3.88 4.71 9470613
0.00 3.52 5.21 3.32 6.69 6.68 3.16 3.94 3.55 4.15 5.21 5.42 4.81 5.88 6.80 7.56 2.18 3.85 6.24 8.87 3.96 4.47 9.82 0.00 0.00 3.24 3.71 0.00 6.49 7.80 4.05 5.09 9483703
0.00 3.66 5.21 3.52 0.00 6.67 3.20 3.92 3.59 4.17 5.52 5.38 4.73 5.66 6.89 7.57 2.44 3.94 6.33 8.94 3.97 0.00 9.81 0.00 0.00 3.24 3.71 5.28 6.60 7.81 3.83 4.55 9496793
0.00 3.61 5.29 0.00 0.00 6.83 0.00 3.92 3.59 4.15 5.21 5.30 4.74 5.59 6.99 7.56 2.68 3.47 6.63 8.73 4.02 4.41 0.00 5.40 0.00 3.23 3.72 4.96 6.44 0.00 4.08 4.55 9509883
0.00 3.64 5.37 3.37 0.00 6.82 3.26 3.90 3.57 4.32 5.22 5.35 4.87 5.61 6.82 7.55 2.26 3.76 6.79 8.70 4.03 4.41 0.00 5.42 0.00 3.23 3.72 4.38 6.34 7.85 3.95 4.71 9522973
0.00 3.62 5.40 2.43 6.66 6.93 0.00 3.94 3.57 4.18 5.22 5.42 4.78 5.70 6.98 7.50 2.24 3.48 6.60 8.73 4.01 4.45 9.79 5.44 0.00 3.24 3.73 4.63 6.33 0.00 3.93 4.54 9536063
0.00 3.61 5.31 0.00 6.08 6.70 0.00 3.90 3.58 4.21 5.22 5.29 4.83 5.68 6.74 7.56 2.14 3.67 6.48 8.47 4.02 0.00 0.00 5.01 0.00 3.23 3.72 4.33 6.47 0.00 3.84 4.52 9549153
0.00 3.59 5.84 3.08 6.11 6.70 0.00 3.92 3.56 4.24 5.24 5.39 4.77 5.67 6.82 7.56 2.05 3.90 6.31 9.02 4.02 4.46 9.88 5.41 0.00 3.25 3.72 4.17 6.39 0.00 3.92 4.54 9562243
0.00 3.57 5.28 2.87 6.09 6.66 0.00 3.94 3.60 4.09 5.31 5.32 4.84 5.64 6.97 7.59 2.04 3.75 6.64 9.01 3.99 4.42 9.81 5.40 0.00 3.25 3.72 4.29 6.58 7.80 3.77 4.56 9575333
0.00 3.64 5.25 0.00 6.06 6.89 3.67 3.91 3.55 4.12 5.25 5.42 4.80 5.61 7.06 7.59 2.03 3.70 6.76 9.04 4.02 4.47 9.86 5.43 0.00 3.24 3.70 4.30 6.64 0.00 3.80 4.54 9588423
0.00 3.61 0.00 0.00 0.00 6.55 0.00 3.92 3.55 4.13 5.22 5.41 4.85 5.63 7.07 7.59 2.03 4.31 6.49 9.00 4.02 4.66 0.00 5.46 0.00 3.25 3.71 4.43 6.41 7.93 3.79 4.53 9601513
0.00 3.68 0.00 0.00 6.09 6.63 0.00 3.93 3.56 4.30 5.33 5.39 4.89 5.62 7.05 7.58 2.01 3.82 6.22 9.03 3.98 4.49 0.00 5.40 0.00 3.26 3.71 0.00 6.59 7.88 3.78 4.52 9614603
0.00 3.62 0.00 2.51 6.07 6.50 0.00 4.06 3.50 4.13 5.29 5.45 4.86 5.63 7.04 7.59 0.00 3.55 6.37 9.03 4.01 4.47 0.00 5.36 0.00 3.26 3.70 4.40 6.31 8.00 3.80 4.52 9627693
0.00 3.51 0.00 0.00 6.05 6.56 0.00 4.04 3.52 4.19 5.29 5.43 4.85 5.63 6.91 7.59 2.01 4.24 6.21 9.09 4.02 4.58 9.83 5.36 0.00 3.27 3.71 4.39 6.48 7.88 3.79 4.48 9640783
0.00 3.63 5.31 0.00 6.05 6.73 0.00 3.97 3.56 4.10 5.30 5.43 4.88 5.64 7.03 7.58 0.00 3.49 6.17 9.03 4.04 4.49 9.79 5.37 0.00 3.24 3.70 4.45 6.55 7.95 3.82 4.48 9653873
0.00 3.64 0.00 0.00 6.06 6.80 0.00 3.95 3.68 4.15 5.66 5.48 4.88 5.64 6.88 7.59 2.01 0.00 6.17 8.58 4.05 4.53 9.89 5.37 0.00 3.26 3.72 4.68 6.43 7.86 3.83 4.54 9666963
0.00 3.63 0.00 2.73 6.05 6.78 0.00 3.94 3.65 4.19 5.50 5.44 4.89 5.63 7.01 7.58 2.01 3.79 6.37 8.89 4.03 4.36 9.66 4.41 0.00 3.25 3.71 4.59 6.34 8.01 3.79 4.54 9680053
0.00 3.63 0.00 2.72 6.04 6.56 0.00 3.96 3.65 4.20 5.45 5.75 4.87 5.64 7.04 7.58 2.01 3.80 6.37 8.63 4.01 4.42 9.66 4.44 0.00 3.26 3.71 4.81 6.51 8.01 3.84 4.57 9693143
0.00 3.62 0.00 0.00 6.05 6.56 0.00 3.97 3.65 4.19 5.42 5.42 4.87 5.64 7.03 7.57 2.01 3.61 6.38 8.70 4.02 4.42 9.63 4.42 0.00 3.26 3.70 4.50 6.49 8.08 4.01 4.57 9706233
0.00 3.63 0.00 0.00 6.04 6.54 0.00 3.96 3.66 4.20 5.43 5.44 4.86 5.65 7.03 7.57 2.02 3.69 6.35 8.58 4.03 4.42 9.64 4.43 0.00 3.26 3.71 4.44 6.33 8.09 4.02 4.60 9719323
0.00 3.62 5.44 0.00 6.04 6.55 0.00 3.94 3.73 4.20 5.42 5.46 4.88 5.64 7.03 7.58 2.02 3.63 6.40 8.52 4.02 4.42 9.62 4.42 0.00 3.26 3.70 4.44 6.33 8.08 4.01 4.60 9732413
0.00 3.63 5.44 0.00 6.04 6.54 0.00 3.97 3.68 4.19 5.44 6.15 4.88 5.65 7.03 7.58 0.00 3.53 6.54 8.53 4.01 4.41 9.62 4.42 0.00 3.27 3.71 4.35 6.32 8.06 3.99 4.61 9745503
0.00 3.65 5.48 0.00 6.05 6.53 0.00 3.96 3.66 4.18 5.46 5.44 4.88 5.63 7.03 7.57 2.01 0.00 6.33 9.04 4.02 4.41 9.64 4.43 0.00 3.26 3.70 4.44 6.32 8.07 3.99 4.61 9758593
0.00 3.64 5.46 0.00 6.05 6.52 0.00 3.96 3.66 4.18 5.42 6.18 4.86 5.63 7.04 7.57 2.01 3.72 6.22 9.04 4.02 4.41 0.00 4.43 0.00 3.25 3.71 4.33 6.31 8.07 4.01 4.59 9771683
0.00 3.66 5.46 0.00 6.05 6.53 0.00 3.97 3.66 4.19 5.31 6.17 4.86 5.63 7.01 7.58 2.01 3.61 6.35 9.04 4.03 4.41 9.63 4.42 0.00 3.28 3.71 4.32 6.34 8.07 4.02 4.60 9784773
0.00 3.67 5.48 0.00 6.04 6.52 0.00 3.96 3.68 4.19 5.33 5.44 4.86 5.63 6.93 7.56 3.00 3.80 6.44 9.03 4.01 4.40 9.64 4.41 0.00 3.27 3.71 4.31 6.35 8.07 4.02 4.62 9797863
0.00 3.67 5.49 0.00 6.06 6.52 0.00 3.96 3.64 4.18 5.33 5.43 4.85 5.63 6.92 7.58 2.33 3.79 6.42 9.04 4.01 4.38 9.63 4.43 0.00 3.27 3.72 4.31 6.34 8.07 4.01 4.62 9810953
0.00 3.67 5.48 0.00 6.05 6.52 0.00 3.95 3.66 4.18 5.29 5.42 4.86 5.64 6.93 7.57 2.02 4.32 6.42 9.06 4.02 4.40 9.62 4.43 0.00 3.26 3.71 4.32 6.34 8.07 3.99 4.61 9824043
0.00 3.67 5.50 0.00 6.04 6.51 0.00 3.96 3.65 4.18 5.30 5.40 4.86 5.63 6.92 7.58 2.02 4.06 6.46 9.05 4.01 4.39 9.63 4.41 0.00 3.27 3.71 4.31 6.35 8.06 4.00 4.60 9837133
0.00 3.67 5.49 0.00 6.04 6.51 0.00 3.96 3.65 4.19 5.31 5.41 4.88 5.63 6.91 7.57 2.02 3.64 6.45 9.06 4.02 4.38 9.61 4.41 0.00 3.27 3.71 4.33 6.52 8.07 3.99 4.63 9850223
0.00 3.67 5.50 0.00 6.05 6.50 0.00 3.95 3.67 4.18 5.31 5.41 4.87 5.64 6.92 7.57 0.00 3.63 6.45 9.07 4.02 4.38 9.62 4.42 0.00 3.27 3.71 4.33 6.53 8.07 3.99 4.62 9863313
0.00 3.68 5.51 0.00 6.04 6.50 0.00 3.95 3.66 4.18 5.30 5.40 4.86 5.63 6.91 7.58 2.01 3.62 6.47 9.07 4.03 4.39 9.66 4.41 0.00 3.28 3.71 4.45 6.35 8.07 3.99 4.63 9876403
0.00 3.67 5.66 0.00 6.05 6.49 0.00 3.95 3.66 4.17 5.30 5.41 4.87 5.63 6.91 7.58 2.01 3.92 6.45 9.06 4.01 4.39 9.64 4.42 0.00 3.26 3.70 4.44 6.34 8.07 3.99 4.65 9889493
0.00 3.68 5.50 0.00 6.05 6.49 0.00 3.97 3.65 4.18 5.31 5.40 4.86 5.64 6.92 7.58 2.02 4.10 6.35 9.07 4.02 4.38 9.64 5.41 0.00 3.27 3.72 4.44 6.34 8.06 3.99 4.64 9902583
0.00 3.67 5.51 0.00 6.05 6.50 0.00 3.96 3.66 4.18 5.29 5.40 4.87 5.63 6.92 7.57 2.02 4.14 6.30 9.06 4.03 4.39 9.65 5.42 0.00 3.26 3.70 4.43 6.35 8.08 3.99 4.65 9915673
0.00 3.66 5.52 0.00 6.06 6.49 0.00 3.96 3.67 4.18 5.31 5.39 4.87 5.63 6.90 7.58 2.01 4.15 6.31 9.08 4.02 4.39 9.65 5.41 0.00 3.27 3.71 4.43 6.34 8.07 3.99 4.66 9928763
0.00 3.65 0.00 0.00 6.04 6.49 0.00 3.96 3.65 4.17 5.30 5.40 4.87 5.63 6.90 7.58 0.00 4.10 6.35 8.51 4.02 4.37 0.00 5.40 0.00 3.27 3.71 4.40 6.33 8.07 3.99 4.67 9941853
0.00 3.66 0.00 0.00 6.05 6.49 0.00 3.97 3.67 4.17 5.29 5.40 4.86 5.63 6.92 7.57 3.03 4.15 6.36 8.45 4.02 4.37 0.00 5.41 0.00 3.27 3.71 4.34 6.33 8.07 3.99 4.66 9954943
0.00 3.66 5.55 0.00 6.05 6.51 0.00 3.96 3.68 4.17 5.30 5.41 4.87 5.63 6.91 7.58 3.04 3.66 6.38 8.46 4.02 4.38 0.00 5.41 0.00 3.27 3.71 4.43 6.33 8.05 4.00 4.67 9968033
0.00 3.66 5.52 0.00 6.06 6.52 0.00 3.96 3.66 4.17 5.30 5.41 4.87 5.63 6.91 7.57 3.06 3.65 6.37 8.45 4.02 4.37 0.00 5.42 0.00 3.27 3.72 4.44 6.32 8.05 3.98 4.66 9981123
0.00 3.67 0.00 0.00 6.05 6.52 0.00 3.97 3.67 4.17 5.31 5.40 4.86 5.63 6.91 7.57 3.05 3.65 6.32 8.45 4.02 4.38 0.00 5.41 0.00 3.26 3.71 4.44 6.33 8.07 4.00 4.66 9994213
0.00 3.67 5.52 0.00 6.05 6.55 0.00 3.95 3.66 4.18 5.31 5.41 4.86 5.64 6.91 7.57 2.55 3.66 6.33 8.44 4.03 4.37 9.66 5.42 0.00 3.28 3.72 4.45 6.33 8.07 3.99 4.66 10007303
0.00 3.66 0.00 0.00 6.05 6.53 0.00 3.95 3.67 4.17 5.30 5.40 4.86 5.62 6.90 7.57 0.00 3.65 6.32 8.45 4.02 4.37 9.65 5.41 0.00 3.26 3.71 4.45 6.34 8.04 3.97 4.66 10020393
0.00 3.66 5.53 0.00 6.04 6.52 0.00 3.97 3.67 4.19 5.29 5.40 4.86 5.64 6.91 7.57 2.01 3.67 6.31 8.44 4.02 4.38 9.65 5.41 0.00 3.27 3.72 4.44 6.34 8.06 3.98 4.66 10033483
0.00 3.67 0.00 0.00 6.04 6.54 0.00 3.95 3.67 4.18 5.30 5.40 4.87 5.64 6.92 7.57 2.02 3.62 6.33 8.44 4.01 4.37 9.63 5.42 0.00 3.26 3.72 4.45 6.35 8.06 3.98 4.67 10046573
0.00 3.66 0.00 0.00 6.05 6.54 0.00 3.95 3.68 4.17 5.30 5.41 4.87 5.63 6.91 7.58 2.02 3.62 6.34 8.44 4.01 4.36 9.64 5.41 0.00 3.27 3.71 4.45 6.44 8.05 4.00 4.67 10059663
0.00 3.67 0.00 0.00 6.04 6.54 0.00 3.95 3.67 4.17 5.29 5.40 4.86 5.63 6.91 7.57 2.01 3.62 6.32 8.43 4.02 4.37 9.63 5.41 0.00 3.26 3.71 4.45 6.47 8.06 3.98 4.67 10072753
0.00 3.67 0.00 0.00 6.06 6.58 0.00 3.95 3.68 4.18 5.30 5.40 4.86 5.64 6.91 7.56 2.01 3.61 6.39 8.43 4.02 4.37 9.64 5.41 0.00 3.25 3.72 4.45 6.32 8.05 3.98 4.67 10085843
0.00 3.67 0.00 0.00 6.05 6.58 0.00 3.96 3.67 4.17 5.29 5.40 4.87 5.64 6.92 7.58 0.00 3.62 6.42 8.44 4.03 4.36 9.65 5.41 0.00 3.27 3.72 4.46 6.33 8.05 3.99 4.67 10098933
0.00 3.67 0.00 0.00 6.07 6.58 0.00 3.96 3.68 4.18 5.30 5.40 4.87 5.63 6.92 7.57 2.02 3.63 6.31 8.44 4.02 4.37 9.82 5.42 0.00 3.26 3.71 4.47 6.34 8.05 3.97 4.66 10112023
0.00 3.66 5.52 0.00 6.05 6.57 0.00 3.96 3.68 4.18 5.30 5.40 4.88 5.64 6.91 7.57 2.01 3.62 6.28 8.45 4.02 4.36 9.65 5.41 0.00 3.26 3.71 4.45 6.32 8.05 3.93 4.66 10125113
0.00 3.67 5.51 0.00 6.06 6.57 0.00 3.95 3.68 4.18 5.30 5.40 4.86 5.63 6.92 7.57 2.01 3.60 6.29 8.44 4.03 4.36 9.76 5.41 0.00 3.27 3.71 4.45 6.33 8.06 3.92 4.66 10138203
0.00 3.67 5.46 0.00 6.05 6.57 0.00 3.96 3.70 4.18 5.29 5.41 4.87 5.62 6.91 7.57 2.01 3.58 6.28 8.44 4.01 4.37 9.77 5.41 0.00 3.26 3.72 4.45 6.34 8.05 3.91 4.67 10151293
0.00 3.67 5.48 0.00 6.05 6.58 0.00 3.96 3.68 4.18 5.30 5.41 4.88 5.63 6.91 7.57 2.01 3.59 6.30 8.44 4.02 4.35 9.63 5.41 0.00 3.27 3.71 4.45 6.33 8.04 3.92 4.65 10164383
0.00 3.67 5.49 0.00 6.06 6.57 0.00 3.96 3.70 4.18 5.30 5.41 4.88 5.63 6.92 7.56 2.02 3.58 6.38 8.45 4.02 4.37 9.62 5.41 0.00 3.26 3.71 4.45 6.31 8.06 3.91 4.64 10177473
0.00 3.68 5.47 0.00 6.05 6.58 0.00 3.97 3.70 4.18 5.31 5.42 4.87 5.63 6.92 7.56 2.01 3.58 6.36 8.43 4.02 4.36 9.62 5.41 0.00 3.27 3.71 4.46 6.31 8.06 3.91 4.66 10190563
0.00 3.66 5.48 0.00 6.06 6.58 0.00 3.96 3.67 4.18 5.32 5.41 4.87 5.62 6.92 7.57 2.01 3.59 6.34 8.44 4.03 4.35 9.62 5.42 0.00 3.26 3.71 4.46 6.30 8.06 3.90 4.66 10203653
0.00 3.66 5.48 0.00 6.06 6.56 0.00 3.97 3.68 4.18 5.31 5.40 4.87 5.63 6.91 7.57 0.00 3.60 6.42 8.44 4.02 4.35 9.62 5.41 0.00 3.27 3.71 4.46 6.31 8.05 3.90 4.64 10216743
0.00 3.67 5.51 0.00 6.07 6.55 0.00 3.96 3.68 4.18 5.30 5.40 4.86 5.63 6.90 7.56 0.00 3.60 6.40 8.44 4.02 4.35 9.62 5.41 0.00 3.26 3.71 4.46 6.48 8.06 3.88 4.65 10229833
0.00 3.67 5.50 0.00 6.06 6.56 0.00 3.96 3.69 4.18 5.31 5.41 4.87 5.63 6.91 7.57 2.01 3.61 6.32 8.54 4.02 4.35 9.61 5.41 0.00 3.26 3.72 4.47 6.47 8.05 3.90 4.66 10242923
0.00 3.67 5.50 0.00 6.05 6.57 0.00 3.97 3.69 4.18 5.30 5.40 4.87 5.63 6.92 7.58 0.00 3.59 6.31 8.46 4.02 4.36 9.62 5.41 0.00 3.27 3.71 4.46 6.48 8.04 3.89 4.67 10256013
0.00 3.66 5.49 0.00 6.06 6.58 0.00 3.96 3.69 4.18 5.32 5.40 4.87 5.63 6.91 7.56 2.01 3.60 6.31 8.46 4.02 4.36 9.63 5.41 0.00 3.26 3.72 4.45 6.46 8.04 3.88 4.67 10269103
0.00 3.68 5.50 0.00 6.04 6.59 0.00 3.96 3.69 4.19 5.30 5.40 4.88 5.64 6.91 7.58 2.01 3.62 6.32 8.46 4.03 4.35 9.63 5.40 0.00 3.27 3.72 4.45 6.47 8.05 3.88 4.67 10282193
0.00 3.67 5.50 0.00 6.05 6.58 0.00 3.97 3.68 4.18 5.31 5.40 4.87 5.63 6.92 7.56 2.87 3.64 6.31 8.47 4.02 4.35 9.63 4.41 0.00 3.27 3.70 4.46 6.47 8.04 3.89 4.67 10295283
0.00 3.67 5.50 0.00 6.05 6.58 0.00 3.97 3.69 4.17 5.32 5.41 4.87 5.63 6.92 7.57 2.86 3.65 6.30 8.48 4.01 4.35 9.62 5.41 0.00 3.28 3.71 4.46 6.48 8.03 3.88 4.69 10308373
0.00 3.67 5.50 0.00 6.05 6.61 0.00 3.97 3.67 4.18 5.30 5.41 4.87 5.64 6.93 7.58 2.87 3.63 6.46 8.57 4.03 4.34 9.63 4.44 0.00 3.27 3.72 4.48 6.49 8.04 3.87 4.69 10321463
0.00 3.67 5.49 0.00 6.06 6.59 0.00 3.98 3.69 4.17 5.30 5.41 4.87 5.63 6.92 7.58 0.00 3.65 6.52 8.57 4.02 4.36 9.62 5.42 0.00 3.26 3.71 4.48 6.48 8.04 3.87 4.66 10334553
0.00 3.66 5.49 0.00 6.05 7.01 0.00 3.97 3.69 4.18 5.33 5.42 4.87 5.63 6.91 7.57 0.00 3.67 0.00 8.57 4.02 4.35 9.62 5.41 0.00 3.27 3.72 4.47 6.47 8.04 3.88 4.67 10347643
0.00 3.66 5.50 0.00 6.06 7.43 0.00 3.96 3.71 4.18 5.31 5.41 4.87 5.63 7.06 7.57 0.00 3.68 0.00 8.58 4.02 4.35 9.63 5.40 0.00 3.27 3.71 4.48 6.47 8.04 3.86 4.66 10360733
0.00 3.67 5.51 0.00 6.05 0.00 0.00 3.98 3.70 4.18 5.32 5.41 4.87 5.64 7.06 7.57 2.86 3.67 0.00 8.56 4.02 4.35 9.63 5.40 0.00 3.27 3.72 4.48 6.48 8.04 3.86 4.67 10373823
0.00 3.67 5.50 0.00 6.05 6.61 0.00 3.99 3.70 4.18 5.31 5.41 4.87 5.63 7.06 7.58 0.00 3.68 0.00 8.57 4.03 4.35 9.63 5.41 0.00 3.26 3.72 4.48 6.48 8.04 3.87 4.68 10386913
0.00 3.66 5.49 0.00 6.06 6.62 0.00 3.99 3.77 4.17 5.32 5.41 4.87 5.62 7.07 7.57 0.00 3.68 6.73 8.57 4.02 4.35 9.62 5.41 0.00 3.27 3.71 4.47 6.48 8.03 3.87 4.67 10400003
0.00 3.68 5.48 0.00 6.06 6.70 0.00 4.00 3.77 4.18 5.33 5.39 4.87 5.64 7.06 7.56 0.00 3.67 0.00 8.57 4.02 4.35 9.61 5.40 0.00 3.26 3.72 4.48 6.48 8.04 3.86 4.66 10413093
0.00 3.67 5.49 0.00 6.06 6.63 0.00 3.99 3.77 4.18 5.33 5.41 4.86 5.63 7.07 7.56 0.00 3.68 0.00 8.58 4.02 4.34 9.63 5.42 0.00 3.26 3.72 4.48 6.48 8.04 3.86 4.66 10426183
0.00 3.66 5.48 0.00 6.05 6.66 0.00 4.00 3.78 4.18 5.32 5.41 4.87 5.64 7.07 7.57 0.00 3.68 6.71 8.58 4.02 4.35 9.63 5.40 0.00 3.27 3.72 4.48 6.48 8.04 3.87 4.66 10439273
0.00 3.67 5.50 0.00 6.26 6.65 0.00 4.01 3.78 4.17 5.33 5.40 4.87 5.64 7.07 7.57 0.00 3.68 6.71 8.59 4.03 4.34 9.62 5.40 0.00 3.27 3.72 4.48 6.48 8.05 3.85 4.65 10452363
0.00 3.66 5.49 0.00 6.26 6.63 0.00 4.01 3.78 4.18 5.34 5.39 4.87 5.63 7.06 7.57 0.00 3.67 0.00 8.59 4.03 4.35 9.63 5.40 0.00 3.26 3.71 4.48 6.49 8.04 3.86 4.65 10465453
0.00 3.67 5.50 0.00 6.28 6.47 0.00 4.02 3.78 4.16 5.33 5.41 4.87 5.63 7.06 7.57 0.00 3.67 0.00 8.58 4.01 4.35 9.63 5.40 0.00 3.27 3.71 4.48 6.47 8.02 3.85 4.65 10478543
0.00 3.68 5.49 0.00 6.28 6.47 0.00 4.03 3.80 4.18 5.33 5.39 4.87 5.63 7.07 7.57 0.00 3.68 0.00 8.59 4.03 4.36 9.63 5.40 0.00 3.27 3.72 4.49 6.48 8.02 3.85 4.67 10491633
0.00 3.67 5.51 0.00 6.28 6.44 0.00 4.05 3.79 4.19 5.34 5.40 4.86 5.63 7.06 7.58 2.85 3.68 0.00 8.58 4.02 4.35 9.61 5.39 0.00 3.26 3.73 4.48 6.48 8.01 3.85 4.65 10504723
0.00 3.67 5.50 0.00 6.29 6.58 0.00 4.05 3.78 4.18 5.34 5.40 4.86 5.64 7.07 7.57 2.88 3.67 7.06 8.58 4.03 4.34 9.63 5.41 0.00 3.27 3.73 4.49 6.47 8.02 3.86 4.64 10517813
0.00 3.66 5.50 0.00 6.30 6.49 0.00 4.04 3.79 4.17 5.33 5.39 4.87 5.62 7.06 7.57 2.86 3.67 7.05 8.57 4.02 4.35 9.62 5.41 0.00 3.27 3.72 4.47 6.47 8.00 3.85 4.64 10530903
0.00 3.66 5.50 0.00 6.29 6.56 0.00 4.06 3.78 4.19 5.33 5.39 4.86 5.64 7.07 7.58 2.86 3.67 7.06 8.58 4.02 4.35 9.63 5.40 0.00 3.27 3.73 4.48 6.47 8.02 3.87 4.65 10543993
0.00 3.67 5.50 0.00 6.29 6.57 0.00 4.05 3.78 4.18 5.33 5.40 4.86 5.64 7.07 7.57 2.88 3.67 7.36 8.56 4.02 4.35 9.62 5.40 0.00 3.26 3.72 4.49 6.47 8.02 3.87 4.68 10557083
0.00 3.67 5.49 0.00 6.30 6.55 0.00 4.05 3.78 4.17 5.32 5.40 4.87 5.62 7.01 7.58 0.00 3.64 7.36 8.56 4.02 4.36 9.62 5.40 0.00 3.27 3.71 4.49 6.46 8.00 3.87 4.66 10570173
0.00 3.68 5.50 0.00 6.32 6.50 0.00 4.08 3.77 4.18 5.32 5.39 4.87 5.64 6.98 7.57 0.00 3.67 7.35 8.57 4.02 4.35 9.61 5.40 0.00 3.26 3.72 4.48 6.47 8.01 3.87 4.64 10583263
0.00 3.68 5.50 0.00 6.31 6.50 0.00 4.20 3.78 4.18 5.34 5.39 4.86 5.63 7.02 7.57 0.00 3.69 7.36 8.57 4.03 4.35 9.62 5.41 0.00 3.26 3.71 4.48 6.47 8.03 3.88 4.63 10596353
0.00 3.66 5.50 0.00 6.31 6.51 0.00 4.22 3.77 4.18 5.32 5.40 4.87 5.64 6.99 7.58 0.00 3.67 7.05 8.56 4.04 4.35 9.62 5.40 0.00 3.27 3.73 4.49 6.46 8.02 3.88 4.65 10609443
0.00 3.67 5.50 0.00 6.31 6.50 0.00 4.19 3.76 4.19 5.33 5.39 4.86 5.64 6.99 7.56 0.00 3.69 6.96 8.57 4.03 4.34 9.62 5.40 0.00 3.27 3.72 4.49 6.47 8.03 3.83 4.66 10622533
0.00 3.66 5.50 0.00 6.32 6.49 0.00 4.21 3.77 4.19 5.34 5.40 4.86 5.62 7.01 7.58 0.00 3.71 6.93 8.57 4.02 4.35 9.62 5.40 0.00 3.26 3.72 4.47 6.47 8.00 3.85 4.66 10635623
0.00 3.66 5.51 0.00 6.31 6.50 0.00 4.20 3.76 4.18 5.33 5.40 4.86 5.63 6.96 7.56 2.00 3.71 6.94 8.62 4.02 4.35 9.63 5.40 0.00 3.27 3.73 4.50 6.46 7.99 3.84 4.66 10648713
0.00 3.67 5.49 0.00 6.31 6.50 0.00 4.21 3.77 4.18 5.32 5.41 4.86 5.62 6.93 7.57 2.01 3.72 6.96 8.62 4.02 4.36 9.62 5.40 0.00 3.26 3.71 4.49 6.46 7.96 3.85 4.65 10661803
0.00 3.67 5.50 0.00 6.32 6.49 0.00 4.20 3.75 4.18 5.32 5.41 4.86 5.63 7.03 7.57 0.00 3.79 6.95 8.59 4.02 4.34 9.63 5.40 0.00 3.27 3.72 4.49 6.47 7.95 3.84 4.66 10674893
0.00 3.67 5.50 0.00 6.32 6.48 0.00 4.20 3.76 4.18 5.32 5.40 4.87 5.63 7.02 7.56 2.01 3.85 6.87 8.61 4.03 4.36 9.63 5.40 0.00 3.27 3.72 4.50 6.47 7.97 3.85 4.66 10687983
0.00 3.68 5.50 0.00 6.31 6.49 0.00 4.21 3.74 4.18 5.33 5.41 4.85 5.64 6.99 7.57 2.01 3.87 6.86 8.60 4.02 4.35 9.62 5.41 0.00 3.27 3.72 4.50 6.47 7.96 3.85 4.66 10701073
0.00 3.66 5.49 0.00 6.32 6.49 0.00 4.20 3.75 4.18 5.34 5.42 4.86 5.63 7.04 7.57 0.00 3.93 6.87 8.61 4.03 4.35 9.61 5.40 0.00 3.27 3.72 4.50 6.46 7.96 3.86 4.67 10714163
0.00 3.66 5.50 0.00 6.32 6.49 0.00 4.20 3.74 4.18 5.32 5.39 4.85 5.64 7.04 7.57 0.00 3.73 6.91 8.61 4.02 4.35 9.62 5.39 0.00 3.27 3.73 4.51 6.47 7.96 3.86 4.66 10727253
0.00 3.67 5.50 0.00 6.36 6.48 0.00 4.20 3.75 4.18 5.33 5.41 4.85 5.64 6.92 7.57 2.01 3.88 6.92 8.61 4.02 4.35 9.63 5.40 0.00 3.51 3.73 4.49 6.46 7.95 3.87 4.66 10740343
0.00 3.67 5.50 0.00 6.36 6.49 0.00 4.20 3.73 4.17 5.33 5.41 4.86 5.64 6.93 7.57 0.00 3.86 7.02 8.62 4.03 4.35 9.62 5.41 0.00 3.51 3.74 4.50 6.46 7.97 3.87 4.66 10753433
0.00 3.67 5.50 0.00 6.34 6.48 0.00 4.20 3.72 4.17 5.33 5.41 4.86 5.64 6.93 7.58 2.02 3.86 6.89 8.63 4.03 4.36 9.63 5.40 0.00 3.52 3.73 4.50 6.46 7.96 3.87 4.65 10766523
0.00 3.67 5.49 0.00 6.36 6.48 0.00 4.19 3.72 4.18 5.34 5.41 4.87 5.63 6.93 7.58 2.01 4.14 7.41 8.65 4.01 4.35 9.63 5.41 0.00 3.52 3.73 4.49 6.47 7.97 3.86 4.66 10779613
0.00 3.66 5.49 0.00 6.36 6.46 0.00 4.20 3.71 4.17 5.33 5.41 4.86 5.62 6.93 7.56 0.00 3.88 6.45 8.65 4.02 4.35 9.61 5.40 0.00 3.51 3.73 4.49 6.46 7.97 3.87 4.65 10792703
0.00 3.67 5.50 0.00 6.37 6.48 0.00 4.21 3.71 4.17 5.33 5.42 4.86 5.64 6.99 7.57 0.00 3.75 6.45 8.69 4.03 4.36 9.63 5.40 0.00 3.53 3.74 4.51 6.46 7.98 3.87 4.66 10805793
0.00 3.67 5.50 0.00 6.38 6.47 0.00 4.20 3.71 4.18 5.33 5.41 4.86 5.64 6.98 7.58 2.02 3.77 6.44 8.68 4.01 4.35 9.63 5.41 0.00 3.52 3.73 4.50 6.47 8.02 3.88 4.67 10818883
0.00 3.66 5.49 0.00 6.39 6.46 0.00 4.21 3.69 4.18 5.34 5.41 4.86 5.65 7.04 7.58 0.00 3.76 6.44 8.68 4.02 4.34 9.63 5.41 0.00 3.52 3.74 4.51 6.46 7.96 3.88 4.69 10831973
0.00 3.66 5.49 0.00 6.39 6.47 0.00 4.20 3.70 4.17 5.34 5.41 4.86 5.64 7.07 7.57 2.00 3.80 6.40 8.69 4.02 4.36 9.63 5.41 0.00 3.51 3.72 4.50 6.46 7.98 3.87 4.69 10845063
0.00 3.66 5.48 0.00 6.38 6.47 0.00 4.21 3.70 4.18 5.33 5.42 4.85 5.63 7.05 7.57 0.00 3.86 6.43 8.69 4.04 4.34 9.64 5.41 0.00 3.52 3.74 4.49 6.46 8.02 3.87 4.69 10858153
0.00 3.66 5.50 0.00 6.40 6.47 0.00 4.21 3.68 4.18 5.32 5.41 4.86 5.63 7.07 7.57 2.01 4.57 6.71 8.69 4.02 4.35 9.62 5.40 0.00 3.53 3.73 4.50 6.46 8.00 3.86 4.67 10871243
0.00 3.66 5.52 0.00 6.39 6.46 0.00 4.22 3.70 4.19 5.32 5.41 4.86 5.64 7.07 7.57 0.00 3.77 6.48 8.71 4.03 4.35 9.64 5.40 0.00 3.52 3.74 4.50 6.47 8.01 3.87 4.65 10884333
0.00 3.67 5.50 0.00 6.39 6.48 0.00 4.22 3.69 4.17 5.33 5.41 4.86 5.64 7.07 7.57 2.01 4.60 6.42 8.71 4.02 4.35 9.62 5.40 0.00 3.52 3.73 4.50 6.47 8.02 3.87 4.66 10897423
0.00 3.66 5.50 0.00 6.39 6.48 0.00 4.22 3.70 4.17 5.32 5.41 4.87 5.63 7.07 7.57 2.02 3.62 6.46 8.71 4.02 4.36 9.63 5.38 0.00 3.53 3.73 4.51 6.47 8.03 3.88 4.65 10910513
0.00 3.67 5.51 0.00 6.38 6.48 0.00 4.21 3.69 4.18 5.32 5.42 4.86 5.63 7.07 7.56 2.01 3.62 6.46 8.71 4.02 4.36 9.63 5.38 0.00 3.52 3.73 4.50 6.46 8.04 3.87 4.66 10923603
0.00 3.66 5.50 0.00 6.40 6.47 0.00 4.22 3.69 4.18 5.33 5.41 4.87 5.64 7.07 7.57 0.00 3.62 6.44 8.71 4.03 4.34 9.62 5.40 0.00 3.52 3.73 4.50 6.47 8.04 3.87 4.65 10936693
0.00 3.65 5.49 0.00 6.39 6.47 0.00 4.22 3.69 4.18 5.32 5.42 4.86 5.64 7.07 7.57 2.66 3.63 6.40 8.72 4.02 4.34 9.63 5.38 0.00 3.53 3.73 4.51 6.45 8.03 3.88 4.65 10949783
0.00 3.66 5.50 0.00 6.39 6.49 0.00 4.22 3.69 4.18 5.32 5.42 4.86 5.64 7.07 7.57 2.50 3.62 6.38 8.70 4.03 4.35 9.63 5.39 0.00 3.52 3.73 4.51 6.46 8.04 3.88 4.66 10962873
0.00 3.65 5.52 0.00 6.39 6.48 0.00 4.20 3.68 4.18 5.33 5.40 4.85 5.64 7.07 7.58 2.86 3.64 6.37 8.72 4.01 4.34 9.63 5.39 0.00 3.52 3.73 4.49 6.47 8.04 3.89 4.66 10975963
0.00 3.66 5.51 0.00 6.39 6.48 0.00 4.21 3.69 4.16 5.33 5.41 4.86 5.63 7.07 7.57 2.86 3.62 6.41 8.71 4.02 4.34 9.63 5.38 0.00 3.53 3.72 4.50 6.46 8.02 3.87 4.69 10989053
0.00 3.67 5.50 0.00 6.39 6.48 0.00 4.21 3.69 4.18 5.32 5.41 4.86 5.63 7.06 7.56 2.85 3.62 6.41 8.72 4.02 4.35 9.63 5.39 0.00 3.52 3.72 4.50 6.46 8.03 3.88 4.71 11002143
0.00 3.66 5.49 0.00 6.40 6.55 0.00 4.21 3.69 4.19 5.32 5.42 4.86 5.64 7.06 7.58 2.85 3.60 6.47 8.73 4.02 4.34 9.63 5.39 0.00 3.54 3.73 4.49 6.47 8.04 3.88 4.72 11015233
0.00 3.66 5.50 0.00 6.40 6.56 0.00 4.21 3.68 4.17 5.32 5.41 4.86 5.64 7.08 7.56 2.85 3.63 6.44 8.73 4.03 4.35 9.64 5.39 0.00 3.53 3.74 4.51 6.47 8.04 3.87 4.68 11028323
0.00 3.67 5.51 0.00 6.40 6.52 0.00 4.22 3.69 4.17 5.32 5.41 4.86 5.65 7.08 7.58 2.83 3.63 6.43 8.73 4.03 4.35 9.62 5.40 0.00 3.53 3.73 4.51 6.47 8.04 3.88 4.68 11041413
0.00 3.66 5.49 0.00 6.39 6.53 0.00 4.21 3.69 4.17 5.31 5.40 4.86 5.64 7.06 7.58 2.83 3.60 6.45 8.73 4.02 4.33 9.64 5.40 0.00 3.52 3.73 4.50 6.46 8.04 3.88 4.68 11054503
0.00 3.66 5.50 0.00 6.41 6.57 0.00 4.20 3.69 4.17 5.33 5.41 4.87 5.64 7.07 7.57 2.29 3.59 6.46 8.74 4.03 4.33 9.63 5.41 0.00 3.53 3.74 4.51 6.45 8.03 3.88 4.67 11067593
0.00 3.66 5.49 0.00 6.39 6.56 0.00 4.21 3.69 4.17 5.32 5.41 4.86 5.64 7.07 7.57 2.02 3.59 6.46 8.73 4.02 4.34 9.63 5.41 0.00 3.53 3.73 4.51 6.46 8.03 3.88 4.67 11080683
0.00 3.66 5.50 0.00 6.38 6.56 0.00 4.20 3.69 4.17 5.31 5.40 4.86 5.63 7.07 7.57 2.03 3.58 6.46 8.73 4.02 4.34 9.64 5.39 0.00 3.54 3.73 4.51 6.47 8.03 3.88 4.67 11093773
0.00 3.66 5.50 0.00 6.40 6.56 0.00 4.20 3.68 4.17 5.32 5.41 4.87 5.64 7.07 7.56 2.04 3.59 6.45 8.71 4.03 4.32 9.63 5.41 0.00 3.52 3.73 4.51 6.47 8.03 3.90 4.70 11106863
0.00 3.66 5.47 0.00 6.38 6.56 0.00 4.21 3.68 4.17 5.32 5.41 4.86 5.64 7.07 7.56 2.02 3.57 6.42 8.72 4.03 4.33 9.63 5.40 0.00 3.54 3.74 4.51 6.47 8.03 3.90 0.00 11119953
0.00 3.66 5.49 0.00 6.38 6.55 0.00 4.20 3.68 4.18 5.32 5.41 4.86 5.63 7.08 7.57 2.02 3.57 6.36 8.73 4.02 4.34 9.63 5.41 0.00 3.53 3.73 4.52 6.46 8.04 3.88 0.00 11133043
0.00 3.66 5.49 0.00 6.38 6.56 0.00 4.20 3.68 4.17 5.32 5.42 4.86 5.64 7.07 7.58 2.03 3.57 6.45 8.72 4.04 4.34 9.64 5.39 0.00 3.53 3.74 4.51 6.46 8.04 3.86 0.00 11146133
0.00 3.65 5.50 0.00 6.36 6.58 0.00 4.20 3.67 4.18 5.31 5.40 4.86 5.64 7.07 7.57 2.03 3.54 6.44 8.72 4.03 4.33 9.63 5.40 0.00 3.53 3.74 4.52 6.46 8.04 3.86 0.00 11159223
0.00 3.66 5.49 0.00 6.24 6.53 0.00 4.19 3.67 4.17 5.31 5.40 4.85 5.64 7.12 7.58 2.04 3.54 6.43 8.71 4.02 4.34 9.63 5.40 0.00 3.52 3.73 4.50 6.47 8.04 3.86 0.00 11172313
0.00 3.66 5.51 0.00 6.08 6.46 0.00 4.06 3.65 4.18 5.29 5.41 4.86 5.63 7.13 7.58 2.03 3.59 6.45 8.72 4.02 4.33 9.63 5.39 0.00 3.53 3.72 4.50 6.47 8.03 3.84 0.00 11185403