4.39 3.36 5.32 0.00 4.18 5.34 3.77 5.30 5.74 4.72 4.23 5.02 5.24 6.21 7.12 6.95 2.19 2.96 6.36 8.45 3.13 4.71 0.00 5.07 0.00 2.83 3.25 0.00 5.34 4.94 4.77 0.00 19163527
4.38 3.37 5.31 0.00 4.20 5.35 3.76 5.30 5.83 4.69 4.22 5.17 5.27 6.20 7.11 6.92 2.18 3.17 6.40 8.49 3.12 4.72 0.00 5.09 0.00 2.82 3.24 0.00 5.34 4.94 4.81 0.00 19176617
4.38 3.36 5.31 0.00 4.19 5.35 3.77 5.30 5.78 4.70 4.21 5.08 5.14 6.21 7.11 6.92 2.18 3.16 6.38 8.50 3.14 4.71 0.00 5.09 0.00 2.82 3.25 0.00 5.33 4.94 4.76 0.00 19189707
4.39 3.37 5.33 0.00 4.19 5.33 3.76 5.31 5.80 4.74 4.21 5.04 5.26 6.21 7.11 6.94 2.19 3.15 6.38 8.48 3.14 4.71 0.00 5.11 0.00 2.82 3.25 0.00 5.35 4.95 4.70 0.00 19202797
4.39 3.37 5.32 0.00 4.20 5.35 3.76 5.30 5.81 4.75 4.20 5.09 5.14 6.21 7.12 6.93 2.19 3.16 6.40 8.48 3.13 4.71 0.00 5.38 0.00 2.82 3.24 0.00 5.34 4.94 4.72 0.00 19215887
4.39 3.36 5.32 0.00 4.19 5.36 3.76 5.29 5.83 4.74 4.20 5.10 5.26 6.22 7.11 6.94 2.18 3.15 6.41 8.48 3.13 4.72 0.00 5.45 0.00 2.82 3.26 0.00 5.34 4.94 4.72 0.00 19228977
4.38 3.42 5.35 0.00 4.26 5.27 3.75 5.31 5.84 4.76 4.21 5.06 4.60 6.22 7.11 6.92 2.15 3.14 6.39 8.45 3.14 4.72 0.00 5.46 0.00 2.82 3.25 0.00 5.34 4.94 4.73 5.25 19242067
4.34 3.41 0.00 0.00 4.29 5.28 3.76 5.31 5.84 5.01 4.24 5.03 4.82 6.23 7.10 6.92 2.16 3.14 6.39 8.46 3.13 4.72 0.00 5.49 0.00 2.82 3.27 0.00 5.35 4.95 4.76 4.60 19255157
4.39 3.41 0.00 0.00 0.00 5.27 3.77 5.30 5.84 4.69 4.52 5.03 5.15 6.21 7.09 6.94 2.16 3.14 6.41 8.48 3.13 4.71 0.00 5.49 0.00 2.81 3.27 0.00 5.35 4.96 4.70 4.54 19268247
4.38 3.40 5.36 0.00 4.21 5.28 3.75 5.10 5.71 4.81 4.23 5.05 4.81 6.19 7.11 6.88 2.14 3.11 6.55 8.78 3.08 5.44 0.00 5.49 0.00 2.82 3.26 0.00 5.35 4.99 4.99 4.59 19281337
4.39 3.40 5.86 0.00 4.26 5.29 3.77 5.34 5.89 4.70 4.41 4.99 4.59 6.25 7.09 6.84 2.15 2.91 6.55 8.70 3.16 4.73 0.00 5.47 0.00 2.83 3.26 0.00 5.34 5.11 4.79 4.52 19294427
4.37 3.34 0.00 0.00 4.20 5.34 3.76 5.34 5.93 4.81 4.14 4.89 4.60 6.23 7.10 6.85 2.16 3.01 6.43 9.30 3.14 0.00 0.00 5.37 0.00 2.81 3.26 0.00 5.34 5.09 4.60 4.55 19307517
0.00 3.38 5.21 0.00 4.22 5.27 3.66 5.31 5.59 4.79 4.11 4.89 4.68 6.17 7.09 6.85 2.17 3.08 6.69 8.76 3.38 5.56 0.00 4.63 0.00 2.81 3.26 0.00 5.30 5.02 4.73 4.78 19320607
4.36 3.35 0.00 0.00 4.68 5.26 3.67 5.32 5.46 4.89 4.27 5.01 4.60 6.27 7.11 6.84 2.18 2.89 6.57 8.54 3.33 0.00 0.00 5.39 0.00 2.82 3.25 0.00 5.35 4.98 4.69 4.82 19333697
4.56 3.44 5.20 3.12 4.33 5.25 3.64 5.19 5.59 4.66 4.11 4.81 4.72 6.07 7.25 6.85 2.18 3.07 6.59 8.58 3.17 4.80 0.00 4.51 0.00 2.82 3.25 0.00 5.39 5.00 4.71 4.56 19346787
4.42 3.49 5.27 3.01 4.22 5.23 3.64 5.18 0.00 4.77 4.18 4.85 4.65 6.19 7.78 6.97 2.16 3.09 0.00 8.55 3.32 4.77 0.00 4.67 0.00 2.82 3.25 0.00 5.38 4.93 4.68 4.52 19359877
4.50 3.40 5.35 0.00 4.35 5.36 3.58 5.32 5.79 4.50 4.10 4.93 5.53 6.37 7.77 6.96 2.04 3.01 6.77 8.79 3.25 4.71 0.00 4.80 0.00 2.83 3.27 0.00 0.00 4.90 4.83 4.61 19372967
4.40 3.37 5.39 0.00 4.22 5.17 3.62 5.00 5.43 4.35 4.24 5.41 4.65 6.22 7.96 7.06 2.06 3.10 6.81 0.00 3.18 4.89 0.00 5.07 0.00 2.83 3.25 0.00 5.35 4.90 5.17 4.64 19386057
4.54 3.46 5.05 0.00 4.19 5.29 3.60 4.93 0.00 4.49 4.15 4.99 4.66 6.19 7.15 6.97 2.06 3.01 6.54 8.59 3.19 4.75 0.00 0.00 0.00 2.81 3.25 0.00 5.36 4.83 4.71 4.60 19399147
4.41 3.39 5.25 0.00 4.23 5.26 3.58 5.31 5.75 4.44 4.03 5.19 4.69 6.26 7.14 0.00 2.06 3.18 7.12 8.66 3.09 4.80 0.00 4.96 0.00 2.84 3.26 0.00 5.31 4.80 4.83 4.54 19412237
0.00 3.24 5.15 0.00 4.21 5.21 3.59 5.26 5.48 4.41 4.14 4.57 4.65 6.56 7.11 6.86 2.04 3.27 0.00 8.61 3.14 4.85 0.00 5.13 0.00 2.91 3.25 0.00 5.20 4.78 4.79 4.50 19425327
4.73 3.38 5.26 0.00 4.32 5.22 3.62 5.09 5.14 4.50 4.10 4.94 4.66 6.46 7.21 6.91 2.11 2.92 6.28 8.80 3.26 0.00 0.00 4.40 0.00 2.83 3.26 0.00 5.35 4.78 4.79 4.48 19438417
4.98 2.85 4.96 0.00 4.31 4.98 3.59 5.32 0.00 2.24 4.02 4.56 4.74 6.29 7.14 6.97 2.10 3.10 6.49 8.65 3.28 4.97 0.00 5.18 0.00 2.89 3.27 0.00 5.07 4.79 4.87 4.49 19451507
4.85 3.44 5.35 2.76 4.21 5.00 3.57 5.08 5.33 4.10 4.07 4.50 4.71 6.34 7.20 6.92 2.12 3.01 6.40 8.73 3.18 5.43 0.00 4.66 0.00 2.91 3.26 5.77 4.73 4.77 4.82 5.14 19464597
4.85 3.57 5.26 2.89 4.29 4.99 3.60 4.97 5.22 4.42 4.07 4.63 4.76 6.34 7.20 6.99 2.14 3.01 6.29 8.68 3.18 4.85 0.00 5.45 0.00 2.85 3.25 5.79 4.57 4.80 4.91 0.00 19477687
5.18 3.46 4.89 3.43 4.23 4.76 3.58 4.99 5.28 4.15 3.98 4.12 4.87 6.53 7.35 7.01 2.13 3.03 6.44 8.79 3.24 4.83 0.00 4.76 0.00 2.85 3.26 5.82 4.63 4.81 5.02 4.55 19490777
4.91 3.57 5.03 2.68 4.24 4.84 3.57 4.94 5.24 4.06 3.92 4.24 5.06 6.49 7.48 7.25 2.33 3.79 6.95 8.78 3.23 4.73 0.00 5.16 0.00 2.85 3.25 5.76 4.71 4.92 4.88 4.58 19503867
4.97 3.52 5.13 3.51 4.24 4.75 3.58 5.09 4.92 3.85 3.98 3.85 4.80 6.08 7.39 7.19 2.13 2.94 6.68 8.76 3.20 4.60 0.00 4.40 0.00 2.85 3.27 0.00 4.65 4.84 5.08 4.64 19516957
4.95 3.56 5.17 0.00 4.35 4.44 3.54 4.93 5.14 3.66 4.02 3.92 4.82 6.30 7.75 7.50 2.20 3.06 6.24 9.40 3.28 4.80 0.00 0.00 0.00 2.90 3.24 5.55 4.67 4.99 4.89 4.69 19530047
5.06 3.57 5.40 2.79 4.25 4.57 3.89 4.97 5.21 3.66 4.06 3.89 5.28 6.34 8.07 7.52 2.46 2.98 6.07 8.83 2.44 4.82 0.00 3.86 0.00 2.91 3.27 5.56 4.70 5.00 5.06 4.62 19543137
5.21 3.62 5.25 3.00 4.42 4.45 3.57 2.92 5.08 3.47 4.12 4.09 4.86 6.29 7.62 7.43 2.10 3.11 6.09 8.80 3.22 0.00 0.00 4.90 0.00 2.90 3.26 5.58 4.67 5.64 4.94 4.67 19556227
4.87 3.76 5.32 2.53 4.25 4.34 3.66 4.83 3.46 3.58 4.30 4.01 4.76 6.33 7.77 7.49 2.14 3.03 5.99 9.36 3.38 0.00 0.00 4.15 0.00 2.91 3.08 5.19 4.73 5.28 4.96 4.77 19569317
5.46 3.61 5.00 2.58 4.27 4.40 3.65 4.85 3.24 3.59 4.17 3.93 4.75 5.99 8.08 7.55 2.10 3.09 5.46 8.90 3.31 4.83 0.00 3.30 0.00 2.86 2.88 5.34 4.77 5.18 4.88 4.69 19582407
5.75 3.63 4.96 3.20 4.33 4.31 3.73 4.82 4.05 3.52 4.16 3.95 4.86 4.47 8.01 7.60 2.05 3.03 4.32 8.81 3.38 4.92 0.00 4.96 0.00 2.90 2.88 4.61 4.77 5.24 4.78 4.67 19595497
5.70 3.67 5.09 2.67 4.27 4.32 3.57 4.79 4.58 2.16 3.04 3.96 5.08 6.18 8.50 8.08 2.24 3.12 3.59 0.00 3.37 0.00 3.37 4.52 0.00 2.95 2.76 4.78 4.90 5.32 4.82 4.74 19608587
5.63 3.57 4.76 2.48 4.19 3.95 3.66 4.71 4.56 3.42 4.15 3.94 5.04 5.01 8.23 7.69 2.07 3.03 6.34 8.83 3.54 5.44 0.00 4.42 0.00 2.83 2.66 4.65 4.65 5.53 4.94 4.72 19621677
6.14 3.67 5.30 2.60 4.20 4.03 3.67 4.69 4.12 3.25 4.09 4.01 4.34 3.82 8.27 7.79 2.11 3.01 3.55 8.76 3.44 4.93 0.00 4.67 0.00 2.78 2.77 4.91 4.86 5.43 4.93 4.71 19634767
5.73 3.61 3.95 0.00 4.41 3.97 3.73 4.62 4.10 3.41 4.12 4.13 5.16 4.83 8.44 7.90 2.06 2.97 5.69 8.77 3.38 5.53 0.00 0.00 0.00 2.59 2.69 4.46 3.99 5.49 4.91 4.95 19647857
0.00 3.64 5.23 3.57 4.18 3.96 3.54 4.55 4.17 2.32 4.20 4.28 4.13 4.94 8.41 8.05 2.05 3.05 5.50 8.81 3.27 4.95 0.00 4.49 0.00 2.64 2.64 4.42 4.51 5.42 4.96 4.73 19660947
5.86 3.58 5.23 2.43 4.08 3.74 3.59 4.48 3.88 2.77 4.25 4.26 4.49 3.29 8.49 0.00 2.05 3.13 4.35 8.82 3.45 4.84 2.75 4.44 0.00 2.53 2.67 4.40 5.16 5.47 5.02 4.73 19674037
0.00 3.58 3.49 2.33 4.22 3.98 3.27 4.37 4.13 3.44 4.25 4.31 4.53 3.34 8.42 8.01 2.07 3.07 5.63 8.79 2.55 5.06 3.04 3.68 0.00 2.94 2.63 4.56 4.99 5.68 3.80 4.55 19687127
6.09 3.53 5.21 2.49 4.24 4.09 3.63 3.93 3.87 3.29 4.37 4.44 4.47 2.77 4.80 0.00 2.07 3.02 6.45 8.91 3.52 4.92 2.99 4.60 0.00 2.48 2.54 4.32 5.00 5.55 4.61 4.84 19700217
0.00 3.55 5.11 3.30 4.45 3.03 3.39 4.23 4.17 2.90 4.42 4.41 2.79 3.99 8.46 5.45 2.04 2.79 6.80 8.90 3.10 4.91 5.82 4.88 0.00 2.17 2.62 4.56 4.99 5.51 5.05 4.72 19713307
0.00 3.52 4.50 2.86 4.57 4.03 3.16 4.15 3.85 2.51 4.55 4.80 3.55 4.61 8.51 2.05 2.13 2.73 3.89 8.72 3.22 4.92 2.85 3.30 0.00 2.17 2.55 4.35 4.50 5.53 4.12 4.71 19726397
3.50 3.59 3.92 2.65 4.61 3.64 2.58 2.92 3.51 3.20 4.69 4.61 5.12 3.24 8.45 5.02 2.16 2.84 5.57 8.88 3.71 4.96 3.89 3.40 0.00 2.14 2.53 4.27 2.58 3.17 5.24 4.65 19739487
5.10 3.61 4.75 2.42 4.45 3.80 2.67 3.22 2.46 2.39 4.62 4.76 4.02 6.47 6.73 8.30 2.05 2.59 5.51 9.14 3.10 4.95 4.35 3.50 0.00 2.06 2.57 4.57 4.28 4.63 3.89 4.61 19752577
2.97 3.66 4.68 2.76 4.87 2.89 2.61 3.93 2.34 2.87 4.73 5.01 2.92 3.24 0.00 6.34 2.19 2.80 4.33 8.88 3.27 5.29 2.84 3.16 0.00 2.19 2.51 4.37 4.87 5.70 4.99 4.81 19765667
5.49 3.13 4.46 2.65 5.22 3.19 3.77 2.70 3.05 2.40 4.45 4.49 5.23 4.85 6.38 7.37 2.12 2.95 2.12 8.88 2.16 4.95 2.40 3.33 0.00 2.61 2.51 4.71 3.98 4.48 2.96 4.56 19778757
4.80 3.45 4.69 2.42 5.64 2.96 2.67 2.64 2.38 2.42 2.80 5.07 2.16 2.56 2.50 7.33 2.06 3.28 3.30 0.00 4.05 5.03 2.11 2.49 0.00 2.13 2.54 4.70 3.58 3.38 3.45 3.68 19791847
3.75 3.54 3.77 2.48 5.32 3.73 2.36 3.16 2.43 2.55 4.36 5.14 3.53 3.68 5.47 3.06 2.04 2.72 3.32 2.53 3.35 5.30 5.32 3.91 0.00 2.17 2.54 4.75 3.51 5.33 3.60 3.54 19804937
3.52 2.62 4.21 2.68 5.68 4.73 2.84 3.27 2.72 2.60 4.25 3.79 4.44 4.05 5.86 7.71 2.32 3.01 3.94 8.86 3.66 0.00 2.91 3.80 0.00 2.06 2.50 4.33 5.28 2.11 2.52 5.11 19818027
3.48 3.02 4.40 2.63 4.87 3.27 2.42 3.75 3.31 2.60 4.74 3.82 2.48 2.59 3.28 4.72 2.25 2.39 2.60 6.78 4.35 4.81 2.43 2.30 0.00 2.22 2.46 4.76 3.50 5.56 3.07 4.27 19831117
4.69 2.25 3.59 2.29 6.55 5.04 2.80 3.73 2.87 2.62 2.80 5.56 4.84 2.82 4.82 5.62 2.03 2.72 5.66 6.90 3.02 0.00 2.46 2.20 0.00 2.08 2.41 4.07 3.96 5.50 2.88 5.06 19844207
4.59 2.83 4.76 2.63 3.83 2.19 2.39 3.95 3.07 2.34 3.40 2.84 2.32 2.60 2.68 2.73 2.06 2.80 3.58 6.59 3.47 0.00 3.48 0.00 0.00 2.04 2.55 4.23 2.35 4.64 3.08 4.34 19857297
5.06 2.80 4.63 2.45 4.00 3.64 2.22 2.82 3.17 3.06 4.02 5.62 3.60 3.00 2.36 3.67 0.00 2.76 3.37 6.56 2.36 0.00 2.26 2.43 0.00 2.08 2.57 0.00 5.26 3.84 3.45 4.57 19870387
4.26 3.37 3.60 2.62 2.77 2.77 3.24 4.99 2.39 2.38 3.55 5.89 2.44 2.89 2.49 3.05 2.32 2.85 2.65 4.27 2.74 5.93 2.70 2.15 0.00 2.11 2.59 4.64 2.80 3.51 2.35 3.35 19883477
5.48 3.55 4.29 2.64 6.79 2.39 2.87 3.88 2.64 2.94 2.26 2.65 2.24 2.70 6.62 2.73 2.35 2.72 3.75 2.41 4.77 0.00 2.34 0.00 0.00 2.05 2.36 3.42 2.80 2.56 2.84 2.51 19896567
4.58 3.41 4.40 2.57 6.19 2.54 2.40 2.69 2.52 2.51 4.44 6.61 0.00 2.70 4.05 2.37 2.12 2.47 3.06 6.79 4.29 0.00 2.77 2.32 0.00 2.05 2.65 4.85 3.05 2.87 3.30 2.90 19909657
3.98 2.76 4.35 2.38 6.66 2.53 3.41 3.78 2.78 2.43 3.96 5.41 0.00 3.18 5.45 2.69 2.17 2.62 2.26 2.78 2.43 2.69 3.29 2.48 0.00 2.27 2.62 5.00 2.83 2.60 3.78 5.27 19922747
5.08 3.38 5.28 2.32 6.02 7.04 3.03 2.44 2.91 2.26 3.00 6.30 3.42 2.53 7.01 2.99 2.14 2.79 3.17 2.95 2.48 6.19 3.67 2.96 0.00 2.31 2.47 5.02 2.28 4.76 2.43 4.88 19935837
4.86 2.37 5.06 2.71 6.72 5.06 2.59 3.18 3.24 2.39 4.43 4.98 3.55 2.79 7.00 2.85 2.51 2.78 2.17 7.08 2.35 0.00 2.90 2.80 0.00 2.12 2.63 3.48 2.13 5.16 2.19 5.11 19948927
4.75 3.26 3.80 2.64 6.84 5.08 3.51 3.71 2.95 2.67 5.52 6.02 2.68 2.39 5.64 6.66 2.16 2.72 3.89 7.75 2.21 6.03 3.65 2.58 0.00 2.17 2.71 3.60 2.72 3.45 3.62 2.93 19962017
4.59 3.00 4.43 2.32 6.88 7.37 3.63 3.48 3.41 2.38 4.75 6.39 3.51 2.61 2.31 5.56 2.12 3.01 5.79 0.00 4.65 5.65 2.35 4.45 0.00 2.30 2.38 5.45 3.50 2.36 3.23 5.09 19975107
3.94 3.51 5.12 2.52 5.07 3.62 3.52 6.43 2.52 2.90 3.95 6.44 3.40 2.47 3.68 2.64 2.21 2.71 4.15 8.73 2.70 0.00 3.18 2.66 0.00 2.32 2.56 5.41 3.21 3.60 2.42 4.94 19988197
4.47 3.43 4.96 2.33 3.74 3.26 3.53 3.75 2.62 2.34 4.83 6.48 5.39 2.79 5.75 8.10 2.05 2.31 4.66 9.03 4.37 5.53 3.61 3.71 0.00 2.33 2.44 2.73 4.37 5.47 2.88 4.16 20001287
4.86 3.60 5.21 2.36 4.75 6.82 3.62 5.18 2.94 2.79 6.00 7.04 4.15 2.34 5.64 7.57 2.08 2.67 6.48 8.81 2.43 5.61 2.90 2.59 0.00 2.24 2.61 5.49 3.57 5.10 2.79 3.88 20014377
3.81 3.11 4.92 2.39 7.11 5.95 3.52 5.19 3.24 3.32 6.03 6.76 3.98 2.50 4.66 2.24 2.06 3.05 2.53 9.07 2.90 0.00 3.51 3.47 0.00 2.16 2.50 5.29 2.52 3.57 4.07 4.32 20027467
4.55 3.53 5.07 2.61 7.25 7.64 3.66 5.63 3.13 2.20 5.98 6.77 4.43 3.09 6.85 7.48 2.12 2.92 4.54 8.82 2.93 5.14 3.07 3.59 0.00 2.19 2.48 5.34 3.35 3.86 2.82 4.95 20040557
3.86 3.54 5.26 2.44 4.36 5.77 3.38 5.80 2.93 2.48 5.52 6.73 4.41 3.29 6.48 6.99 2.38 2.87 5.78 8.53 5.05 5.09 2.68 3.90 0.00 2.42 2.46 5.30 4.66 4.33 3.80 4.65 20053647
4.43 3.44 4.95 2.96 7.22 5.66 3.31 5.59 2.87 2.82 6.14 6.87 4.65 2.13 6.16 6.30 2.15 2.93 3.75 7.49 4.53 4.84 3.25 3.76 0.00 2.41 2.55 5.52 2.39 4.34 2.59 3.61 20066737
4.32 3.16 5.36 2.82 5.97 5.42 3.57 6.42 3.10 2.54 5.83 6.87 3.19 3.70 2.86 6.00 2.13 2.77 4.85 8.79 2.72 4.88 2.28 2.09 0.00 2.21 2.50 5.26 4.19 5.52 3.39 3.87 20079827
4.56 2.79 5.07 2.77 7.68 7.52 3.56 5.44 3.29 3.61 6.29 7.26 3.92 2.46 5.86 6.36 2.13 2.69 4.13 8.41 3.34 4.95 3.73 3.64 0.00 2.20 2.60 5.73 5.46 4.04 2.63 3.09 20092917
4.23 3.08 5.49 2.89 7.55 6.58 3.06 6.07 2.73 2.34 6.58 6.98 3.74 3.28 5.51 6.54 2.18 2.81 4.28 8.60 4.82 4.77 3.65 3.47 0.00 2.17 2.56 5.25 4.54 5.43 4.50 4.29 20106007
3.95 3.52 4.86 2.49 7.30 5.25 2.98 4.54 2.41 3.28 6.53 7.04 3.51 4.43 6.09 6.18 2.08 2.92 6.45 9.17 3.35 0.00 2.68 5.24 0.00 2.15 2.56 5.94 5.19 3.26 4.65 4.44 20119097
3.68 3.41 5.42 2.76 8.08 8.26 3.35 6.20 2.97 2.64 6.49 6.95 3.81 4.28 5.96 6.06 2.13 2.87 7.09 4.49 3.54 4.77 3.76 5.33 0.00 2.24 2.49 0.00 3.88 5.62 4.31 2.37 20132187
3.59 3.16 4.97 2.78 7.27 8.35 3.77 2.98 2.70 3.72 6.77 7.37 3.75 2.26 5.54 5.70 2.19 3.06 6.38 8.66 4.59 4.90 4.31 4.32 0.00 2.26 2.61 4.82 4.89 5.49 5.20 4.92 20145277
3.71 3.49 4.95 2.99 7.51 8.33 3.82 3.84 3.07 2.82 6.67 7.05 3.77 3.01 5.49 5.61 2.14 2.97 7.12 9.16 4.51 0.00 3.81 4.27 0.00 2.20 2.71 0.00 3.42 5.25 3.57 4.68 20158367
3.66 3.48 5.52 2.77 7.02 8.20 3.25 6.20 2.39 2.94 6.73 7.17 3.75 4.28 5.44 5.59 2.14 2.78 5.50 8.67 3.38 5.14 3.54 4.66 0.00 2.19 2.66 5.25 4.21 5.15 5.22 4.76 20171457
3.80 3.40 5.05 2.78 7.78 8.29 3.42 5.57 2.99 3.39 6.82 7.71 3.73 4.45 5.52 5.68 2.15 2.82 6.82 8.74 4.62 4.91 3.41 5.62 0.00 2.27 2.69 5.43 4.01 5.20 4.70 4.76 20184547
4.31 3.40 5.14 2.15 7.38 8.14 3.46 5.82 3.09 4.01 6.70 7.09 3.55 4.79 5.47 5.26 2.01 2.73 6.48 8.47 4.10 4.95 0.00 2.57 0.00 2.21 2.64 5.17 5.36 5.29 5.11 4.80 20197637
3.81 3.40 5.18 3.13 7.82 8.26 4.19 0.00 3.09 2.24 7.00 7.06 3.62 4.74 5.24 5.30 2.07 2.91 6.31 8.56 4.57 4.83 3.37 4.39 0.00 2.30 2.71 5.07 5.66 5.29 5.10 4.50 20210727
3.74 3.31 5.78 3.11 7.40 8.18 3.71 6.03 3.08 4.45 6.80 7.07 3.80 4.77 5.58 5.39 2.14 2.72 6.35 8.50 4.09 4.89 5.37 4.50 0.00 2.55 2.75 5.23 5.69 5.68 5.11 4.70 20223817
3.50 3.62 5.31 2.75 7.80 7.09 3.39 6.47 2.83 3.45 7.12 7.07 4.02 4.83 5.29 5.69 2.06 2.98 6.51 8.74 4.36 0.00 4.25 5.31 0.00 2.32 2.72 5.21 3.51 5.05 5.22 4.43 20236907
3.57 3.23 5.06 2.93 7.08 8.31 3.64 5.87 3.11 4.58 6.88 0.00 3.64 4.83 5.30 5.30 2.24 2.77 6.16 9.30 4.27 5.11 0.00 4.82 0.00 2.38 2.90 5.16 5.41 5.12 5.09 4.20 20249997
3.49 3.36 5.10 2.93 7.44 8.13 3.50 6.24 3.24 2.91 6.88 7.20 3.75 4.92 5.28 5.27 2.07 2.99 6.15 8.82 4.28 4.91 0.00 4.39 0.00 2.31 2.86 5.09 4.55 5.31 5.43 4.37 20263087
3.51 3.35 5.12 3.13 7.05 8.35 3.77 0.00 2.96 4.41 6.98 7.37 3.59 4.85 5.30 5.36 2.08 2.69 6.19 8.76 4.06 4.95 0.00 5.40 0.00 2.31 3.01 5.43 3.46 5.36 3.64 4.40 20276177
3.47 3.14 5.13 3.01 7.58 8.34 3.89 6.06 3.31 4.68 6.90 7.15 3.72 4.52 5.31 5.23 2.23 2.70 5.97 8.65 4.59 4.85 2.61 0.00 0.00 2.32 2.97 0.00 5.60 5.37 4.70 4.34 20289267
3.55 3.38 4.97 2.80 7.04 8.31 3.67 6.04 3.30 4.58 7.04 7.24 3.72 4.79 5.32 5.32 2.11 2.97 6.93 8.84 4.43 5.01 7.65 5.36 0.00 2.31 2.95 5.35 5.98 5.27 4.55 4.10 20302357
3.54 3.33 5.17 3.35 7.08 8.18 3.38 0.00 3.34 3.70 6.99 7.58 3.77 4.78 5.43 5.36 2.06 2.73 6.34 8.73 4.49 5.32 0.00 5.02 0.00 2.32 2.93 5.52 5.71 5.30 4.92 3.81 20315447
3.56 3.16 5.24 0.00 7.27 8.33 3.64 5.80 3.34 3.38 7.10 7.36 3.72 4.79 5.24 5.30 2.05 2.74 5.98 8.85 4.20 4.91 4.75 4.72 0.00 2.31 3.06 5.57 5.21 5.30 4.69 3.76 20328537
3.49 3.15 5.29 2.71 7.32 8.31 3.77 0.00 3.33 4.70 7.27 7.59 3.57 3.79 5.84 5.34 2.12 3.21 7.10 8.53 4.33 4.88 3.53 3.77 0.00 2.39 3.02 5.45 5.41 5.32 4.38 3.97 20341627
3.52 3.17 5.07 2.79 7.39 8.35 3.86 0.00 3.42 3.93 7.36 7.43 3.67 4.60 5.32 5.38 2.06 2.89 6.13 8.82 3.91 4.86 2.55 0.00 0.00 2.36 3.56 5.18 5.63 5.25 3.82 3.37 20354717
3.57 3.11 5.26 2.86 7.51 8.33 3.53 6.02 3.33 4.48 7.35 7.42 3.77 4.44 5.39 5.42 2.31 2.85 4.05 8.76 4.25 0.00 8.14 4.84 0.00 2.49 2.99 5.41 5.19 5.39 3.78 3.49 20367807
3.66 3.12 5.25 3.04 7.34 8.20 3.78 5.87 3.12 2.78 7.24 7.34 3.94 4.82 5.37 5.50 2.09 2.78 6.52 8.72 3.95 4.92 3.32 0.00 0.00 2.62 3.13 5.26 5.43 5.29 3.68 3.74 20380897
3.52 3.16 5.13 3.51 7.10 7.63 3.84 0.00 3.43 4.26 7.31 7.54 3.89 4.91 5.50 5.46 2.16 2.75 6.93 8.65 3.79 5.18 0.00 4.52 0.00 2.46 3.05 0.00 5.46 5.36 4.40 3.28 20393987
3.51 3.23 5.18 2.99 7.03 8.32 3.64 5.97 3.18 5.02 7.37 7.39 3.52 5.02 5.50 5.56 2.13 2.89 4.57 0.00 2.46 4.76 3.72 4.67 0.00 2.66 3.16 5.39 3.24 5.20 3.73 3.07 20407077
3.63 3.21 5.15 2.62 7.27 8.23 3.66 5.77 3.51 4.45 7.25 7.47 3.70 4.93 5.59 5.66 2.09 2.82 6.12 9.19 3.74 4.99 0.00 0.00 0.00 2.72 3.13 5.73 5.27 5.10 3.63 2.89 20420167
3.62 3.19 5.22 2.85 6.84 8.21 3.56 6.08 3.51 3.27 7.44 7.32 3.55 5.28 5.55 5.50 2.36 2.90 6.02 8.72 3.78 5.07 4.98 4.61 0.00 2.62 3.14 5.49 4.87 5.31 3.16 2.92 20433257
3.54 3.00 5.17 3.39 7.18 5.22 4.17 6.06 3.15 3.49 7.51 7.69 3.77 4.22 5.54 5.76 2.29 2.69 6.23 8.72 3.69 5.38 3.07 3.98 0.00 2.51 3.18 0.00 5.10 4.67 3.56 2.50 20446347
3.62 3.08 5.22 2.90 6.63 8.30 3.76 5.54 3.16 4.59 6.74 8.14 3.71 3.81 5.63 5.74 2.13 3.02 6.28 8.83 3.67 5.09 5.37 5.13 0.00 2.56 3.18 0.00 3.59 5.18 3.43 2.57 20459437
3.57 3.24 4.77 3.03 7.09 6.40 3.54 5.85 3.81 4.55 7.53 0.00 3.87 5.12 5.71 4.19 2.01 3.08 2.58 9.03 3.53 5.00 5.41 0.00 0.00 2.56 3.23 5.36 2.87 4.65 3.23 2.80 20472527
3.57 3.22 4.90 2.49 5.82 5.64 3.41 5.53 3.20 2.84 7.64 7.48 3.76 4.75 5.72 5.65 2.11 2.80 6.26 8.91 3.64 5.20 2.66 3.39 0.00 2.69 3.21 5.28 4.54 4.99 3.09 2.43 20485617
3.64 3.17 5.14 2.57 6.72 7.37 3.81 5.38 3.23 2.49 7.97 0.00 4.01 2.73 5.80 5.70 2.18 2.93 5.62 8.73 3.68 4.82 2.46 0.00 0.00 2.66 3.27 5.17 3.31 4.66 2.99 2.45 20498707
3.72 3.32 5.20 2.88 6.80 7.14 3.58 5.39 3.14 3.55 7.78 7.47 3.91 2.81 5.83 5.82 2.10 3.05 3.00 8.61 3.63 4.97 7.56 3.16 0.00 2.59 3.31 5.61 3.51 4.97 2.46 2.54 20511797
3.74 3.31 5.62 2.68 6.98 7.31 3.29 5.69 3.36 2.53 7.36 7.39 3.73 3.11 5.98 5.78 2.02 2.91 5.12 6.72 3.37 4.97 3.91 2.96 0.00 2.85 3.39 5.21 3.72 3.58 2.57 2.51 20524887
3.85 3.34 4.90 2.95 4.64 5.70 3.09 4.27 3.24 2.73 6.38 7.86 4.06 4.28 6.02 5.91 2.17 2.46 4.52 7.24 3.21 4.87 5.40 3.06 0.00 2.81 3.44 5.32 3.67 4.45 2.47 2.59 20537977
3.87 3.19 5.13 2.77 6.67 8.06 3.60 5.03 2.92 3.22 6.67 7.82 3.64 4.49 6.08 5.13 2.36 3.15 3.33 8.65 2.73 4.94 5.47 3.92 0.00 2.69 3.49 5.29 2.82 3.55 2.55 2.48 20551067
3.80 3.31 5.80 2.42 6.50 6.86 3.27 4.74 3.74 2.63 4.83 0.00 4.27 4.29 5.98 4.17 2.16 3.02 3.58 6.09 2.80 4.83 2.91 2.35 0.00 2.72 3.50 5.36 2.74 4.61 2.47 2.55 20564157
3.57 3.28 4.65 2.96 6.50 5.31 3.57 4.32 4.02 2.24 7.80 0.00 4.36 5.00 6.22 6.06 2.11 2.95 3.60 4.00 2.44 5.27 3.73 3.84 0.00 2.88 3.63 5.14 4.01 4.45 2.72 2.55 20577247
3.89 3.30 4.82 2.92 6.94 5.50 3.11 5.30 3.38 2.70 7.02 8.20 3.37 4.33 6.17 5.41 2.08 2.90 7.03 8.65 3.26 0.00 3.21 0.00 0.00 2.93 3.56 4.84 3.41 4.40 2.51 2.58 20590337
3.76 3.38 5.46 2.96 5.44 6.59 3.56 2.49 4.64 2.76 7.20 8.07 3.83 5.60 6.29 6.36 2.04 3.09 6.39 0.00 3.81 0.00 2.84 4.00 0.00 2.90 3.80 4.66 3.53 4.08 2.96 2.59 20603427
3.58 3.39 5.08 3.24 6.65 7.17 3.19 5.27 4.82 3.55 7.83 7.95 4.07 3.57 6.21 6.19 2.09 3.01 5.40 8.59 3.84 0.00 4.81 5.26 0.00 2.92 3.67 4.60 3.74 4.39 3.06 2.66 20616517
3.71 3.42 5.18 3.03 6.47 7.57 3.45 5.46 4.75 5.82 8.08 0.00 3.98 5.87 6.38 6.24 2.04 3.29 5.13 9.12 3.73 5.12 4.46 0.00 0.00 2.90 3.65 4.58 3.13 4.39 3.11 2.46 20629607
3.86 3.38 5.31 2.53 6.09 7.28 3.58 5.46 4.73 2.84 7.91 7.73 4.84 5.76 6.29 3.90 2.19 3.06 6.32 8.70 3.98 5.00 4.39 4.78 0.00 2.89 3.71 4.37 3.71 3.72 3.14 2.44 20642697
3.86 3.46 5.49 2.62 6.45 6.01 3.94 5.36 4.06 3.98 7.92 7.70 4.10 5.59 6.25 6.30 2.04 3.21 6.60 8.93 3.83 5.51 0.00 3.40 0.00 2.88 3.66 4.40 3.40 4.42 3.10 2.40 20655787
4.04 3.39 0.00 3.35 6.62 7.28 3.61 5.25 4.50 5.34 8.00 0.00 4.19 5.90 6.40 6.30 2.09 3.07 6.49 8.59 3.85 0.00 2.73 4.79 0.00 2.98 3.71 4.47 3.49 4.52 3.13 2.43 20668877
3.94 3.36 5.29 0.00 6.38 7.19 3.60 5.46 4.99 5.57 8.02 0.00 4.54 5.87 6.36 6.26 2.09 3.17 6.57 0.00 3.86 5.09 3.27 4.64 0.00 3.07 3.70 4.19 3.65 4.47 3.08 2.53 20681967
3.70 3.46 5.29 3.05 6.47 6.48 3.58 5.53 5.27 5.39 7.84 0.00 4.22 5.81 6.60 6.25 2.08 3.17 0.00 8.76 3.86 5.26 0.00 4.88 0.00 2.94 3.72 4.02 3.63 4.38 2.79 2.47 20695057
4.37 3.36 5.15 0.00 6.61 6.07 3.48 5.40 5.13 5.47 7.86 0.00 4.35 5.79 6.35 6.27 2.08 3.83 0.00 8.57 4.12 0.00 0.00 0.00 0.00 0.00 3.75 4.32 3.61 4.43 2.75 2.36 20708147
3.65 3.38 5.19 3.37 6.50 6.32 3.48 6.11 4.99 5.73 0.00 8.02 4.35 5.86 6.56 6.34 2.07 3.11 0.00 8.56 4.01 5.25 2.83 4.85 0.00 3.00 3.75 4.18 3.64 4.50 2.81 2.43 20721237
3.89 3.33 5.23 3.07 6.72 7.32 3.60 5.53 4.82 5.47 8.00 8.29 4.39 5.77 6.36 6.32 2.15 3.12 6.24 8.57 4.02 5.12 0.00 4.02 0.00 2.97 3.72 3.68 3.53 4.47 2.64 2.38 20734327
3.88 3.38 5.17 3.07 6.45 7.23 3.51 5.51 5.11 5.98 8.01 8.31 4.64 5.76 6.54 6.30 2.03 2.85 0.00 8.59 4.02 5.13 0.00 3.98 0.00 2.91 3.81 4.23 3.65 4.57 2.64 2.39 20747417
3.97 3.32 5.18 3.01 6.57 6.99 3.50 5.46 4.91 5.84 8.05 7.96 4.43 5.83 6.43 6.32 2.08 3.05 0.00 8.63 4.00 0.00 0.00 0.00 0.00 2.86 3.74 3.70 3.64 4.57 2.59 2.37 20760507
3.71 3.70 5.12 3.37 6.60 6.83 3.50 5.66 4.92 4.26 8.14 0.00 4.16 5.86 6.38 6.43 2.84 3.21 0.00 8.63 4.16 0.00 0.00 3.77 0.00 3.07 3.77 3.77 3.62 4.67 2.61 2.50 20773597
3.71 3.32 5.90 3.01 6.81 6.73 3.56 5.76 5.04 4.49 7.95 7.81 4.99 5.73 6.59 6.44 2.11 2.88 0.00 8.62 4.17 5.23 0.00 0.00 0.00 0.00 3.77 3.78 3.57 4.50 2.83 2.51 20786687
3.67 3.31 0.00 3.43 6.30 6.74 3.51 6.00 4.88 5.86 0.00 0.00 4.41 5.78 6.79 6.31 2.05 2.89 6.32 8.60 4.11 5.06 0.00 0.00 0.00 3.19 3.74 3.75 3.69 4.51 2.55 2.47 20799777
3.73 3.33 5.30 0.00 6.37 6.85 3.96 5.79 4.99 4.92 8.08 0.00 4.41 5.66 6.46 6.50 2.09 3.14 6.17 0.00 4.14 5.14 0.00 0.00 0.00 2.90 3.91 3.31 2.74 4.64 2.75 2.51 20812867
3.76 3.72 5.35 0.00 6.51 6.69 3.50 5.79 4.74 3.32 8.07 7.87 4.20 5.86 6.55 6.73 2.11 3.00 6.68 8.66 4.29 5.34 0.00 3.83 0.00 2.94 3.75 3.67 3.70 4.65 2.56 2.52 20825957
3.77 3.26 5.34 3.03 6.21 6.54 3.48 5.89 4.92 4.69 8.11 0.00 4.60 5.89 7.01 6.50 2.12 3.05 6.42 8.67 4.31 5.24 0.00 4.50 0.00 2.81 3.79 3.49 3.58 4.51 2.58 2.52 20839047
3.96 3.28 5.41 3.11 6.35 6.03 3.48 6.02 5.04 4.08 8.07 0.00 4.33 6.10 6.73 6.43 2.04 3.24 6.11 0.00 4.28 0.00 3.20 4.78 0.00 2.85 3.79 3.23 3.63 4.77 2.52 2.61 20852137
3.79 3.19 0.00 2.88 5.91 5.09 3.64 6.56 3.31 3.36 7.59 7.74 4.45 5.36 6.64 6.67 2.23 2.93 6.29 8.80 4.43 5.53 4.71 2.57 0.00 2.91 3.83 3.24 3.19 4.56 2.49 2.66 20865227
3.93 3.35 5.22 2.95 5.78 3.80 3.65 5.85 4.46 2.47 5.54 8.11 4.62 4.26 6.79 6.64 2.14 3.03 6.24 8.74 4.62 0.00 4.84 0.00 0.00 2.88 3.86 3.19 3.64 4.76 2.59 2.58 20878317
3.88 3.44 4.97 2.28 5.81 4.47 3.81 2.92 3.50 2.51 4.30 0.00 4.44 2.97 6.93 6.86 2.23 3.09 3.32 8.78 4.67 5.57 2.76 2.48 0.00 3.00 3.85 3.22 3.63 4.08 2.47 2.80 20891407
3.43 3.06 4.85 2.71 2.49 4.16 3.60 5.81 3.75 2.53 5.70 3.68 4.16 3.85 6.92 6.83 2.13 2.99 3.09 8.76 3.64 5.33 3.13 0.00 0.00 2.92 3.60 3.02 3.79 4.42 2.54 2.63 20904497
4.19 3.09 5.30 2.73 4.63 3.49 3.44 5.96 2.79 2.68 3.12 3.27 3.28 2.61 2.81 6.21 2.14 2.98 3.33 8.25 4.91 0.00 2.82 2.24 0.00 3.18 3.77 3.17 3.24 4.20 2.65 2.73 20917587
4.09 3.50 5.08 2.95 4.39 3.96 2.57 5.54 2.13 2.40 3.19 3.22 4.54 2.33 6.70 6.42 2.16 3.25 4.70 2.39 4.65 5.57 2.61 3.73 0.00 3.23 3.65 2.89 2.58 4.76 2.45 2.73 20930677
3.94 3.13 2.98 2.50 3.37 2.42 2.86 2.61 2.90 2.72 2.39 3.17 2.15 2.75 5.76 2.73 2.31 2.26 3.06 5.16 2.77 5.66 2.23 2.37 0.00 2.88 2.89 3.29 3.80 3.11 2.53 3.00 20943767
4.02 3.20 3.20 2.60 4.08 2.88 3.50 2.99 2.46 2.19 2.40 2.04 3.19 2.32 3.77 2.41 2.40 2.65 3.09 2.38 2.28 0.00 3.06 3.78 0.00 2.71 2.70 2.74 2.28 4.01 2.43 2.91 20956857
3.99 2.62 2.41 2.60 3.55 3.39 2.83 2.61 2.74 2.36 2.05 4.24 2.20 2.50 2.40 3.74 2.24 2.75 3.02 2.46 3.02 0.00 2.30 2.81 0.00 2.64 2.86 2.59 2.31 2.87 2.39 2.94 20969947
4.38 2.81 2.59 2.56 3.46 2.67 2.86 2.98 2.42 2.52 3.20 4.66 2.95 2.30 2.59 2.55 2.31 2.44 2.62 3.58 3.48 0.00 3.32 2.37 0.00 2.36 2.76 3.33 3.11 2.75 2.33 2.56 20983037
4.45 2.55 4.96 2.50 3.79 2.23 2.66 2.37 2.20 2.56 2.76 4.94 2.54 2.63 2.60 2.34 2.05 2.78 2.85 2.79 3.49 2.97 2.56 2.79 0.00 2.14 2.53 3.32 3.02 2.39 2.11 2.85 20996127
3.88 2.61 4.02 2.41 4.31 2.61 2.48 2.41 2.63 2.41 2.87 4.05 2.29 2.68 2.40 2.45 2.30 2.20 3.46 2.72 2.35 0.00 2.55 2.47 0.00 2.10 2.25 2.56 2.76 2.42 2.42 3.05 21009217
3.21 2.69 4.06 2.19 4.40 2.53 3.23 2.87 2.45 2.43 2.91 2.49 2.43 2.48 2.53 2.58 2.18 2.54 3.19 3.51 2.73 0.00 2.39 2.18 0.00 2.33 2.34 3.07 2.49 3.14 2.45 2.56 21022307
3.45 2.83 4.27 2.46 4.49 2.70 3.35 2.57 2.79 2.54 2.95 2.76 3.01 2.22 2.78 3.17 2.18 2.64 2.95 2.64 3.47 5.29 2.46 0.00 0.00 2.61 3.02 3.42 2.53 2.97 2.18 2.59 21035397
4.05 3.04 2.68 2.38 5.11 3.26 2.85 2.32 2.47 2.34 2.23 3.14 2.41 2.68 3.95 3.08 2.14 2.70 3.43 2.45 2.48 4.78 2.31 2.12 0.00 2.83 2.83 3.38 2.73 2.23 2.26 2.37 21048487
4.27 2.25 4.86 2.75 3.01 2.18 2.29 3.61 2.43 2.39 3.91 3.29 2.70 2.61 2.60 3.85 2.32 3.06 2.39 0.00 2.27 4.60 2.26 2.53 0.00 2.79 2.35 2.69 3.20 2.89 2.40 3.01 21061577
3.94 2.55 3.28 2.42 5.15 2.49 2.89 3.72 2.18 2.35 2.69 2.38 2.23 2.21 5.63 2.10 2.38 2.43 2.71 2.70 2.45 4.91 2.33 2.28 0.00 3.09 2.60 2.31 3.09 2.27 2.17 3.11 21074667
2.31 2.43 2.97 2.29 3.95 2.27 2.73 2.71 2.25 2.76 3.03 2.99 2.38 2.80 3.97 2.78 2.12 2.76 3.32 2.33 2.71 4.91 2.24 2.92 0.00 2.93 2.73 3.24 2.59 2.58 2.31 2.71 21087757
4.78 3.19 4.37 2.54 5.30 2.37 3.14 2.90 2.89 2.24 2.46 4.12 2.37 2.31 8.41 2.56 2.13 2.85 3.03 2.52 2.82 0.00 2.33 2.14 0.00 2.72 3.56 2.87 3.44 2.91 2.48 2.57 21100847
4.79 2.52 4.79 2.58 3.80 2.85 2.57 2.53 2.31 2.33 2.51 2.11 2.10 2.83 3.41 5.11 2.27 2.51 2.63 2.87 2.61 0.00 2.39 2.32 0.00 3.20 3.24 2.66 2.72 2.27 2.29 3.11 21113937
4.18 3.14 3.75 2.61 4.54 3.05 2.89 4.46 3.09 2.56 2.30 3.71 2.25 3.71 6.60 3.61 2.03 2.52 4.20 2.10 2.19 0.00 2.28 2.29 0.00 3.35 2.76 2.47 2.65 2.33 2.60 2.91 21127027
4.56 2.58 4.86 2.98 5.41 2.28 2.57 2.58 2.82 2.65 2.51 4.40 2.55 2.69 8.41 2.49 2.43 2.73 4.01 2.54 2.55 4.78 2.25 2.67 0.00 3.47 2.64 3.44 2.49 2.24 2.39 3.00 21140117
4.77 2.35 4.42 2.85 5.36 4.18 2.46 3.14 2.73 2.73 2.76 3.43 4.46 2.71 7.42 2.98 2.21 2.83 3.21 3.61 2.39 4.86 2.45 2.43 0.00 3.00 2.21 3.40 3.09 2.56 2.26 2.75 21153207
4.75 2.15 4.16 2.25 5.19 3.46 3.37 4.89 3.18 2.33 2.15 3.91 2.11 2.99 8.38 3.65 2.06 2.37 2.46 2.56 2.65 4.80 2.73 2.05 0.00 2.84 2.52 2.96 2.45 2.31 2.35 2.91 21166297
4.70 2.56 3.40 2.83 5.60 2.55 3.30 2.44 3.71 2.48 4.12 7.03 2.46 3.54 8.39 2.33 2.17 2.67 3.14 4.01 3.99 4.79 2.45 0.00 0.00 2.84 2.97 3.39 2.85 2.82 2.61 3.05 21179387
4.95 3.29 4.51 2.51 3.69 2.89 3.43 3.59 3.07 2.29 3.60 5.93 3.10 3.12 6.67 2.83 2.04 3.05 2.60 2.12 2.52 4.85 2.82 2.40 0.00 2.99 3.15 3.44 2.47 3.39 2.62 3.09 21192477
3.46 2.64 4.64 2.54 5.57 3.63 3.04 4.77 2.85 2.77 2.58 2.11 2.62 2.71 7.12 2.70 2.08 2.43 2.39 2.23 3.00 3.69 2.25 2.36 0.00 2.99 2.72 3.46 2.66 3.48 2.49 2.53 21205567
4.66 3.24 4.17 2.77 5.70 2.16 3.32 2.51 2.49 2.61 2.76 2.35 0.00 3.17 8.38 2.85 2.30 2.90 2.98 6.14 3.49 4.86 2.54 2.05 0.00 2.96 3.09 3.56 2.74 3.82 2.49 3.08 21218657
4.72 3.35 4.74 2.10 6.31 2.63 3.57 4.61 2.64 2.28 4.54 6.47 2.61 4.57 7.45 2.15 2.84 2.88 5.48 0.00 2.46 4.80 2.65 2.60 0.00 2.98 3.41 3.87 2.72 2.76 2.40 3.12 21231747
4.79 3.35 4.78 2.61 5.65 3.09 3.42 4.39 2.83 2.77 6.28 5.66 0.00 3.06 3.99 0.00 2.41 2.91 2.87 3.06 3.82 5.21 2.54 2.66 0.00 3.17 2.47 3.90 4.25 4.09 2.43 3.20 21244837
4.63 3.42 4.78 2.54 5.61 3.00 3.95 4.00 4.50 2.29 5.29 6.41 0.00 2.39 8.38 0.00 2.21 2.99 2.23 8.80 4.16 5.18 3.15 2.33 0.00 3.00 3.06 4.02 4.09 2.67 2.71 3.32 21257927
4.63 2.81 4.76 2.60 5.19 4.17 3.63 4.53 2.99 2.84 4.27 6.40 0.00 4.88 8.38 0.00 2.24 3.04 4.03 0.00 3.02 5.23 2.73 3.06 0.00 3.33 3.80 4.40 2.46 3.74 2.96 3.42 21271017
4.73 3.47 4.95 2.68 5.87 5.28 4.00 4.64 4.75 2.41 3.95 6.26 0.00 4.76 8.38 0.00 2.09 3.07 2.75 8.69 4.10 0.00 3.16 2.40 0.00 3.33 2.43 4.51 3.47 2.72 2.71 3.43 21284107
4.60 3.43 4.84 2.75 5.77 4.07 3.69 4.64 2.55 2.54 5.28 5.64 2.67 3.03 8.39 0.00 2.13 2.87 3.78 8.79 4.40 4.87 2.32 2.70 0.00 3.26 3.45 4.78 4.28 3.26 2.82 3.27 21297197
4.53 3.37 4.61 2.43 5.78 5.45 3.92 4.59 5.00 3.70 6.69 6.28 0.00 2.88 8.39 0.00 2.38 2.79 5.30 8.73 4.28 4.90 3.25 2.56 0.00 3.47 3.09 4.38 4.70 4.58 2.66 3.39 21310287
4.62 3.53 4.86 2.58 5.90 5.41 3.63 4.88 4.42 2.55 5.19 6.37 6.40 4.76 8.38 0.00 2.02 2.97 6.24 8.59 4.44 0.00 3.69 3.63 0.00 3.22 3.11 5.17 4.07 5.00 2.79 3.50 21323377
4.49 3.61 4.91 2.81 5.80 5.18 3.49 4.59 4.89 2.36 6.06 0.00 0.00 7.79 8.38 0.00 2.37 3.05 5.91 8.57 4.42 5.50 2.46 3.73 0.00 3.68 3.42 4.70 4.31 5.09 2.66 3.63 21336467
4.57 3.56 4.78 2.64 5.74 5.54 3.53 4.60 4.91 4.74 6.04 6.34 6.34 6.61 8.38 0.00 2.08 3.11 6.15 8.75 4.43 4.91 2.36 3.27 0.00 3.63 2.99 4.68 5.02 4.36 3.17 3.47 21349557
4.65 3.62 4.83 3.26 6.11 5.54 4.23 4.72 4.52 3.82 5.81 6.78 0.00 7.62 8.48 0.00 2.43 2.92 6.51 8.68 3.39 5.37 3.32 4.46 0.00 3.43 4.45 4.71 5.44 4.15 2.84 3.42 21362647
4.62 3.59 4.95 2.89 5.80 2.96 3.55 4.67 4.94 4.30 6.09 6.37 0.00 7.56 6.89 0.00 2.04 2.87 6.06 8.71 4.35 4.81 3.31 3.68 0.00 3.47 4.49 4.83 4.50 3.71 3.20 3.41 21375737
4.83 3.71 4.93 0.00 6.39 5.59 3.46 4.55 4.84 4.50 6.04 6.29 0.00 7.58 8.39 0.00 2.04 3.00 6.08 8.60 4.36 0.00 3.31 4.21 0.00 3.67 4.79 4.85 4.13 5.15 3.36 3.45 21388827
4.58 3.63 4.91 0.00 5.91 5.71 3.46 4.74 4.75 4.37 5.99 6.20 0.00 7.51 8.38 0.00 2.21 2.98 5.96 8.55 4.34 5.13 3.00 3.88 0.00 3.61 4.61 4.92 5.37 4.72 2.97 3.38 21401917
4.51 3.61 4.89 0.00 5.84 5.71 4.01 4.57 5.35 4.96 5.97 6.29 0.00 7.50 8.34 0.00 2.25 3.00 6.83 8.59 4.37 4.88 2.34 4.14 0.00 3.60 5.20 4.70 3.44 5.48 2.90 3.43 21415007
4.66 3.65 4.84 0.00 5.70 5.58 4.28 4.56 4.79 4.34 6.06 6.30 0.00 7.52 8.38 0.00 2.06 3.08 5.57 8.62 4.57 0.00 0.00 2.06 0.00 3.75 5.40 4.92 5.48 5.33 3.34 3.45 21428097
4.50 3.57 4.80 2.75 5.68 5.70 3.90 4.65 4.71 5.10 6.09 6.32 6.32 7.44 8.45 0.00 2.18 2.97 6.98 0.00 4.31 0.00 4.95 4.82 0.00 0.00 5.47 4.46 5.48 5.47 3.29 3.56 21441187
4.60 3.51 4.82 3.33 5.77 5.62 4.03 4.52 4.67 4.11 6.05 6.33 0.00 7.52 8.43 0.00 2.16 2.88 5.25 8.68 4.37 4.94 6.92 2.12 0.00 3.75 5.62 4.25 3.97 5.32 3.25 3.62 21454277
4.51 3.61 4.88 3.05 5.94 5.67 3.63 4.69 4.44 4.32 5.74 6.25 0.00 7.49 8.42 0.00 2.02 3.05 5.62 8.86 4.39 4.98 2.95 4.94 0.00 3.80 5.55 4.43 4.92 4.46 3.39 3.70 21467367
4.59 3.63 5.06 3.11 5.78 5.69 3.89 4.52 4.41 4.83 5.80 6.32 0.00 7.56 8.39 0.00 2.29 3.29 6.38 9.42 4.40 0.00 5.53 4.47 0.00 4.00 5.58 4.74 4.82 4.14 3.31 3.75 21480457
4.54 3.67 4.87 2.98 5.86 5.71 3.78 4.65 5.16 4.60 5.52 6.43 0.00 7.58 8.51 0.00 2.02 3.67 0.00 8.71 4.43 4.86 0.00 4.12 0.00 3.62 5.55 4.44 5.23 5.37 3.41 3.64 21493547
4.80 3.49 4.89 3.51 6.05 5.86 3.61 4.59 4.42 4.53 5.35 6.77 0.00 7.69 8.30 0.00 2.04 2.86 4.39 0.00 4.40 0.00 2.86 3.34 0.00 3.83 5.77 4.45 5.12 4.51 2.77 3.94 21506637
4.54 3.52 4.90 2.82 6.07 5.71 3.53 4.53 4.44 4.66 5.26 6.40 0.00 7.53 8.54 0.00 2.13 3.06 6.19 8.74 4.33 0.00 4.05 4.31 0.00 3.95 5.54 4.59 4.80 5.29 3.42 3.64 21519727
4.69 3.57 4.99 2.80 5.93 5.80 3.86 4.61 4.41 4.69 5.27 6.67 0.00 7.42 8.47 0.00 2.10 3.05 0.00 8.79 4.42 5.12 2.43 5.41 0.00 3.87 5.65 4.53 2.52 2.89 3.50 3.78 21532817
4.60 3.60 4.92 2.92 5.81 5.79 3.95 4.67 4.60 4.72 5.46 6.23 0.00 7.48 8.32 0.00 3.07 2.95 6.74 9.29 4.71 4.94 2.92 0.00 0.00 3.99 6.23 4.44 5.26 3.42 3.65 3.99 21545907
4.55 3.96 4.88 3.11 5.80 5.90 3.76 4.57 4.39 4.61 5.38 6.20 0.00 7.25 8.39 8.22 2.11 3.10 6.11 9.20 4.39 0.00 0.00 4.66 0.00 3.82 5.73 4.97 4.16 3.14 3.63 3.93 21558997
4.55 3.59 4.85 2.80 5.87 5.90 3.85 4.63 4.10 4.58 5.29 6.21 0.00 7.17 8.16 0.00 2.12 2.97 6.03 9.43 3.24 4.92 0.00 2.16 0.00 3.83 5.23 4.67 4.38 4.98 3.29 3.91 21572087
4.72 3.59 4.91 3.17 5.85 5.90 3.78 4.61 4.25 4.31 5.19 6.34 0.00 7.05 7.72 0.00 2.08 3.11 6.36 8.65 4.46 4.96 2.66 2.76 0.00 3.61 5.97 3.31 4.28 5.17 3.64 3.91 21585177
4.61 3.62 4.87 0.00 6.02 5.95 3.86 4.65 4.15 2.98 5.12 6.22 6.66 7.06 8.60 8.39 2.37 2.76 6.97 8.68 5.10 5.07 3.46 3.29 0.00 4.07 4.45 3.61 4.83 4.37 3.68 4.11 21598267
4.58 3.58 5.03 2.40 6.36 6.16 4.01 4.71 4.17 3.24 4.90 6.31 6.15 7.25 8.26 8.31 2.06 2.67 3.35 8.66 4.38 0.00 3.90 3.49 0.00 3.63 4.97 4.90 2.34 2.77 3.75 4.19 21611357
4.52 3.36 4.90 2.66 5.87 4.40 3.88 4.74 3.58 3.26 4.58 6.25 6.03 7.00 8.12 8.13 2.03 2.80 4.28 8.75 3.20 5.12 4.10 2.47 0.00 4.87 5.01 4.81 5.20 3.62 3.55 4.13 21624447
4.58 3.42 4.91 2.47 6.01 5.99 3.91 4.73 2.99 2.93 4.63 6.00 5.91 6.54 8.05 7.97 2.19 2.79 5.87 8.65 4.35 5.08 3.09 2.43 0.00 4.03 5.49 5.06 4.05 2.83 3.22 4.07 21637537
4.61 3.47 4.98 2.24 5.96 5.70 3.81 4.65 3.76 3.28 3.72 4.97 5.54 5.71 7.79 0.00 2.02 2.98 2.54 8.99 4.54 5.20 9.46 3.75 0.00 4.27 4.11 5.55 3.07 5.07 4.00 3.93 21650627
4.72 3.55 4.90 2.59 5.91 6.04 3.57 4.62 3.37 3.21 4.36 4.20 5.81 6.23 8.05 8.00 2.18 2.61 4.20 8.61 4.64 5.10 5.55 0.00 0.00 4.36 3.96 4.54 3.38 4.91 3.64 4.18 21663717
4.63 3.47 5.01 2.60 5.91 5.68 3.68 4.65 2.92 2.95 4.48 3.69 5.74 4.48 7.42 7.69 2.09 2.55 5.59 8.73 4.51 5.30 4.06 3.00 0.00 4.18 3.82 4.77 3.07 3.51 3.71 4.24 21676807
4.69 2.99 4.85 2.51 6.00 5.98 3.21 3.02 3.24 2.87 3.87 4.96 6.21 4.51 7.51 7.78 2.16 2.85 4.97 8.86 4.22 5.58 2.80 4.33 0.00 4.34 4.26 5.14 2.30 4.07 3.79 4.05 21689897
4.83 3.24 4.62 3.28 4.52 3.63 3.51 4.52 2.50 2.82 3.74 4.40 4.15 4.52 6.88 7.65 2.05 2.77 3.44 8.64 4.40 5.27 4.15 3.84 0.00 3.99 3.00 5.30 4.59 4.19 4.46 4.43 21702987
5.03 2.74 3.65 2.34 5.05 4.73 2.71 4.42 2.90 2.42 3.65 3.44 5.22 4.25 7.50 7.53 2.27 2.74 4.61 8.71 4.87 5.30 2.54 2.56 0.00 3.30 4.57 4.01 3.54 2.18 4.11 4.65 21716077
4.82 3.15 4.23 2.22 3.06 5.85 3.59 3.69 2.20 2.36 3.65 3.79 4.76 4.78 6.62 7.12 2.32 2.84 4.68 0.00 3.00 0.00 2.79 3.88 0.00 0.00 5.03 4.54 2.98 5.44 3.20 4.60 21729167
5.00 3.08 3.92 2.38 5.01 4.31 2.27 4.69 2.83 2.34 3.36 3.45 4.97 4.12 6.29 6.37 2.05 2.71 4.99 8.65 2.30 5.50 2.87 2.55 0.00 3.86 3.29 5.59 3.01 2.93 3.95 4.50 21742257
5.07 3.18 4.09 2.38 5.44 6.31 3.27 3.70 2.28 2.27 3.02 3.65 4.97 5.37 6.30 3.84 2.05 2.59 3.27 8.76 4.52 0.00 3.37 2.57 0.00 4.02 4.56 0.00 3.74 2.60 3.89 4.10 21755347
5.05 3.14 4.08 2.38 6.17 3.35 2.79 4.02 3.19 2.74 3.39 3.33 4.76 4.80 5.94 5.72 2.05 2.50 3.51 9.21 2.42 0.00 3.64 3.87 0.00 3.93 3.08 2.41 3.39 2.21 4.94 4.67 21768437
5.06 3.32 4.02 2.36 6.00 4.82 3.66 4.56 2.95 2.55 3.26 3.42 4.64 4.74 5.91 5.90 2.11 3.06 6.14 8.63 3.43 0.00 2.21 3.02 0.00 3.01 4.11 2.59 4.22 5.21 2.61 4.96 21781527
5.50 3.06 4.12 2.10 6.01 5.16 3.57 4.08 2.85 2.51 3.37 3.47 4.79 3.73 5.09 5.48 2.15 3.03 3.77 5.12 3.46 5.62 2.97 2.90 0.00 3.95 3.89 3.52 3.40 3.43 5.23 3.59 21794617
5.07 3.41 4.03 2.40 4.76 4.59 3.59 4.70 3.20 2.77 3.49 3.32 4.75 3.90 6.07 5.49 2.32 2.84 4.89 8.84 4.48 5.62 2.56 4.16 0.00 3.89 3.07 0.00 3.33 2.58 5.53 4.35 21807707
5.00 3.14 3.95 3.04 6.27 6.47 3.59 4.60 2.89 2.66 3.21 3.38 4.88 4.32 5.84 4.59 2.07 2.76 3.20 8.63 2.49 5.79 3.13 4.22 0.00 3.52 3.18 3.01 3.26 4.13 5.19 5.02 21820797
5.33 3.67 4.08 2.49 6.12 3.38 3.65 4.37 3.21 2.22 3.36 3.38 4.91 5.46 5.70 5.42 2.10 2.64 6.42 8.65 3.43 5.61 2.51 0.00 0.00 3.49 3.00 3.94 2.61 3.47 3.99 4.27 21833887
5.22 3.42 3.93 2.97 6.71 5.20 3.40 4.29 2.70 2.53 3.26 3.41 4.82 5.03 5.27 4.63 2.06 2.94 6.60 8.97 4.18 0.00 4.96 3.52 0.00 3.59 4.50 5.25 3.75 4.79 3.13 4.73 21846977
5.14 3.52 4.30 2.60 6.46 6.43 3.84 4.20 3.20 2.68 3.40 3.40 4.82 4.70 4.87 5.51 2.19 2.61 5.18 8.60 4.82 5.74 2.62 3.98 0.00 3.91 4.69 5.19 2.43 4.15 4.31 4.45 21860067
5.01 3.57 4.05 2.66 6.39 5.05 3.80 4.48 2.70 2.86 3.54 3.39 4.98 5.66 5.70 5.52 2.22 2.99 6.47 0.00 3.52 5.77 2.64 3.05 0.00 3.23 3.75 4.72 3.95 4.99 5.95 4.69 21873157
5.16 3.57 3.99 2.88 6.28 6.54 3.53 4.32 3.09 2.89 3.41 3.39 4.96 5.73 5.90 5.61 2.74 3.10 5.71 8.65 5.17 6.09 4.45 4.47 0.00 3.60 3.05 4.40 3.98 4.14 5.14 4.50 21886247
5.28 3.60 4.14 3.09 5.70 6.51 3.74 4.55 3.13 2.40 3.41 3.39 4.67 2.74 5.85 5.80 2.06 2.59 4.43 0.00 2.89 5.94 9.88 3.88 0.00 3.41 4.57 4.16 4.13 3.84 6.07 4.67 21899337
5.20 3.50 3.98 2.77 6.64 6.47 3.49 4.30 3.09 2.83 3.40 3.42 4.90 5.49 5.82 5.48 2.23 2.87 6.15 8.67 4.40 0.00 7.55 3.53 0.00 3.33 4.01 4.26 3.42 4.12 5.30 4.73 21912427
5.11 3.55 3.95 3.23 6.32 6.54 3.63 4.57 3.12 2.30 3.42 3.49 4.89 2.54 5.80 5.56 2.08 2.88 5.58 8.59 5.19 0.00 2.81 0.00 0.00 3.72 4.46 3.82 3.59 3.97 3.67 4.69 21925517
5.21 3.62 3.89 0.00 7.03 6.24 3.79 4.59 3.06 2.78 3.38 3.43 4.74 5.74 5.86 5.63 2.03 3.16 6.55 8.60 5.27 5.81 9.92 0.00 0.00 3.67 4.15 3.68 3.53 3.96 6.16 4.77 21938607
5.20 3.59 3.88 3.08 7.21 6.50 3.73 4.49 3.19 2.73 3.41 4.01 4.84 5.71 5.89 5.75 2.41 3.21 6.68 8.68 5.20 0.00 9.87 0.00 0.00 3.71 4.55 3.50 3.59 4.05 6.22 4.58 21951697
5.88 3.53 3.90 3.35 6.98 6.48 3.47 4.48 3.12 2.58 3.35 3.48 4.90 5.81 5.88 5.64 2.46 3.15 6.51 8.69 5.42 0.00 9.95 4.37 0.00 3.47 4.65 3.34 3.46 3.96 6.22 4.55 21964787
5.74 3.56 3.91 3.40 6.61 6.46 3.99 4.63 3.16 2.73 3.47 3.44 4.94 5.71 5.91 5.60 2.07 3.10 6.50 8.73 5.35 0.00 9.97 5.16 0.00 3.25 4.71 3.70 3.45 3.96 6.12 4.56 21977877
5.26 3.61 3.87 3.51 6.29 6.50 3.68 4.69 3.24 2.72 3.35 3.46 5.03 5.69 5.88 5.67 2.06 3.02 6.11 8.88 5.34 5.83 9.92 0.00 0.00 3.50 4.75 3.70 3.49 3.95 6.02 4.66 21990967
5.21 3.66 3.88 0.00 6.84 6.54 3.59 4.56 3.18 2.66 3.39 3.50 4.63 5.64 5.94 5.89 2.07 2.96 6.48 8.64 5.29 5.90 9.97 3.85 0.00 3.48 4.64 3.45 3.62 4.01 6.33 5.18 22004057
5.34 3.59 3.89 0.00 6.36 6.52 3.55 4.39 3.19 2.70 3.43 3.48 4.64 5.57 5.94 0.00 2.11 3.05 6.75 9.20 5.40 5.88 0.00 3.54 0.00 3.32 4.58 3.41 3.55 4.07 6.11 4.66 22017147
5.10 3.76 3.93 3.04 0.00 6.53 3.58 5.00 3.25 2.61 3.34 3.50 4.74 5.65 5.92 5.73 2.07 3.06 6.53 8.69 5.22 5.89 0.00 3.87 0.00 3.18 4.74 3.17 3.64 4.06 6.14 4.55 22030237
5.89 3.56 3.87 3.04 6.61 6.55 3.60 4.39 3.10 2.55 3.36 3.50 4.72 5.71 5.90 5.65 2.02 3.05 6.42 8.81 4.82 0.00 9.96 4.44 0.00 3.25 4.76 3.55 3.66 4.01 6.11 4.99 22043327
5.18 0.00 3.89 2.98 6.24 6.51 3.63 4.46 3.15 2.56 3.36 3.47 4.93 5.62 5.95 5.64 0.00 3.39 6.56 9.18 5.45 5.95 9.97 5.01 0.00 3.32 4.75 3.11 3.64 4.30 6.44 4.55 22056417
5.19 3.63 3.84 0.00 6.29 6.52 3.72 4.60 3.14 2.51 3.28 3.55 4.74 5.62 5.93 5.97 2.26 3.41 6.95 8.73 5.95 0.00 10.00 4.08 0.00 3.26 4.74 0.00 3.73 4.07 6.06 4.55 22069508
5.13 3.77 4.20 3.04 0.00 6.52 3.55 4.45 3.14 2.50 3.34 3.48 4.82 5.67 5.99 5.71 2.17 2.96 0.00 8.63 5.35 6.01 9.80 4.28 0.00 0.00 4.76 2.81 3.62 4.16 6.05 4.60 22082597
5.38 3.54 3.66 5.70 6.25 6.52 3.57 4.40 3.12 2.50 3.45 0.00 4.75 5.66 5.89 5.72 2.16 2.69 6.45 8.65 5.33 0.00 9.92 4.78 0.00 0.00 4.73 2.86 3.66 4.10 6.00 4.46 22095687
5.33 3.61 3.54 3.16 6.44 6.52 3.68 4.48 3.27 2.43 3.42 3.68 4.71 5.64 6.03 5.82 2.04 3.11 6.39 8.64 5.60 6.08 0.00 0.00 0.00 3.81 4.62 2.62 4.03 4.08 6.07 4.50 22108777
5.34 3.63 3.59 2.54 6.36 6.62 3.64 4.50 3.25 2.55 3.32 3.58 4.69 5.61 5.99 6.00 2.02 3.19 6.47 9.00 5.36 5.96 9.92 4.46 0.00 3.18 4.60 3.02 3.77 4.29 5.14 4.49 22121867
5.30 3.62 3.35 3.20 6.34 6.60 3.75 4.39 3.17 2.44 3.32 3.57 4.75 5.65 5.93 5.78 2.11 3.15 6.48 8.59 5.39 0.00 0.00 3.62 0.00 3.15 4.62 3.25 3.79 4.11 6.00 4.39 22134957
5.30 3.60 3.34 3.56 7.19 6.56 3.70 4.40 3.18 2.45 3.33 3.62 4.75 5.61 6.00 5.77 2.16 2.98 6.50 9.18 5.45 6.17 0.00 5.58 0.00 3.75 4.57 2.70 3.83 4.11 5.79 4.44 22148047
5.23 0.00 3.29 5.05 6.53 6.67 4.20 4.39 3.17 2.52 3.37 3.61 4.63 5.70 5.91 5.85 2.03 3.02 6.57 8.54 5.25 0.00 0.00 5.22 0.00 3.27 4.58 2.68 3.85 4.18 5.80 4.37 22161137
5.24 3.58 3.35 5.12 6.47 6.34 3.72 4.58 3.16 2.61 3.50 3.65 4.66 5.69 5.95 6.09 2.03 2.96 6.14 8.61 5.57 6.28 5.47 0.00 0.00 3.54 4.60 2.76 3.91 4.25 5.53 4.28 22174227
5.28 3.49 3.27 2.73 6.53 6.79 3.96 4.40 3.15 2.51 3.45 3.74 4.69 5.11 6.03 5.96 2.08 2.92 6.43 8.65 5.60 6.12 0.00 5.10 0.00 3.01 4.48 2.93 3.93 4.17 5.60 4.39 22187317
5.15 3.61 3.27 3.57 6.64 6.70 3.88 4.44 3.04 2.54 3.42 3.70 5.07 5.64 6.24 6.15 2.08 3.00 6.02 9.34 5.02 0.00 6.45 5.45 0.00 3.28 4.61 3.11 3.98 4.23 5.87 4.14 22200407
5.24 3.54 3.28 2.87 6.81 6.83 3.58 4.44 3.24 2.38 3.41 3.85 4.87 5.69 6.08 6.01 2.24 2.99 6.82 9.01 5.45 6.17 7.64 4.60 0.00 3.61 4.51 2.90 4.00 4.48 5.53 4.26 22213497
5.44 3.64 3.39 4.37 6.72 6.97 3.64 4.42 3.35 2.53 3.41 3.78 4.83 4.37 6.07 6.07 2.11 3.26 5.90 8.64 5.60 6.00 3.71 3.72 0.00 0.00 4.41 2.99 4.11 4.39 4.27 4.47 22226587
5.36 3.50 3.23 2.99 6.03 5.12 3.49 3.77 3.06 2.31 3.54 3.75 4.64 4.33 6.15 6.46 2.06 2.93 6.49 0.00 4.24 6.15 4.39 4.96 0.00 2.88 4.14 2.70 4.03 4.38 5.43 4.28 22239677
5.45 3.59 3.40 3.70 3.71 7.27 3.60 4.36 3.18 2.60 3.56 3.88 4.93 5.22 6.09 6.31 2.13 3.03 3.44 8.70 5.66 6.20 3.61 3.83 0.00 3.32 3.67 3.19 4.21 4.71 5.29 3.87 22252767
5.49 3.58 3.47 2.23 6.17 7.32 2.91 4.16 3.12 2.59 3.61 3.88 4.94 4.57 6.18 6.38 2.07 2.89 4.73 8.91 5.52 0.00 4.30 2.26 0.00 3.11 4.29 3.09 3.65 4.31 4.27 3.60 22265857
5.54 3.47 3.49 2.82 6.64 3.20 3.68 4.30 3.32 2.46 3.57 4.25 4.79 4.39 6.30 6.43 2.10 2.47 4.79 8.66 5.19 0.00 4.91 4.97 0.00 3.25 4.03 3.07 4.25 4.63 5.41 3.36 22278947
5.54 3.03 3.56 2.74 6.11 5.07 3.52 3.45 3.08 2.58 3.51 4.01 4.79 2.44 6.46 6.53 2.03 3.21 5.56 9.29 4.99 0.00 3.48 2.73 0.00 3.39 3.84 3.06 4.39 2.49 4.07 3.38 22292037
5.37 3.20 3.65 2.38 6.88 4.87 3.37 2.46 2.91 2.36 3.58 4.01 4.96 5.28 6.55 6.60 2.17 3.12 3.72 8.75 4.95 6.46 2.46 2.20 0.00 3.04 3.32 3.13 4.16 3.64 3.66 3.69 22305127
5.32 3.34 3.62 2.93 7.32 2.69 2.47 3.92 2.34 2.22 3.69 4.05 5.29 4.23 6.53 6.66 2.10 3.00 3.74 7.58 5.51 6.23 5.14 4.39 0.00 2.75 3.36 3.11 4.34 3.27 2.77 3.33 22318217
4.37 3.52 3.59 2.59 2.47 3.67 2.59 3.07 2.92 2.50 3.15 4.09 5.14 2.58 3.23 6.18 2.13 2.90 3.59 6.68 3.38 0.00 2.48 4.53 0.00 2.22 3.29 3.30 4.01 2.62 2.83 3.54 22331307
5.32 2.83 3.57 2.39 3.26 3.62 3.37 3.53 2.70 2.46 3.40 4.13 4.82 3.04 6.99 6.05 2.06 2.64 4.18 8.83 3.71 0.00 3.84 3.92 0.00 2.91 2.99 3.58 3.29 3.13 3.26 3.55 22344397
5.41 3.42 3.68 2.44 2.77 5.10 2.55 2.48 3.09 2.37 3.81 3.90 4.96 2.87 7.02 4.28 2.07 2.93 2.97 2.81 2.60 0.00 2.78 0.00 0.00 2.51 2.80 3.60 4.08 2.96 4.23 3.08 22357487
4.78 2.90 3.10 2.48 2.09 4.46 2.86 2.87 2.41 2.65 3.53 3.85 5.18 2.67 4.13 7.23 2.04 2.75 4.33 3.54 2.57 0.00 2.34 2.04 0.00 2.44 2.56 3.62 4.02 4.57 3.85 3.67 22370577
5.55 3.08 3.89 2.32 7.47 2.39 2.94 3.12 2.84 2.62 2.44 4.36 3.57 2.54 4.48 7.02 2.71 2.64 4.35 5.06 3.06 3.26 2.94 3.31 0.00 2.37 2.81 4.22 2.93 3.16 3.69 3.80 22383667
5.39 3.33 4.08 2.91 6.90 2.88 2.55 3.05 2.12 2.45 3.22 3.04 3.47 2.35 7.36 2.57 2.47 3.10 4.10 5.89 4.14 0.00 2.87 2.96 0.00 2.24 2.61 3.83 2.65 4.49 3.31 3.03 22396757
5.32 3.31 4.26 2.46 4.43 2.26 3.43 3.70 2.54 2.76 3.30 4.52 2.50 2.62 5.62 4.23 2.05 2.72 3.24 8.83 2.70 6.23 3.01 2.26 0.00 2.17 2.71 4.27 3.93 3.51 2.76 3.68 22409847
5.63 3.06 4.07 2.37 2.82 2.88 3.26 3.56 2.59 2.48 3.45 4.60 3.95 2.86 7.11 4.16 2.10 2.80 4.34 2.34 3.20 0.00 2.44 2.58 0.00 2.31 2.90 4.47 2.63 3.11 3.36 4.04 22422937
2.38 2.67 4.14 2.77 3.38 3.35 2.11 3.72 2.87 2.50 3.91 4.30 2.85 2.52 4.06 2.15 2.09 2.33 4.80 6.08 2.14 0.00 3.14 3.68 0.00 2.27 2.90 4.70 3.61 2.76 2.26 3.81 22436027
3.61 2.83 2.64 2.59 3.94 2.48 3.59 3.36 2.75 2.60 3.17 4.26 4.65 3.13 3.90 2.43 2.31 2.70 2.45 2.17 3.33 0.00 2.55 2.57 0.00 2.39 2.40 4.62 2.79 2.97 3.59 3.65 22449117
2.10 3.02 3.17 2.47 3.91 3.12 3.25 2.76 2.23 2.73 2.53 4.60 5.31 2.76 2.99 7.32 2.06 2.73 4.27 2.15 3.07 0.00 2.72 4.03 0.00 2.59 3.06 5.16 3.64 3.16 3.17 3.91 22462207
3.33 3.32 2.92 2.52 2.29 2.76 3.03 3.79 2.46 2.52 2.52 4.80 3.47 2.60 4.39 2.33 2.14 3.09 2.45 3.11 4.46 5.70 2.09 2.59 0.00 2.74 3.11 4.81 2.82 2.47 2.49 4.20 22475297
2.31 2.64 4.10 2.51 2.75 2.61 3.26 4.17 2.46 2.45 2.54 4.00 3.46 2.97 6.59 2.19 2.03 2.61 2.50 2.29 2.45 0.00 2.77 2.01 0.00 2.94 3.17 3.61 4.34 4.40 2.21 3.84 22488387
3.01 2.48 4.29 2.48 4.05 2.66 2.16 3.46 2.49 2.74 2.70 4.84 4.28 2.34 4.79 2.49 2.08 2.74 5.15 2.28 2.42 0.00 2.77 2.96 0.00 2.92 2.68 5.37 4.15 3.11 3.53 2.60 22501477
5.28 2.98 4.14 2.29 7.15 2.64 2.30 4.04 2.56 2.17 2.64 5.02 5.25 2.61 6.00 4.15 2.70 2.84 2.87 5.86 4.62 5.55 2.62 2.99 0.00 3.11 2.65 5.26 3.80 3.12 3.66 3.93 22514567
5.82 2.59 4.26 2.25 6.81 6.21 3.03 3.11 2.66 2.48 3.53 4.95 5.24 2.19 7.46 7.58 2.19 2.48 3.84 6.46 2.72 4.82 2.32 3.04 0.00 3.15 3.00 5.39 3.63 2.61 2.46 3.23 22527657
5.56 3.54 4.29 2.55 7.81 7.76 3.03 4.17 2.27 2.43 3.63 4.23 5.11 3.26 5.07 3.67 2.14 2.89 3.72 7.43 3.44 2.41 2.43 2.94 0.00 3.29 3.55 5.19 5.11 3.78 2.31 4.10 22540747
0.00 3.31 4.25 2.67 7.71 2.97 3.09 4.11 2.54 2.51 2.33 5.07 4.01 2.34 7.75 7.43 2.14 2.93 3.62 7.65 4.37 5.15 5.53 4.07 0.00 3.17 3.90 0.00 3.71 2.93 4.14 4.58 22553837
0.00 2.50 4.28 2.89 0.00 7.33 3.33 3.93 2.63 2.95 4.40 4.23 5.15 3.18 7.56 3.32 2.03 3.05 4.12 7.25 3.29 5.08 3.49 3.16 0.00 3.32 3.05 5.77 4.24 4.51 3.95 4.31 22566927
5.44 3.57 4.21 2.44 8.46 7.73 3.28 4.17 2.65 2.56 3.51 4.98 5.05 5.57 7.58 7.25 2.08 2.94 5.78 0.00 4.08 3.91 2.43 2.92 0.00 3.47 3.50 5.66 3.17 3.69 4.55 4.07 22580017
0.00 3.49 4.26 2.45 7.65 7.60 2.26 4.50 2.63 2.36 4.38 5.05 5.47 5.46 7.67 7.41 2.11 3.26 5.77 7.23 3.80 4.45 2.43 4.49 0.00 3.44 3.84 5.40 4.51 3.86 2.36 4.48 22593107
5.89 3.57 4.03 2.83 7.62 8.33 3.27 4.06 2.71 2.62 4.43 5.16 5.37 4.11 7.75 7.47 2.08 3.14 5.83 7.22 3.30 4.79 2.42 4.92 0.00 3.58 4.39 0.00 3.94 4.76 2.65 4.50 22606197
6.15 0.00 4.16 2.22 7.53 8.11 3.21 4.09 2.61 2.92 4.46 5.26 5.12 2.99 7.69 7.35 2.14 3.31 5.77 7.57 5.67 4.79 5.33 4.05 0.00 3.50 3.78 5.49 2.56 4.40 4.22 4.67 22619287
0.00 3.64 4.10 3.29 7.76 8.32 3.16 3.95 2.64 3.21 4.37 5.13 5.24 6.23 7.61 7.43 2.08 3.07 5.96 7.46 5.11 4.29 4.77 4.46 0.00 3.49 3.94 0.00 3.96 3.76 4.64 4.71 22632377
5.96 3.65 4.00 3.12 8.07 5.70 3.21 4.25 2.70 3.23 4.38 5.28 5.13 5.22 7.72 7.51 2.10 3.12 6.06 7.26 5.16 4.18 2.52 4.13 0.00 3.60 4.14 5.65 4.86 4.80 4.46 5.09 22645467
0.00 3.68 4.21 2.89 7.77 8.33 3.23 4.12 2.70 3.20 4.47 5.32 5.21 6.76 7.65 7.59 2.06 3.29 6.14 6.97 4.87 4.59 4.97 4.56 0.00 3.52 4.84 5.43 5.26 4.74 4.82 4.90 22658557
0.00 3.69 3.97 3.00 7.54 8.34 3.38 4.03 2.62 3.13 4.26 5.12 5.42 6.59 7.67 7.29 2.16 3.23 6.00 7.15 4.97 0.00 5.72 4.97 0.00 3.65 4.89 5.33 6.03 4.69 4.65 4.62 22671647
5.74 3.60 4.04 2.52 7.71 8.31 3.27 4.05 2.63 3.18 4.36 5.21 5.28 6.59 7.67 7.36 2.09 3.16 5.97 7.22 5.54 4.33 4.98 5.39 0.00 3.68 4.86 5.57 0.00 4.97 4.55 4.75 22684737
5.71 3.66 3.98 2.51 7.90 8.34 3.18 4.11 2.70 3.17 4.42 5.23 5.08 6.74 7.91 7.40 2.13 3.04 5.78 7.01 4.52 4.49 6.02 5.34 0.00 3.79 4.90 5.73 5.96 4.96 3.81 4.67 22697827
0.00 3.61 3.99 2.77 7.69 8.25 3.36 4.07 2.65 3.08 4.44 5.25 5.16 6.64 7.69 7.34 2.10 3.12 5.86 7.19 4.78 4.12 0.00 4.81 0.00 3.69 4.88 5.92 6.17 5.02 4.88 4.70 22710917
0.00 3.62 3.86 2.94 8.24 8.22 3.32 4.01 2.53 3.10 4.44 5.21 5.49 6.53 7.79 7.34 2.11 3.14 6.17 7.05 4.62 4.07 3.71 4.36 0.00 4.10 4.98 5.47 6.15 4.96 4.59 4.82 22724007
0.00 3.60 4.29 3.05 7.87 8.33 3.31 4.05 2.60 3.23 4.58 5.19 5.42 4.31 7.64 7.55 2.17 3.22 6.04 6.88 4.58 4.05 0.00 4.70 0.00 3.96 5.04 5.46 6.14 5.04 4.78 4.79 22737097
0.00 3.64 3.84 0.00 7.84 8.33 3.11 4.00 2.61 3.13 4.56 5.50 5.27 6.55 7.75 7.45 2.16 2.97 6.18 6.97 4.75 4.13 4.24 3.69 0.00 3.81 5.06 0.00 6.19 5.12 4.62 4.68 22750187
0.00 3.60 3.94 3.20 0.00 8.29 3.09 4.07 2.73 3.05 4.50 5.38 5.40 6.78 7.72 7.53 2.10 3.26 6.14 7.22 4.53 4.12 4.74 4.37 0.00 3.62 5.03 0.00 4.90 5.04 4.77 4.75 22763277
0.00 3.61 3.89 3.02 0.00 8.31 3.10 3.96 2.64 3.03 4.35 5.22 5.30 6.66 7.64 7.48 2.13 3.24 6.11 7.22 4.48 4.21 3.84 4.10 0.00 3.84 4.93 6.26 6.15 5.01 4.74 4.67 22776367
0.00 3.48 3.86 5.77 7.95 8.32 3.09 4.03 2.54 2.94 4.41 5.37 5.39 6.66 7.76 7.71 2.02 3.14 6.34 7.27 4.44 4.32 0.00 4.40 0.00 3.67 4.95 5.63 6.22 5.27 4.65 4.72 22789457
5.54 3.65 3.86 2.79 7.80 8.31 3.06 4.21 2.58 3.00 4.37 5.32 5.33 6.75 7.69 7.58 2.10 3.23 6.20 7.45 4.47 0.00 0.00 4.29 0.00 3.84 4.97 0.00 6.25 4.98 4.69 4.70 22802547
0.00 3.64 3.83 0.00 7.90 8.28 3.17 4.08 2.78 3.11 4.56 5.45 5.49 6.64 7.68 7.60 2.12 0.00 6.23 7.42 4.63 4.11 3.55 0.00 0.00 3.65 4.87 0.00 6.18 5.02 4.67 4.64 22815637
0.00 3.62 3.89 0.00 7.65 8.32 3.08 4.06 2.64 3.11 4.45 5.31 5.35 6.64 7.95 7.54 2.09 3.88 6.17 7.54 4.25 4.23 0.00 5.37 0.00 3.74 4.96 0.00 6.28 4.94 4.65 4.66 22828727
5.94 3.59 3.90 3.13 7.62 8.32 3.16 4.10 2.69 3.17 4.41 5.49 5.18 6.58 7.74 7.44 2.12 3.18 6.39 7.69 4.48 0.00 9.24 0.00 0.00 3.73 4.96 0.00 6.97 5.00 4.63 4.73 22841817
6.11 3.60 3.92 3.05 7.64 8.33 3.05 4.21 2.61 3.17 4.35 5.44 5.12 6.69 7.76 7.62 2.08 3.43 6.02 7.64 4.31 4.14 2.64 4.11 0.00 3.81 4.88 6.07 6.37 4.95 4.72 4.69 22854907
0.00 3.62 4.01 3.04 7.69 8.32 3.01 4.07 2.54 3.13 4.37 5.44 5.29 6.72 7.78 7.71 2.33 0.00 6.35 7.63 4.42 4.43 6.30 2.27 0.00 3.49 4.87 5.85 4.99 5.08 5.01 4.95 22867997
0.00 3.60 3.88 3.08 7.79 8.33 3.05 4.10 2.55 2.40 4.34 5.34 5.11 6.73 7.76 7.80 2.16 0.00 6.70 7.90 4.39 4.72 5.73 4.48 0.00 3.54 4.89 6.33 6.34 5.00 4.64 5.21 22881087
6.18 3.59 4.23 2.97 7.71 8.31 3.06 4.10 2.54 3.16 4.35 5.38 5.18 6.78 7.84 7.38 2.14 3.37 6.63 7.91 4.31 4.18 0.00 2.71 0.00 3.69 4.87 0.00 6.45 4.93 4.67 4.75 22894177
0.00 3.65 3.94 0.00 7.77 8.32 2.95 4.26 2.48 3.02 4.48 5.42 5.25 6.58 7.80 7.65 2.17 3.22 6.32 7.71 4.11 4.20 3.03 0.00 0.00 3.64 4.77 5.82 6.37 4.88 4.60 4.74 22907267
0.00 3.61 3.94 3.19 7.95 8.32 3.05 4.18 2.47 3.17 4.89 5.52 5.37 6.59 7.84 7.57 2.16 3.69 6.28 7.72 4.04 4.06 2.83 0.00 0.00 3.45 4.92 0.00 6.75 4.93 4.61 4.50 22920357
0.00 3.61 4.11 4.37 7.85 8.32 3.04 4.10 2.53 3.07 4.87 5.44 5.23 6.78 7.86 7.72 2.17 3.15 6.38 0.00 4.02 4.68 0.00 4.94 0.00 3.68 4.99 0.00 7.15 4.91 4.55 4.45 22933447
0.00 3.63 3.85 3.06 7.70 8.32 3.02 4.03 2.88 3.16 4.27 5.45 5.23 6.71 7.81 8.09 2.16 3.39 6.02 7.89 4.01 4.07 0.00 4.46 0.00 3.74 4.99 0.00 7.00 5.22 4.64 4.68 22946537
0.00 3.59 3.86 0.00 8.19 8.31 3.19 4.11 2.48 3.08 4.42 5.39 5.89 6.59 7.88 7.56 2.19 3.32 6.13 7.98 3.90 4.12 0.00 0.00 0.00 3.50 4.76 0.00 6.63 5.16 4.50 4.63 22959627
0.00 3.59 3.85 3.01 7.97 8.33 3.07 4.11 2.55 3.13 4.65 5.41 5.22 6.80 7.79 7.47 2.22 3.27 6.28 7.91 3.84 4.14 2.56 4.56 0.00 3.50 4.80 0.00 6.62 4.58 4.51 4.56 22972717
0.00 3.61 3.87 3.06 8.30 8.32 3.06 4.12 2.48 3.16 4.53 5.53 5.54 6.88 7.82 0.00 2.17 3.33 6.27 8.36 3.91 4.13 0.00 4.95 0.00 3.56 4.88 0.00 6.49 5.01 4.56 4.43 22985807
0.00 3.59 3.96 3.36 7.78 8.33 2.97 4.24 2.53 3.14 4.59 5.38 6.00 6.75 7.86 7.53 2.17 3.21 6.24 8.42 3.78 4.18 0.00 0.00 0.00 3.69 4.65 0.00 6.59 5.23 4.52 4.43 22998897
0.00 3.61 3.87 3.06 7.74 8.30 3.13 4.34 2.48 3.22 4.49 5.66 5.16 6.63 8.02 7.61 2.13 0.00 5.86 8.16 4.06 4.04 0.00 0.00 0.00 3.91 4.73 0.00 6.66 5.11 4.47 4.78 23011987
0.00 3.61 3.91 0.00 8.38 8.32 3.09 4.09 2.71 3.14 4.86 5.40 5.33 6.71 7.88 7.45 2.15 3.42 6.23 8.60 3.73 4.00 0.00 4.48 0.00 3.89 4.70 0.00 6.62 5.29 0.00 4.61 23025077
0.00 3.59 3.91 0.00 7.75 8.32 3.09 4.03 2.57 3.18 4.87 5.38 5.15 6.81 8.63 7.54 2.12 3.22 6.12 8.18 3.77 4.02 0.00 4.37 0.00 3.35 4.83 0.00 6.74 5.31 4.57 4.46 23038167
0.00 3.61 3.88 2.76 7.87 8.32 3.15 4.33 2.51 3.15 4.56 6.17 5.56 6.76 7.85 8.15 2.14 3.29 6.11 8.26 3.70 4.12 0.00 0.00 0.00 3.46 4.81 0.00 6.74 5.11 4.46 4.43 23051257
0.00 3.64 3.94 0.00 8.18 8.24 3.07 4.18 2.51 3.19 4.62 5.45 5.45 6.78 7.93 7.82 2.07 0.00 6.26 0.00 3.71 4.06 0.00 4.64 0.00 3.49 4.86 0.00 7.25 5.16 4.49 4.40 23064347
0.00 3.64 3.95 0.00 7.93 8.32 3.10 4.19 2.50 3.17 4.40 5.44 5.22 6.86 7.87 8.18 2.14 3.05 6.01 8.46 3.65 0.00 0.00 0.00 0.00 3.34 4.84 0.00 6.80 5.08 4.56 4.44 23077437
0.00 3.60 3.90 0.00 7.76 8.27 3.04 4.15 2.47 3.21 4.46 5.52 5.77 6.88 7.88 7.52 2.12 3.23 6.15 8.40 3.66 4.09 0.00 5.36 0.00 3.43 4.65 0.00 6.30 5.26 4.49 4.34 23090527
0.00 3.61 3.91 0.00 7.97 8.30 3.10 4.11 2.59 3.17 4.54 5.48 5.25 6.79 7.90 7.82 2.11 3.12 6.07 8.70 3.79 0.00 0.00 0.00 0.00 3.40 4.76 0.00 6.92 5.47 4.46 4.38 23103617
0.00 3.57 3.87 0.00 7.72 8.26 3.21 4.25 2.54 3.17 4.83 5.47 5.27 7.08 7.89 7.65 2.13 3.26 6.28 8.46 3.67 4.06 0.00 4.54 0.00 3.70 4.68 0.00 6.90 5.95 4.24 4.40 23116707
0.00 3.61 3.94 0.00 8.10 8.30 3.13 4.20 2.52 3.15 4.41 5.43 0.00 6.78 8.48 7.63 2.10 3.22 6.27 8.63 3.61 4.03 0.00 4.83 0.00 3.65 4.61 0.00 7.01 5.56 4.55 4.50 23129797
0.00 3.60 3.92 2.81 8.18 8.31 3.26 4.23 2.50 3.16 4.82 5.46 5.26 3.92 7.91 7.76 2.13 3.25 6.29 8.64 3.60 4.08 0.00 4.45 0.00 3.80 4.61 0.00 7.07 5.55 4.12 4.43 23142887
0.00 3.63 4.48 0.00 8.22 8.33 3.13 4.22 2.51 3.24 4.49 5.98 5.48 6.92 8.07 7.79 2.17 3.37 6.26 8.83 3.54 4.09 0.00 4.22 0.00 3.37 4.55 0.00 7.40 5.80 4.05 4.00 23155977
0.00 3.61 3.89 0.00 7.86 8.34 3.15 4.29 2.45 3.23 4.45 5.55 5.79 6.76 7.88 7.69 2.16 3.25 6.22 8.65 3.78 4.07 0.00 4.58 0.00 3.38 4.69 0.00 7.38 5.88 4.01 3.89 23169067
0.00 3.61 3.96 3.11 7.91 8.33 3.18 4.20 2.47 3.17 4.43 5.52 5.41 7.06 7.83 7.61 2.11 3.16 6.05 8.62 3.57 4.10 0.00 4.67 0.00 3.48 4.53 0.00 6.48 5.88 3.80 3.99 23182157
0.00 3.61 3.94 0.00 8.26 8.34 3.10 4.35 2.58 3.26 4.43 5.45 5.52 7.02 7.86 7.58 2.13 3.48 6.29 8.55 3.82 4.06 0.00 0.00 0.00 3.56 4.68 0.00 7.27 6.15 3.78 3.84 23195247
0.00 3.61 4.10 0.00 8.23 8.33 3.16 4.45 2.54 3.26 4.56 5.52 5.30 7.08 7.85 7.92 2.12 0.00 6.32 8.49 3.60 4.19 0.00 0.00 0.00 3.31 4.56 0.00 7.34 5.84 3.83 3.90 23208337
0.00 3.68 3.93 0.00 7.86 8.34 3.10 4.27 2.49 3.25 4.40 6.22 5.55 7.12 7.85 7.51 2.11 3.76 6.40 8.46 3.51 3.99 0.00 0.00 0.00 3.39 4.54 0.00 7.31 5.67 3.91 3.80 23221427
0.00 3.66 3.96 0.00 7.60 8.32 3.06 4.34 2.41 3.29 4.58 5.43 5.26 6.88 7.86 7.71 2.11 3.10 6.31 8.76 3.58 3.98 0.00 4.59 0.00 3.24 4.58 0.00 7.30 6.07 3.50 4.27 23234517
0.00 0.00 3.93 0.00 7.98 8.33 3.15 4.46 2.51 3.27 4.72 5.44 5.49 6.91 8.60 7.64 2.11 3.38 6.18 8.53 3.58 3.99 0.00 4.63 0.00 3.23 4.58 0.00 7.33 5.97 3.42 3.60 23247607
0.00 3.61 3.98 0.00 8.06 8.10 3.24 4.50 2.50 3.27 4.49 5.52 5.37 6.90 7.94 7.62 2.13 3.21 6.26 8.60 3.72 4.03 0.00 5.14 0.00 3.95 4.68 0.00 7.33 6.17 3.37 3.41 23260697
0.00 3.65 3.94 0.00 8.41 8.24 3.06 4.54 2.48 3.30 4.39 5.46 5.66 7.02 8.13 7.71 2.12 3.37 6.25 8.61 3.57 4.66 0.00 4.88 0.00 3.23 4.62 0.00 7.34 6.24 3.56 3.62 23273787
0.00 3.65 3.94 0.00 7.59 8.34 3.12 4.55 2.46 3.24 4.54 5.75 0.00 7.01 8.28 7.66 2.08 3.25 6.49 8.49 3.64 3.98 0.00 0.00 0.00 3.24 4.46 0.00 7.33 6.46 3.32 3.38 23286877
0.00 3.62 4.13 0.00 7.87 8.33 3.06 4.51 2.52 3.24 4.47 5.52 5.28 6.95 8.67 7.80 2.11 3.20 6.74 8.43 3.52 3.99 0.00 4.58 0.00 3.25 4.77 0.00 7.39 6.26 3.46 3.46 23299967
0.00 3.58 3.95 0.00 0.00 8.09 3.08 4.47 2.46 3.20 4.52 5.43 5.48 6.95 8.03 7.69 2.12 3.19 6.88 8.60 3.64 3.96 0.00 4.46 0.00 3.35 4.54 0.00 7.34 6.31 3.39 3.15 23313057
0.00 3.62 4.04 0.00 8.22 8.31 3.13 4.34 2.40 3.21 4.44 5.47 5.27 6.89 7.91 7.63 2.11 3.40 6.24 8.63 3.61 0.00 0.00 4.58 0.00 3.92 4.82 0.00 7.27 6.64 3.34 2.91 23326147
0.00 3.61 3.99 0.00 8.10 8.32 3.29 4.75 2.42 3.25 4.45 5.56 5.40 6.93 7.96 7.66 2.13 3.10 6.62 8.90 3.64 4.02 0.00 4.89 0.00 3.44 4.65 0.00 7.73 6.72 3.00 3.04 23339237
0.00 3.63 4.06 3.35 7.59 8.28 3.12 4.55 2.45 3.38 4.49 5.45 5.43 7.07 8.07 7.69 2.12 3.64 6.18 8.64 3.75 4.65 0.00 4.59 0.00 3.35 4.69 0.00 7.33 6.46 3.05 3.16 23352327
0.00 0.00 3.99 0.00 7.77 8.25 3.15 4.45 2.62 3.29 4.44 5.50 5.17 6.91 7.92 7.70 2.10 3.27 6.15 8.70 3.55 0.00 0.00 4.72 0.00 3.92 4.65 0.00 7.30 6.39 2.96 3.16 23365417
0.00 3.65 4.08 0.00 7.63 8.31 3.08 4.47 2.43 3.26 4.84 5.59 5.64 6.89 7.90 7.68 2.12 3.23 6.02 8.55 3.61 4.04 0.00 0.00 0.00 3.33 4.37 0.00 7.40 6.37 2.99 2.88 23378507
0.00 3.62 3.97 0.00 7.55 8.30 3.07 4.54 2.43 3.29 4.48 5.57 5.46 6.84 7.90 7.71 2.13 3.21 6.28 8.64 3.72 3.96 0.00 5.22 0.00 3.23 4.53 0.00 7.40 6.50 2.93 3.08 23391597
0.00 3.60 4.16 0.00 7.88 8.32 3.13 4.61 2.51 3.27 4.50 5.54 5.38 6.94 7.90 7.90 2.10 0.00 6.00 8.56 3.58 0.00 0.00 4.90 0.00 3.36 4.74 0.00 7.28 6.53 3.04 3.02 23404687
0.00 3.62 4.04 0.00 7.68 8.21 3.11 4.51 2.52 3.28 4.46 5.46 5.40 7.12 7.89 7.59 2.12 3.71 0.00 8.56 3.55 3.93 0.00 4.60 0.00 3.44 4.52 0.00 7.44 7.03 2.93 2.84 23417777
0.00 3.61 4.02 5.61 7.69 8.09 3.11 4.57 2.50 3.25 4.53 5.58 6.05 6.81 7.90 7.58 2.14 3.23 6.39 8.56 3.73 4.01 0.00 5.48 0.00 3.35 4.48 0.00 7.38 6.76 2.97 2.91 23430867
0.00 3.61 3.99 0.00 7.70 8.34 3.24 4.44 2.49 3.25 4.48 5.46 0.00 6.90 7.92 7.89 2.13 3.31 6.39 8.47 3.57 0.00 0.00 0.00 0.00 3.23 4.56 0.00 7.29 6.60 2.94 2.72 23443957
0.00 3.62 4.04 0.00 7.70 8.33 3.06 4.43 2.51 3.40 4.54 5.51 5.80 6.91 7.92 7.91 2.17 3.21 6.77 8.64 3.62 4.12 0.00 0.00 0.00 3.64 4.66 0.00 7.25 6.30 2.99 2.94 23457047
0.00 3.62 4.01 0.00 7.63 8.11 3.07 4.55 2.78 3.28 4.68 5.67 5.69 6.96 7.94 7.78 2.10 3.22 0.00 8.63 3.57 3.96 0.00 4.67 0.00 3.38 4.61 0.00 7.26 6.55 2.93 2.88 23470137
0.00 3.64 4.03 0.00 7.60 8.35 3.07 0.00 2.45 3.45 4.66 5.76 5.30 7.15 7.96 7.76 2.10 3.36 6.69 8.58 3.66 4.15 0.00 0.00 0.00 0.00 4.50 0.00 7.27 6.48 3.13 2.93 23483227
0.00 3.64 0.00 0.00 7.82 8.20 3.14 4.54 2.49 3.31 5.01 5.45 5.69 6.90 7.92 7.72 2.12 3.33 6.64 8.62 3.59 3.96 0.00 3.64 0.00 3.52 4.52 0.00 7.24 6.14 2.97 2.87 23496317
0.00 3.64 3.98 0.00 7.79 8.33 3.28 4.61 2.48 3.32 4.63 5.63 5.66 6.85 7.93 7.71 2.16 3.30 6.01 8.62 3.62 3.98 0.00 0.00 0.00 0.00 4.46 0.00 7.25 6.28 2.89 3.32 23509407
0.00 3.63 3.97 0.00 7.80 8.30 3.20 4.62 2.44 3.31 4.53 5.47 5.57 6.89 7.96 7.75 2.10 3.25 6.42 8.59 3.58 0.00 0.00 3.76 0.00 3.85 4.45 0.00 7.47 6.32 2.85 2.62 23522497
0.00 3.67 3.99 0.00 7.64 8.07 3.08 4.59 2.44 3.34 4.46 5.51 5.47 7.19 7.92 8.27 2.13 3.38 6.39 8.66 3.54 4.00 0.00 4.62 0.00 3.49 4.41 0.00 7.22 6.11 2.84 2.60 23535587
0.00 3.60 4.04 0.00 7.65 8.34 3.11 4.65 2.45 3.25 4.48 5.48 5.54 7.02 7.93 7.70 2.13 3.55 6.56 8.66 3.58 3.98 0.00 0.00 0.00 3.34 4.33 0.00 7.24 6.02 2.92 2.58 23548677
0.00 3.66 4.15 0.00 8.19 8.29 3.06 4.54 2.46 3.27 4.54 5.50 5.47 6.93 7.93 7.72 2.12 0.00 6.48 8.62 3.70 0.00 0.00 0.00 0.00 3.28 4.34 0.00 7.16 5.85 2.95 0.00 23561767
0.00 3.63 4.06 0.00 7.85 8.26 3.03 4.62 2.43 3.33 4.54 5.48 5.45 6.86 7.91 7.74 2.13 3.10 6.39 8.63 3.83 4.02 0.00 0.00 0.00 3.26 4.29 0.00 7.36 5.96 3.02 2.63 23574857
0.00 3.62 4.04 0.00 7.80 8.08 3.20 4.55 2.46 3.22 4.58 5.51 5.45 6.87 7.92 7.68 2.13 3.18 6.44 8.62 3.66 4.02 0.00 4.55 0.00 3.24 4.36 0.00 7.30 6.29 3.00 2.59 23587947
0.00 3.62 4.02 0.00 7.84 8.26 3.18 4.73 2.48 3.28 4.76 5.48 5.44 6.91 8.02 7.72 2.13 3.56 6.35 8.63 3.61 4.08 0.00 3.96 0.00 3.25 4.32 0.00 7.17 6.44 2.91 2.62 23601037
0.00 3.60 3.99 0.00 8.02 8.05 3.31 4.66 2.40 3.24 4.46 5.47 5.38 7.18 8.02 7.70 2.13 0.00 7.09 8.46 3.63 4.04 0.00 4.57 0.00 3.25 4.37 0.00 7.19 6.30 2.90 2.71 23614127
0.00 3.62 3.98 0.00 7.83 8.06 3.05 4.62 2.47 3.29 4.49 5.47 5.85 7.08 7.99 7.74 2.11 0.00 6.44 8.65 0.00 4.02 0.00 0.00 0.00 3.25 4.42 0.00 7.14 6.00 2.94 2.64 23627217
0.00 3.63 3.98 0.00 7.81 8.09 3.09 4.61 2.44 3.23 4.64 5.48 5.31 7.03 8.00 7.87 2.12 3.18 6.50 8.63 3.67 4.18 0.00 0.00 0.00 3.25 4.40 0.00 7.12 6.02 3.04 2.67 23640307
0.00 3.62 3.96 0.00 7.64 8.35 3.12 5.07 2.50 3.31 4.62 5.58 5.52 7.36 8.01 7.65 2.12 0.00 6.19 8.60 3.66 3.99 0.00 0.00 0.00 3.26 4.45 0.00 7.05 6.07 2.91 2.72 23653397
0.00 3.64 3.99 0.00 7.60 8.34 3.06 4.54 2.74 3.30 4.66 5.52 5.27 7.01 8.03 7.74 2.12 0.00 6.42 8.68 3.70 3.96 0.00 0.00 0.00 3.27 4.43 0.00 7.10 5.61 2.89 2.58 23666487
0.00 3.62 4.14 0.00 7.64 8.35 3.06 4.47 2.53 3.31 4.58 5.53 5.36 7.09 8.07 7.73 2.12 3.24 6.06 8.70 3.63 4.08 0.00 0.00 0.00 3.27 4.44 0.00 7.23 6.04 2.88 2.60 23679577
0.00 3.62 4.01 0.00 7.63 8.28 3.05 4.48 2.52 3.32 4.60 5.51 5.37 7.19 8.05 7.66 2.12 3.23 6.29 8.45 3.66 4.15 0.00 0.00 0.00 3.26 4.44 0.00 7.16 5.72 2.89 2.69 23692667
0.00 3.62 3.97 0.00 7.64 8.35 3.06 4.57 2.51 3.32 4.55 5.50 5.40 7.08 8.03 7.87 2.12 0.00 6.43 8.69 3.62 0.00 0.00 5.03 0.00 3.26 4.45 0.00 7.02 5.66 3.09 2.71 23705757
0.00 3.63 3.98 0.00 7.65 8.26 3.06 4.52 2.53 3.34 4.62 5.50 5.41 7.79 8.06 7.86 2.12 0.00 6.41 8.45 3.61 4.08 0.00 4.99 0.00 3.27 4.46 0.00 7.14 5.68 2.84 2.66 23718847
0.00 3.63 3.98 0.00 7.67 8.29 3.22 4.53 2.54 3.35 4.61 5.50 5.27 7.10 8.02 7.87 2.13 0.00 6.10 8.46 3.70 4.11 0.00 5.06 0.00 3.27 4.46 0.00 7.03 5.68 2.88 2.65 23731937
0.00 3.63 3.98 0.00 7.70 8.30 3.06 4.57 2.54 3.27 4.43 5.47 5.22 7.07 8.01 8.05 2.13 0.00 6.31 8.69 3.62 0.00 0.00 5.03 0.00 3.27 4.46 0.00 7.13 5.96 2.90 2.88 23745027
0.00 3.62 3.97 0.00 7.67 8.30 3.07 4.55 2.55 3.28 4.44 5.49 5.22 0.00 7.98 8.06 2.13 0.00 6.71 8.70 3.58 3.99 0.00 5.03 0.00 3.27 4.46 0.00 7.10 5.69 3.05 2.71 23758117
0.00 3.62 3.98 0.00 7.66 8.28 3.06 4.56 2.46 3.24 4.54 5.48 5.25 7.12 8.04 7.90 2.12 3.44 6.08 8.69 3.59 3.97 0.00 5.03 0.00 3.27 4.45 0.00 7.04 5.99 2.96 2.63 23771207
0.00 3.64 3.99 0.00 7.67 8.25 3.07 4.56 2.64 3.29 4.55 5.50 5.35 7.09 8.00 7.85 2.13 3.20 6.09 8.47 3.60 3.97 0.00 0.00 0.00 3.27 4.46 0.00 7.03 5.65 2.87 2.83 23784297
0.00 3.63 3.98 0.00 7.71 8.09 3.07 4.67 2.52 3.31 4.74 5.49 5.27 7.08 7.94 7.97 2.13 3.29 6.49 8.71 3.72 3.95 0.00 4.99 0.00 3.27 4.46 0.00 7.06 5.64 2.88 2.75 23797387
0.00 3.64 3.98 4.45 8.08 8.10 3.07 4.66 2.48 3.25 4.61 5.48 5.41 7.18 7.97 7.98 2.13 0.00 6.06 8.46 3.61 4.01 0.00 4.91 0.00 3.27 4.44 0.00 7.23 5.71 2.97 2.75 23810477
0.00 3.64 3.98 0.00 7.72 8.07 3.07 4.64 2.52 3.25 4.61 5.49 5.38 7.07 7.99 7.92 2.14 3.24 6.94 9.01 3.58 3.99 0.00 0.00 0.00 3.26 4.45 0.00 7.07 5.71 2.90 2.62 23823567