0.00 3.64 4.86 3.10 5.11 5.12 3.12 4.38 5.26 7.05 6.44 6.50 5.54 6.33 7.49 8.31 2.26 3.18 6.89 8.42 3.19 0.00 0.00 0.00 0.00 2.66 3.84 2.48 2.48 3.56 2.68 2.89 522979
0.00 3.64 4.85 3.11 5.12 5.10 3.13 4.38 5.26 7.05 6.45 6.48 5.54 6.33 7.48 8.31 2.18 3.18 6.90 9.01 3.19 0.00 0.00 0.00 0.00 2.67 3.84 2.52 2.47 3.55 2.68 2.92 536069
0.00 3.64 4.87 3.10 5.12 5.11 3.12 4.38 5.27 7.06 6.44 6.48 5.63 6.35 7.48 8.30 2.18 3.18 6.90 8.92 3.19 0.00 0.00 0.00 0.00 2.67 3.83 2.49 2.48 3.55 2.69 2.93 549159
0.00 3.64 4.93 3.10 5.11 5.11 3.12 4.37 5.26 7.06 6.44 6.48 5.76 6.34 7.49 8.29 2.18 3.18 6.89 8.58 3.18 0.00 0.00 0.00 0.00 2.66 3.83 2.47 2.49 3.54 2.68 0.00 562249
0.00 3.62 4.84 3.10 5.11 5.11 3.12 4.37 5.26 7.05 6.44 6.46 5.56 6.35 7.49 8.28 2.12 3.18 6.90 8.58 3.18 0.00 0.00 0.00 0.00 2.67 3.85 2.47 2.48 3.54 2.69 2.94 575339
0.00 3.62 4.94 3.11 5.11 5.10 3.13 4.36 5.27 7.03 6.44 6.47 5.55 6.35 7.49 8.34 2.12 3.18 6.90 8.57 3.19 0.00 0.00 0.00 0.00 2.66 3.82 2.48 2.48 3.56 2.69 2.94 588429
0.00 3.61 4.95 3.10 5.11 5.10 3.12 4.36 0.00 7.06 6.44 6.57 5.54 6.35 7.49 0.00 2.13 3.19 6.63 8.53 3.19 4.52 0.00 0.00 0.00 2.66 3.83 3.00 2.48 3.54 2.69 2.91 601519
0.00 3.61 4.93 3.12 5.13 5.10 3.11 4.16 0.00 7.02 6.45 6.43 5.56 6.30 7.49 0.00 2.13 3.19 6.68 8.51 3.18 4.53 0.00 0.00 0.00 2.64 3.82 2.63 2.49 3.55 2.70 3.06 614609
0.00 3.62 4.91 3.00 5.17 5.11 3.12 4.37 0.00 7.04 6.44 6.43 5.53 6.30 7.49 0.00 2.13 3.18 6.60 8.51 3.19 4.53 0.00 0.00 0.00 2.64 3.81 2.51 2.48 3.59 2.67 3.48 627699
0.00 3.61 4.97 3.11 5.08 5.11 3.12 4.40 0.00 7.03 6.44 6.44 5.53 6.26 7.48 0.00 2.11 3.18 6.66 8.28 3.17 0.00 0.00 0.00 0.00 0.00 3.86 2.40 2.50 3.56 2.70 2.87 640789
0.00 3.63 4.97 0.00 5.76 5.08 3.13 4.57 0.00 7.03 6.43 6.43 5.55 6.28 7.47 0.00 2.12 3.17 6.86 8.54 3.28 0.00 0.00 0.00 0.00 2.67 3.82 2.38 2.49 3.54 2.70 0.00 653879
0.00 3.62 4.97 0.00 5.12 5.15 3.13 4.19 0.00 7.05 6.44 6.44 5.54 6.23 7.49 0.00 2.11 3.15 0.00 8.53 3.19 0.00 0.00 0.00 0.00 2.63 3.71 2.41 2.51 3.51 2.73 2.88 666969
0.00 3.61 4.97 3.09 5.11 5.13 3.11 4.73 0.00 7.04 6.44 6.42 5.75 6.25 7.48 0.00 2.12 3.17 0.00 8.53 3.17 0.00 0.00 0.00 0.00 2.57 3.72 2.38 2.47 3.66 2.72 2.85 680059
0.00 3.62 4.89 0.00 5.11 5.08 3.10 4.26 5.26 7.04 6.44 6.42 5.55 6.25 7.48 8.36 2.07 3.16 6.56 8.51 3.17 0.00 0.00 0.00 0.00 3.37 3.74 2.34 2.43 3.74 2.69 2.91 693149
0.00 3.62 4.95 0.00 5.04 5.11 3.11 4.32 0.00 7.05 6.44 6.42 5.74 6.25 7.47 8.34 2.04 3.17 6.92 8.84 3.16 0.00 0.00 0.00 0.00 2.55 3.76 2.35 2.44 3.54 2.70 2.91 706239
0.00 3.63 4.80 0.00 5.14 5.08 3.10 3.98 0.00 7.03 6.43 6.44 5.52 6.25 7.48 8.33 2.05 3.16 6.59 8.86 3.20 4.49 0.00 0.00 0.00 2.57 3.74 2.97 2.48 3.51 2.72 2.92 719329
0.00 3.64 4.91 0.00 5.15 5.27 3.10 4.09 0.00 7.03 6.44 6.44 5.51 6.24 7.48 8.33 2.04 3.15 6.77 8.40 3.16 4.48 0.00 0.00 0.00 2.54 3.80 2.27 2.48 3.58 2.70 2.86 732419
0.00 3.64 5.01 0.00 5.03 5.07 3.15 4.08 0.00 7.03 6.45 6.45 5.51 6.25 7.49 0.00 2.04 3.16 6.79 8.36 3.17 4.42 0.00 0.00 0.00 2.60 3.76 2.30 2.40 3.53 2.75 3.10 745509
0.00 3.64 5.11 0.00 5.04 5.10 3.13 4.29 0.00 7.04 6.43 6.54 5.49 6.26 7.46 8.37 2.04 3.16 6.54 8.29 3.11 4.41 0.00 0.00 0.00 2.65 3.77 2.26 2.27 3.66 2.76 2.84 758599
0.00 3.62 4.88 0.00 5.11 5.14 3.13 4.00 5.27 7.02 6.44 6.70 5.49 6.26 7.46 8.34 2.05 3.20 6.54 8.29 3.15 4.41 0.00 0.00 0.00 2.57 3.81 2.30 2.28 3.83 2.74 2.98 771689
0.00 3.65 4.82 0.00 5.05 5.29 3.41 3.97 0.00 7.05 6.44 6.48 5.53 6.25 7.48 8.35 2.03 3.21 6.57 8.24 3.19 4.42 0.00 5.07 0.00 2.62 3.79 2.22 2.32 3.69 2.70 2.82 784779
0.00 3.64 4.87 0.00 5.06 5.14 3.17 4.02 5.25 7.03 6.45 6.47 5.50 6.27 7.47 8.31 2.05 3.20 6.52 8.53 3.17 4.82 0.00 0.00 0.00 2.71 3.79 2.22 2.22 3.80 2.75 2.93 797869
0.00 3.63 4.75 0.00 5.09 5.07 3.29 4.31 5.24 7.05 6.45 6.47 5.51 6.24 7.49 8.30 2.29 3.16 6.44 8.57 3.99 0.00 0.00 0.00 0.00 2.72 3.78 2.21 2.34 3.60 2.75 2.88 810959
0.00 3.65 4.90 0.00 5.10 5.09 3.16 3.98 5.29 7.01 6.43 6.48 5.47 6.31 7.49 7.99 2.26 3.12 6.42 8.55 3.17 0.00 0.00 0.00 0.00 2.62 3.84 2.23 2.38 3.69 2.73 3.16 824049
0.00 3.63 4.85 0.00 5.04 5.09 3.08 3.94 0.00 7.04 6.44 6.49 5.35 6.32 7.50 7.99 2.23 3.11 6.73 8.54 3.12 4.51 0.00 0.00 0.00 2.67 3.92 2.16 2.34 3.64 2.77 2.89 837139
0.00 3.64 5.00 0.00 5.01 5.06 3.12 4.02 5.24 7.00 6.44 6.58 5.37 6.52 7.50 7.98 2.08 3.08 0.00 8.47 3.59 4.85 0.00 4.23 0.00 2.66 3.87 2.26 2.45 3.66 2.71 2.84 850229
0.00 3.61 4.93 0.00 5.09 5.13 3.14 3.95 0.00 7.01 6.44 6.41 5.60 6.32 7.42 7.97 2.09 3.09 6.54 8.54 3.23 4.51 0.00 0.00 0.00 2.78 3.96 2.44 2.37 3.60 2.79 2.82 863319
5.95 3.63 4.89 0.00 4.97 4.99 3.14 4.09 0.00 7.00 6.44 6.58 5.56 6.41 7.36 7.83 2.07 3.18 6.38 8.32 3.36 4.64 0.00 5.11 0.00 2.81 3.88 2.38 2.40 3.72 2.70 2.85 876409
0.00 3.61 4.97 0.00 5.27 5.07 3.15 3.94 0.00 7.01 6.44 6.46 5.61 6.53 7.53 7.84 2.03 3.02 6.38 8.55 3.35 4.67 0.00 4.93 0.00 2.66 4.00 2.38 2.48 3.70 2.78 2.85 889499
0.00 3.61 5.13 0.00 4.99 5.10 3.08 4.18 5.26 6.99 6.44 6.49 5.68 6.16 7.59 7.82 2.05 3.00 6.42 8.55 3.28 4.71 0.00 0.00 0.00 2.76 4.06 2.86 2.42 3.98 2.74 2.81 902589
0.00 3.62 5.04 3.02 5.05 5.03 3.14 4.18 0.00 7.01 6.41 6.36 5.50 6.11 7.61 7.91 2.09 2.99 5.94 8.59 3.27 4.61 0.00 0.00 0.00 2.74 4.15 2.31 2.48 3.81 2.68 2.78 915679
0.00 3.63 4.97 3.11 4.97 5.11 3.12 4.10 0.00 7.01 6.41 6.45 5.63 6.03 7.38 7.96 2.07 3.40 6.19 8.27 3.17 4.64 0.00 3.64 0.00 2.97 4.19 2.41 2.78 3.92 2.71 2.83 928769
0.00 3.63 4.89 0.00 5.07 5.24 3.18 4.13 0.00 7.05 6.42 6.43 5.88 5.94 7.55 7.80 2.03 2.94 6.51 8.24 3.28 0.00 0.00 4.92 0.00 2.64 4.15 2.34 2.57 3.93 2.75 2.77 941859
5.87 3.63 4.94 0.00 5.27 5.21 3.22 4.15 5.26 7.04 6.43 6.34 5.67 6.01 7.40 7.98 2.02 3.20 6.21 8.50 3.28 4.47 0.00 4.85 0.00 2.81 4.13 2.31 2.73 3.94 2.72 2.97 954949
0.00 3.64 4.77 0.00 5.05 5.27 3.23 4.14 5.19 6.92 6.60 6.35 5.36 6.23 7.30 7.44 2.92 3.06 6.38 8.29 3.08 0.00 0.00 0.00 0.00 2.93 4.30 2.24 2.33 3.96 2.87 2.84 968039
5.94 3.62 4.88 0.00 5.09 5.21 3.16 4.16 5.28 6.76 6.54 6.43 0.00 5.92 7.17 7.38 2.08 3.03 6.42 8.32 3.01 4.54 0.00 0.00 0.00 3.03 4.35 2.32 2.77 4.05 2.85 2.91 981129
0.00 3.59 4.92 3.09 5.28 5.32 3.15 4.07 0.00 6.73 6.73 6.36 5.66 5.84 7.12 7.67 2.10 3.11 6.54 8.92 3.22 4.59 0.00 0.00 0.00 2.97 4.44 2.45 2.66 4.17 2.58 2.77 994219
5.42 3.65 4.94 2.97 5.11 5.32 3.16 4.03 5.15 5.74 6.40 6.30 5.67 5.83 7.11 7.28 2.01 2.90 6.69 8.40 3.24 4.49 0.00 4.90 0.00 2.95 4.38 2.72 2.77 3.53 2.83 2.80 1007309
5.79 3.60 5.01 0.00 5.21 5.30 3.23 4.14 0.00 6.79 6.37 6.35 5.11 5.81 7.03 7.57 2.26 3.33 5.95 8.41 3.24 4.60 0.00 5.48 0.00 3.10 4.46 2.55 2.77 4.25 2.56 2.71 1020399
5.97 3.60 4.90 0.00 5.14 5.31 3.25 4.05 5.20 4.35 6.35 7.06 5.20 5.78 7.19 7.15 2.05 3.06 5.88 8.74 3.61 4.43 0.00 4.86 0.00 3.20 4.62 2.53 2.75 4.36 2.28 2.78 1033489
0.00 3.59 5.07 2.84 5.18 5.32 3.17 4.02 5.16 4.12 6.43 6.35 5.22 5.54 6.91 7.26 2.02 3.20 6.80 8.43 3.34 4.54 0.00 4.72 0.00 2.75 4.73 2.41 2.80 4.37 2.24 2.91 1046579
5.80 3.63 5.12 0.00 5.29 5.39 3.22 4.05 5.16 6.48 6.30 6.32 5.38 5.38 7.01 7.66 2.07 2.98 6.07 8.61 3.24 4.45 2.26 4.64 0.00 3.02 4.73 2.41 2.39 4.48 2.48 3.03 1059669
5.85 3.61 5.00 3.02 5.20 5.06 3.20 4.20 5.21 6.28 6.31 7.21 4.73 5.29 6.48 6.95 2.29 3.43 6.33 8.45 3.29 4.46 0.00 4.65 0.00 3.34 4.72 2.58 3.05 3.30 2.18 2.84 1072759
0.00 3.52 5.30 2.76 5.72 5.56 3.19 4.17 5.19 5.24 6.38 6.44 4.83 5.42 6.57 7.26 2.70 3.16 6.42 8.82 3.33 4.51 0.00 5.35 0.00 3.29 4.80 2.35 2.96 4.52 2.36 2.82 1085849
5.67 3.55 5.18 3.07 5.34 5.59 3.21 4.57 5.21 6.30 6.33 6.38 4.80 5.52 6.70 6.85 2.02 2.97 5.52 8.40 3.36 4.64 4.17 4.52 0.00 3.39 5.13 2.67 2.70 3.60 2.30 2.72 1098939
5.42 3.62 5.17 3.20 5.32 5.77 3.15 4.09 0.00 5.94 5.51 6.34 4.44 5.34 6.69 7.15 2.71 2.90 6.53 8.50 3.17 4.33 9.32 3.41 0.00 3.42 4.56 2.53 3.15 3.72 2.20 2.82 1112029
5.68 3.66 5.07 0.00 5.28 5.78 3.31 4.51 5.17 6.51 6.41 6.30 4.41 5.43 6.55 6.99 2.06 3.08 0.00 8.82 3.21 4.37 9.38 4.76 0.00 3.07 5.03 2.48 2.36 4.32 2.31 2.77 1125119
6.15 3.59 5.07 3.13 5.26 5.79 3.19 4.17 5.19 6.00 6.31 6.47 4.29 5.00 6.63 6.53 2.25 2.89 3.64 8.57 3.40 4.35 0.00 0.00 0.00 3.36 4.65 2.90 3.22 2.62 2.37 2.78 1138209
5.52 3.60 5.27 2.52 5.36 5.90 3.22 4.16 5.18 6.21 6.30 6.56 4.18 5.30 6.45 6.54 2.05 2.94 0.00 8.47 3.45 4.40 5.56 4.77 0.00 3.49 2.88 2.62 3.11 5.04 2.40 2.72 1151299
5.63 3.62 5.13 2.91 5.48 5.86 3.18 4.43 5.28 5.08 6.31 6.49 4.02 4.50 6.51 6.35 2.10 3.47 0.00 9.23 3.43 4.79 9.75 4.61 0.00 3.46 5.26 2.88 3.29 3.11 2.32 2.58 1164389
5.87 3.59 5.16 0.00 5.42 5.93 3.44 4.13 0.00 6.41 6.16 6.44 4.17 4.51 6.20 6.90 2.34 3.18 0.00 8.80 3.42 4.18 8.88 0.00 0.00 4.14 4.46 2.58 3.43 4.56 2.40 2.70 1177479
5.64 3.59 5.46 0.00 6.27 6.08 3.25 4.25 5.23 5.64 5.73 6.44 3.69 4.80 6.08 6.47 2.10 3.03 0.00 9.28 3.52 4.32 0.00 4.80 0.00 3.60 5.44 2.70 3.06 5.13 2.41 2.76 1190569
5.61 3.65 5.15 0.00 5.46 5.90 3.20 4.23 5.15 4.56 5.76 6.59 3.91 4.87 5.97 6.15 2.21 3.21 6.66 8.73 3.57 4.30 0.00 0.00 0.00 3.59 5.44 2.69 3.30 5.16 2.34 2.91 1203659
5.53 3.61 5.16 0.00 5.48 5.99 3.31 4.16 0.00 5.15 5.70 6.79 3.97 4.79 5.90 6.36 2.03 2.98 0.00 8.86 3.50 4.24 0.00 0.00 0.00 4.22 5.42 2.69 3.63 5.62 2.37 2.59 1216749
5.90 3.53 5.09 2.93 5.49 6.00 3.38 4.13 5.15 5.76 5.64 6.43 3.99 4.74 5.96 6.08 2.02 3.24 6.68 8.53 3.60 4.67 0.00 0.00 0.00 4.28 5.57 2.83 3.07 5.01 2.51 3.11 1229839
5.53 3.51 5.45 2.88 5.51 6.09 3.57 4.05 5.19 5.89 5.49 6.55 3.76 4.62 5.92 5.96 2.69 3.13 0.00 8.61 3.47 4.23 8.21 4.47 0.00 3.72 6.07 2.74 3.33 4.61 2.44 2.78 1242929
0.00 3.62 5.05 3.35 5.59 6.02 3.28 4.15 0.00 5.43 5.72 6.78 3.53 4.85 5.89 5.87 2.07 3.08 6.30 8.62 3.40 4.13 9.73 4.78 0.00 3.99 5.84 2.80 3.34 5.20 2.50 2.87 1256019
5.56 3.63 5.01 3.01 6.10 6.12 3.24 4.13 5.14 3.54 5.38 6.19 4.32 4.47 5.71 5.79 2.28 3.15 0.00 8.56 3.42 4.20 7.52 0.00 0.00 4.03 5.97 2.86 3.48 5.23 2.47 2.66 1269109
5.62 3.61 5.34 0.00 5.67 6.19 3.29 4.05 5.21 3.82 5.38 6.35 3.40 4.33 5.66 5.73 2.04 2.98 6.80 8.53 3.50 4.19 0.00 4.58 0.00 4.43 5.65 2.89 3.75 5.38 2.67 2.78 1282199
5.66 3.62 5.20 0.00 5.69 6.14 3.35 4.40 5.21 3.75 5.33 6.12 3.52 4.42 5.72 5.48 2.22 3.12 6.59 8.54 3.53 4.35 0.00 4.61 0.00 4.13 6.06 2.78 2.80 2.48 2.46 2.81 1295289
5.39 3.62 5.27 0.00 5.75 6.26 3.31 4.36 5.19 4.15 5.72 6.17 3.40 4.13 5.49 5.66 2.14 2.97 6.00 8.65 3.54 0.00 4.62 4.78 0.00 0.00 6.12 2.88 3.61 5.14 2.43 0.00 1308379
5.44 3.62 5.27 3.49 5.75 6.30 3.46 4.21 5.17 4.90 5.31 5.94 3.39 4.21 5.42 5.51 2.04 3.12 0.00 8.54 3.40 3.86 0.00 5.52 0.00 4.82 6.26 2.86 3.03 5.60 2.60 2.85 1321469
5.26 3.64 5.13 0.00 5.75 6.44 3.27 4.17 5.41 4.71 5.36 5.73 3.45 4.16 5.15 5.81 2.04 2.96 0.00 8.47 3.43 3.96 6.17 0.00 0.00 4.35 6.03 3.30 3.30 5.51 2.60 2.67 1334559
5.12 3.39 5.98 0.00 5.83 6.47 3.28 4.12 5.15 4.08 5.34 5.85 3.29 4.20 5.37 5.56 2.16 2.95 0.00 8.63 3.47 3.96 0.00 3.59 0.00 4.41 6.44 3.13 3.19 5.42 2.60 2.75 1347649
5.14 3.60 5.18 2.77 5.84 6.43 3.30 4.13 5.27 3.48 5.04 5.85 3.51 4.26 5.34 5.73 2.88 3.02 6.69 8.69 3.38 4.50 2.29 0.00 0.00 4.69 6.47 3.02 3.58 4.88 2.58 2.72 1360739
5.14 3.60 5.37 2.91 5.84 6.57 3.32 4.30 5.20 5.04 5.06 5.74 3.42 4.22 5.31 5.40 2.02 2.87 0.00 8.76 3.40 3.97 0.00 3.77 0.00 4.51 6.44 3.05 3.66 5.48 2.63 2.67 1373829
5.00 3.58 5.20 0.00 5.89 6.47 3.28 4.17 0.00 2.81 4.57 5.62 3.51 4.10 5.28 5.10 2.17 3.12 0.00 8.67 3.40 4.00 0.00 0.00 0.00 4.69 6.65 2.91 3.71 5.76 2.55 2.68 1386919
5.10 3.70 5.27 0.00 5.89 6.42 3.28 4.09 0.00 5.28 4.97 5.72 3.40 4.29 4.99 5.04 2.58 3.23 4.90 8.62 3.47 3.70 4.58 0.00 0.00 4.77 6.55 3.34 3.71 5.52 2.56 2.71 1400009
5.27 3.69 5.20 2.91 6.11 6.43 3.30 4.24 5.16 4.45 5.24 5.51 3.36 4.09 4.65 4.98 2.12 3.16 0.00 8.65 3.41 3.63 6.62 4.29 0.00 4.74 6.48 3.04 3.80 5.58 2.57 2.75 1413099
5.02 3.52 0.00 3.01 6.07 6.44 3.31 4.31 5.19 3.90 4.87 5.78 4.24 4.14 4.88 4.96 3.01 3.05 6.63 8.54 3.45 3.58 0.00 0.00 0.00 4.75 6.64 3.26 3.72 5.50 2.37 2.80 1426189
4.84 3.56 5.26 3.34 5.99 6.49 3.38 4.11 0.00 5.14 4.71 5.48 3.51 4.12 4.60 4.67 2.03 3.08 6.65 8.68 3.55 3.67 9.93 5.41 0.00 4.75 6.23 3.12 3.72 5.82 2.51 2.70 1439279
4.81 3.59 5.21 0.00 5.97 6.50 3.36 4.33 5.16 5.14 4.61 5.37 3.55 4.11 4.64 5.03 2.94 3.21 0.00 8.86 3.44 3.62 0.00 0.00 0.00 0.00 6.31 3.13 3.45 5.73 2.68 2.86 1452369
4.84 3.62 5.25 0.00 6.11 6.50 3.44 4.49 5.23 4.68 4.66 5.62 3.26 4.08 4.96 4.81 2.03 3.25 0.00 8.80 3.50 3.42 0.00 5.30 0.00 5.27 5.66 3.11 3.83 6.06 2.66 2.88 1465459
4.77 3.61 5.35 0.00 6.07 6.69 3.43 4.22 5.50 5.08 4.67 5.31 3.32 4.26 4.64 4.80 2.03 3.12 0.00 8.52 3.41 3.56 0.00 0.00 0.00 5.00 5.37 3.65 3.80 5.78 2.66 2.93 1478549
4.84 3.60 5.16 0.00 6.15 6.60 3.43 4.23 0.00 3.44 4.54 5.29 3.20 4.05 4.71 4.71 2.03 3.08 0.00 8.70 3.45 0.00 0.00 5.52 0.00 5.00 5.88 0.00 3.82 5.77 2.62 2.73 1491639
4.95 3.63 5.27 0.00 6.03 6.50 3.28 4.17 0.00 4.98 4.55 5.69 3.13 4.07 4.61 4.94 2.19 3.21 6.52 8.66 3.62 0.00 0.00 4.57 0.00 4.90 4.73 3.21 3.48 5.63 2.73 2.78 1504729
4.90 3.61 5.15 0.00 6.22 6.60 3.34 4.16 0.00 4.77 4.42 0.00 3.47 4.02 4.52 4.62 2.02 3.09 0.00 8.52 3.50 3.35 0.00 0.00 0.00 5.50 6.31 3.79 3.82 5.69 2.64 3.00 1517819
5.04 3.64 5.21 0.00 6.12 6.57 3.36 4.28 5.22 4.68 4.42 5.17 3.34 4.14 4.53 4.49 2.12 3.16 6.69 8.53 3.46 3.62 0.00 0.00 0.00 4.90 5.92 3.39 3.96 5.72 2.66 3.31 1530909
4.96 3.61 5.15 0.00 6.23 6.72 3.32 4.20 5.24 4.98 4.47 5.41 3.42 4.07 4.53 4.47 2.03 3.21 0.00 8.52 4.09 3.26 0.00 3.99 0.00 4.92 6.08 3.34 3.91 6.11 2.72 2.83 1543999
4.87 3.60 5.30 0.00 6.15 6.60 3.35 4.15 0.00 4.88 4.37 5.19 3.21 4.08 4.48 4.52 2.02 3.21 0.00 8.55 3.47 3.26 0.00 0.00 0.00 5.00 6.05 3.31 3.91 5.66 2.82 2.77 1557089
4.83 3.62 5.29 0.00 6.12 6.71 3.34 4.14 0.00 4.89 4.39 5.30 3.24 4.12 4.69 4.71 2.01 3.17 0.00 8.56 3.45 3.53 0.00 0.00 0.00 4.88 6.07 3.98 3.87 5.96 2.71 2.84 1570179
5.69 3.62 5.31 3.01 6.39 6.66 3.28 4.34 0.00 4.98 4.34 5.21 3.13 4.17 4.47 4.50 2.37 3.20 0.00 8.79 3.42 3.69 0.00 0.00 0.00 4.94 6.04 3.23 3.87 5.82 2.73 3.14 1583269
4.83 3.63 5.21 0.00 6.46 6.61 3.27 4.23 7.74 4.86 4.36 5.08 3.41 4.34 4.53 4.62 2.14 3.19 0.00 8.53 3.43 3.36 0.00 0.00 0.00 5.48 5.98 3.35 3.85 5.85 2.81 2.91 1596359
4.89 3.63 5.96 0.00 6.35 6.77 3.35 4.14 0.00 4.89 4.34 5.21 3.11 4.26 4.55 5.35 2.03 3.16 0.00 8.66 3.43 4.21 0.00 0.00 0.00 5.50 5.94 3.53 3.95 5.65 2.80 2.98 1609449
4.90 3.61 5.24 0.00 6.34 6.69 3.32 4.18 0.00 4.81 4.09 5.07 3.75 4.11 4.54 4.71 2.01 3.28 0.00 8.84 3.48 3.32 0.00 0.00 0.00 4.93 6.00 3.70 3.96 6.21 2.72 2.87 1622539
4.74 3.61 0.00 0.00 6.51 6.65 3.32 4.15 5.19 5.00 4.40 4.85 3.20 4.24 4.52 4.54 2.49 3.22 0.00 9.04 3.45 3.23 0.00 4.59 0.00 4.98 5.84 3.33 3.90 5.74 2.90 2.91 1635629
4.74 3.62 5.21 0.00 6.27 6.70 3.36 4.15 5.19 4.72 4.27 5.29 3.19 4.21 4.52 4.53 2.21 3.12 0.00 8.84 3.44 3.55 0.00 0.00 0.00 0.00 5.97 3.66 3.93 5.79 3.08 3.00 1648719
4.65 3.61 0.00 0.00 6.16 6.70 3.27 4.18 5.22 4.42 4.19 4.88 3.28 4.15 4.51 4.78 0.00 3.08 0.00 8.65 3.50 3.22 0.00 0.00 0.00 4.84 5.89 3.82 4.04 5.56 3.04 2.92 1661809
4.70 3.63 5.26 0.00 6.33 6.67 3.25 4.20 5.25 4.66 4.17 4.90 3.36 4.17 4.51 4.50 0.00 3.34 0.00 8.76 3.41 3.19 0.00 0.00 0.00 0.00 5.81 3.27 4.03 5.61 2.98 2.87 1674899
4.53 3.61 5.17 0.00 6.27 6.71 3.35 4.16 5.20 4.73 4.11 4.70 3.29 4.13 4.70 4.53 2.56 3.18 0.00 8.77 3.44 3.41 0.00 3.73 0.00 4.82 5.94 3.44 3.97 5.62 2.86 2.78 1687989
4.39 3.61 5.50 0.00 6.34 6.73 3.25 4.24 5.29 3.97 4.18 4.75 3.19 4.18 4.50 4.87 2.03 3.14 0.00 8.70 3.43 3.57 0.00 0.00 0.00 5.03 6.08 3.35 4.11 5.47 2.87 2.73 1701079
4.70 3.61 5.69 0.00 6.63 6.73 3.39 4.26 0.00 4.72 4.21 4.74 3.47 4.16 4.51 4.97 2.02 3.10 6.69 8.76 3.45 0.00 0.00 3.81 0.00 5.05 6.20 3.62 4.22 5.77 2.95 2.76 1714169
4.40 3.62 5.77 0.00 6.41 6.72 3.26 4.19 5.27 4.58 4.16 4.79 3.55 4.17 4.61 4.55 2.19 3.48 0.00 8.75 3.97 3.30 0.00 4.60 0.00 5.07 6.04 3.70 4.31 5.93 2.86 2.95 1727259
4.47 3.55 5.21 0.00 6.34 6.68 3.36 4.20 5.53 4.44 4.25 4.92 3.17 4.21 4.57 4.49 2.31 3.00 0.00 8.77 3.41 3.40 0.00 4.64 0.00 4.99 6.08 3.57 4.16 5.76 3.09 3.05 1740349
4.53 3.64 5.31 0.00 6.41 6.77 3.26 4.21 5.46 4.33 4.25 4.42 3.27 4.23 4.52 4.53 3.13 3.10 0.00 8.87 3.47 3.32 0.00 0.00 0.00 4.86 6.28 3.43 4.22 5.68 2.84 2.82 1753439
4.57 3.49 5.29 0.00 6.40 6.77 3.25 4.10 0.00 4.41 4.24 4.33 3.29 4.16 4.52 4.62 0.00 3.01 0.00 8.78 3.44 3.28 0.00 4.96 0.00 4.87 6.10 3.55 4.29 5.81 2.95 2.65 1766529
4.36 3.53 0.00 0.00 6.35 6.80 3.17 4.17 5.70 4.39 4.33 4.61 3.48 4.16 4.96 4.77 2.17 3.04 6.49 9.08 3.37 0.00 0.00 4.46 0.00 4.92 6.10 3.50 4.02 5.62 3.06 2.86 1779619
4.47 3.65 5.34 0.00 6.34 7.08 3.27 4.15 5.37 4.10 4.24 5.02 3.25 4.23 4.55 5.07 2.05 3.16 0.00 8.70 3.37 3.87 5.79 4.75 0.00 5.67 6.06 3.60 4.26 6.14 2.97 2.89 1792709
4.39 3.70 5.32 3.05 6.49 6.83 3.15 4.30 5.25 4.05 4.25 4.62 3.25 4.15 4.54 4.46 2.07 0.00 0.00 8.68 3.42 3.29 0.00 0.00 0.00 4.96 5.91 3.64 4.46 5.92 3.05 2.64 1805799
4.44 3.63 5.25 0.00 6.51 6.92 3.24 4.08 5.15 4.08 4.37 4.46 3.31 4.23 4.60 4.42 2.01 2.86 6.48 8.70 3.39 3.09 0.00 0.00 0.00 4.99 6.04 3.86 4.57 5.69 3.20 2.86 1818889
4.04 3.49 0.00 3.12 7.03 6.89 3.21 4.55 4.76 4.11 4.39 4.44 3.37 4.20 4.64 4.45 2.03 3.05 0.00 8.63 3.34 0.00 0.00 0.00 0.00 5.12 6.05 4.04 4.57 5.55 3.20 3.12 1831979
4.09 3.55 5.38 0.00 6.86 6.89 3.22 3.99 4.04 3.89 4.39 4.62 3.32 4.29 4.68 4.43 2.13 2.83 0.00 8.63 3.41 3.34 6.88 3.93 0.00 4.95 5.92 3.92 4.69 6.10 3.26 2.99 1845069
4.22 3.63 5.31 0.00 6.70 6.92 3.23 3.95 5.06 4.13 4.47 4.56 3.35 4.23 4.72 4.46 2.02 2.98 0.00 8.63 3.40 3.12 0.00 3.70 0.00 5.07 5.86 3.70 4.22 5.78 3.28 3.42 1858159
4.12 3.51 5.52 3.05 6.64 7.00 3.31 4.02 4.81 4.08 4.43 4.59 3.36 4.26 4.71 4.44 2.15 2.89 0.00 8.78 3.29 3.76 0.00 5.14 0.00 4.91 5.98 4.08 4.41 5.72 3.28 3.10 1871249
4.16 3.52 5.32 3.04 6.60 7.07 3.35 4.07 4.60 3.70 4.58 4.73 3.35 4.25 4.71 4.50 2.03 2.76 2.25 8.78 0.00 3.63 5.01 0.00 0.00 5.08 5.88 4.06 4.72 5.69 3.48 3.28 1884339
4.17 3.47 5.21 0.00 6.76 7.09 3.28 4.08 4.51 3.71 4.57 4.79 3.36 4.27 4.78 4.51 2.03 2.76 6.65 8.65 3.17 3.19 0.00 4.56 0.00 5.02 5.93 4.12 4.16 5.86 3.38 3.13 1897429
3.83 3.54 5.35 0.00 7.07 7.31 3.26 4.19 3.91 3.54 4.66 4.90 3.45 4.32 4.75 4.61 2.12 2.81 0.00 8.76 3.30 3.18 4.81 0.00 0.00 5.45 5.90 4.51 4.72 5.87 3.37 3.18 1910519
3.98 3.43 5.29 0.00 6.65 7.17 3.36 4.06 4.40 3.71 4.68 4.91 3.31 4.39 4.82 4.66 2.08 2.79 6.56 8.66 3.28 0.00 0.00 4.94 0.00 5.08 5.97 4.17 4.80 5.89 3.49 3.38 1923609
4.01 3.64 5.25 0.00 7.26 7.51 3.28 4.06 4.73 3.75 4.60 4.93 3.35 4.39 4.80 4.56 2.06 2.89 0.00 8.70 3.34 3.12 0.00 4.50 0.00 0.00 5.93 4.26 4.82 4.60 3.67 3.25 1936699
3.50 3.43 5.23 0.00 6.83 7.30 3.39 4.10 4.32 3.81 4.58 4.97 3.34 4.38 4.82 4.57 2.03 2.91 0.00 8.70 3.31 3.23 0.00 5.07 0.00 5.03 5.94 4.93 4.41 5.95 3.59 3.21 1949789
3.63 3.53 5.22 0.00 6.93 7.31 3.34 4.14 4.34 3.87 4.67 5.10 3.66 4.66 4.76 4.66 2.19 2.94 0.00 8.56 3.28 3.29 0.00 0.00 0.00 4.94 6.02 4.84 4.92 5.94 3.57 3.30 1962879
3.80 3.44 5.21 0.00 6.86 7.29 3.33 4.09 4.37 3.98 4.79 4.97 3.47 4.52 4.82 4.62 2.08 2.96 0.00 8.76 3.30 3.27 0.00 4.82 0.00 5.10 5.84 4.55 5.03 5.98 3.66 3.28 1975969
3.82 3.44 5.26 0.00 7.32 7.43 3.27 4.08 4.66 3.95 4.67 5.11 3.69 3.95 4.83 4.74 2.04 2.93 6.69 8.96 3.22 3.02 0.00 0.00 0.00 0.00 5.68 4.52 4.96 5.97 3.48 3.28 1989059
3.81 3.56 5.57 0.00 7.60 7.29 3.34 4.11 4.36 3.84 4.68 5.08 3.42 4.39 4.85 4.63 2.06 2.92 6.81 8.66 3.33 3.06 0.00 0.00 0.00 0.00 6.14 4.71 5.24 5.88 3.84 3.25 2002149
4.01 3.62 5.11 0.00 6.84 7.38 3.39 4.29 4.25 3.90 4.72 5.07 3.36 4.49 4.84 4.67 2.18 3.11 0.00 8.74 3.21 3.11 5.96 4.45 0.00 4.91 5.72 4.63 5.05 6.08 3.66 3.23 2015239
3.87 3.58 0.00 2.37 7.20 7.48 3.31 4.15 4.50 3.86 4.76 5.18 0.00 4.56 5.33 4.72 2.09 3.10 0.00 8.66 3.24 3.35 0.00 4.37 0.00 5.23 5.75 4.85 5.07 6.20 3.94 3.25 2028329
3.99 3.61 5.85 0.00 7.14 7.46 3.32 4.11 4.19 3.78 4.77 5.35 3.49 4.55 4.91 4.69 2.47 3.54 2.83 8.70 3.18 0.00 0.00 0.00 0.00 4.87 5.68 4.80 5.15 5.97 3.67 3.29 2041419
3.93 3.48 5.41 3.00 7.15 7.50 3.30 4.33 4.37 3.88 4.85 5.16 3.32 4.48 4.93 4.72 2.12 3.24 0.00 8.73 3.23 3.36 0.00 4.49 0.00 5.11 5.72 4.81 5.33 5.60 3.85 3.37 2054509
3.80 3.51 5.32 0.00 7.05 7.53 3.36 4.09 4.25 3.86 4.69 5.14 3.47 4.48 5.03 4.75 2.04 3.10 0.00 8.63 3.20 3.27 0.00 4.55 0.00 4.92 5.79 4.91 5.24 5.91 3.68 3.44 2067599
3.54 3.50 0.00 0.00 7.09 7.46 3.32 4.33 4.57 3.85 4.86 5.17 3.59 4.63 4.94 4.83 2.35 3.05 0.00 8.67 3.12 3.08 0.00 4.46 0.00 5.01 5.63 4.88 5.38 5.79 3.71 3.38 2080689
3.47 3.48 5.77 3.08 7.02 7.53 3.56 4.23 4.30 3.38 4.79 5.17 3.79 4.55 4.94 4.76 2.02 3.19 0.00 8.77 3.09 3.08 0.00 4.39 0.00 5.04 5.71 4.81 4.53 6.05 3.68 3.38 2093779
3.58 3.50 5.29 3.03 7.21 7.49 3.42 4.22 4.19 3.87 4.85 5.26 3.56 4.55 5.01 4.79 2.13 3.06 6.66 8.73 2.91 3.27 0.00 5.92 0.00 0.00 5.82 4.84 5.30 6.31 4.16 3.38 2106869
3.56 3.47 5.36 0.00 7.22 7.46 3.34 4.26 4.28 4.00 4.82 5.32 3.52 4.74 5.02 4.87 2.61 3.33 0.00 8.73 2.92 3.29 0.00 0.00 0.00 4.89 5.77 4.96 5.42 6.09 3.88 3.43 2119959
3.42 3.43 5.23 0.00 7.20 7.46 3.30 4.37 4.15 3.99 4.70 5.28 3.60 4.55 4.97 4.93 2.01 3.49 0.00 8.64 2.97 3.46 0.00 4.03 0.00 5.51 5.69 4.85 5.33 6.17 3.97 3.62 2133049
3.99 3.49 5.96 0.00 7.06 7.73 3.30 4.56 4.14 4.10 4.72 5.37 3.43 4.60 5.48 4.82 2.28 3.09 0.00 8.73 2.93 3.12 0.00 0.00 0.00 4.94 5.80 4.98 5.36 5.95 3.90 3.69 2146139
3.28 3.39 5.21 0.00 7.19 7.51 3.28 4.49 4.13 3.95 5.15 5.28 3.42 4.68 4.98 4.79 2.04 3.03 6.51 8.71 2.83 3.18 0.00 0.00 0.00 4.82 5.77 5.07 5.41 5.96 3.76 3.77 2159229
3.34 3.42 5.65 0.00 7.04 7.64 3.27 4.27 4.03 3.95 4.65 5.29 3.63 4.63 5.17 4.98 2.65 3.13 0.00 8.67 2.89 3.20 0.00 5.03 0.00 4.91 5.70 5.07 5.46 6.14 4.31 3.66 2172319
3.14 3.42 5.68 0.00 7.14 7.68 3.21 4.29 4.46 3.53 4.72 5.50 3.41 4.68 5.09 4.82 2.14 3.02 0.00 8.79 2.80 3.31 0.00 4.01 0.00 4.87 5.65 5.63 5.60 6.23 4.02 3.65 2185409
3.08 3.42 5.29 0.00 7.21 7.74 3.25 4.50 3.98 3.36 4.68 5.26 3.54 4.73 5.24 5.02 2.08 3.11 5.98 8.69 2.81 3.27 0.00 0.00 0.00 5.06 5.67 5.09 5.52 6.27 4.38 3.60 2198499
3.29 3.34 5.29 3.04 7.40 7.76 3.23 4.39 3.81 3.21 4.75 5.41 3.83 4.73 5.22 4.93 2.04 2.91 0.00 8.76 2.79 3.24 3.60 0.00 0.00 5.44 5.86 5.05 6.17 6.39 4.18 3.62 2211589
3.25 3.34 5.39 2.88 7.11 7.75 3.19 4.45 3.73 2.64 4.50 5.18 3.44 4.88 5.21 4.93 2.03 2.90 6.32 8.72 2.73 3.18 9.35 4.32 0.00 0.00 5.40 5.15 5.52 5.72 3.96 3.63 2224679
3.09 3.45 0.00 0.00 7.33 7.82 3.31 4.57 3.64 3.85 4.61 5.32 3.45 4.88 5.30 4.99 2.06 2.97 0.00 8.75 2.64 3.44 0.00 3.84 0.00 4.97 5.68 5.01 5.72 6.30 4.14 3.72 2237769
3.01 3.28 0.00 2.76 7.39 8.12 3.23 4.62 3.42 3.63 4.36 5.12 3.69 4.92 5.31 4.90 2.01 2.94 6.54 8.69 2.57 3.35 0.00 0.00 0.00 4.85 4.27 5.60 5.66 6.33 4.34 3.65 2250859
3.07 3.21 5.04 3.80 7.41 7.93 3.29 4.61 3.19 3.48 4.43 5.32 3.86 5.00 5.52 4.90 2.10 2.94 6.70 8.70 2.78 3.30 3.68 4.81 0.00 4.87 4.04 5.22 5.64 6.45 3.00 3.78 2263949
3.08 2.67 5.28 2.76 7.14 7.89 3.54 4.66 3.13 2.88 4.09 5.16 3.70 5.10 5.50 5.05 2.10 2.78 6.20 8.89 2.44 3.40 0.00 5.02 0.00 4.88 5.66 5.22 5.27 6.33 3.17 3.76 2277039
3.11 2.70 5.34 2.59 7.36 8.00 3.45 4.99 2.94 2.75 3.89 4.51 3.86 5.22 5.43 5.06 2.05 3.12 6.69 0.00 2.57 3.36 2.11 3.48 0.00 4.86 4.91 5.87 5.56 6.47 3.79 3.98 2290129
3.30 2.59 5.13 2.74 7.42 8.04 3.50 4.67 2.76 2.74 3.59 4.23 3.81 5.14 5.57 5.07 2.10 2.73 0.00 8.88 2.51 3.38 3.23 5.15 0.00 5.20 5.39 5.50 5.37 4.08 3.93 3.91 2303219
3.28 2.69 5.17 2.85 7.34 7.11 3.58 5.04 2.98 2.74 3.83 4.13 4.23 4.67 5.74 5.18 2.18 2.90 5.29 8.86 2.65 3.52 2.95 2.34 0.00 4.67 4.26 0.00 3.27 6.17 3.49 3.99 2316309
3.47 2.81 4.98 2.93 7.26 8.23 2.93 5.17 2.76 2.78 3.04 3.74 4.09 5.29 5.63 5.12 2.10 2.99 6.21 0.00 2.74 3.70 4.45 3.18 0.00 4.53 3.37 5.82 5.41 3.59 3.47 4.13 2329399
3.29 2.60 5.28 0.00 7.27 8.25 4.13 5.08 2.81 2.52 3.19 3.34 3.86 5.17 5.78 5.21 2.13 2.88 6.04 5.93 2.54 3.72 4.23 4.50 0.00 4.76 3.68 5.49 4.47 5.20 4.60 4.14 2342489
3.47 2.72 5.13 3.28 7.35 6.25 3.62 5.38 2.86 2.57 3.50 3.43 3.43 4.14 5.95 5.28 2.20 2.88 4.24 8.71 3.00 3.76 2.47 3.93 0.00 4.31 4.13 0.00 4.04 5.06 4.29 4.18 2355579
3.43 2.91 5.22 2.73 7.67 8.34 3.60 5.35 2.73 2.76 3.29 3.38 4.33 4.35 6.00 5.55 2.05 2.94 6.40 8.73 2.25 3.57 4.82 3.30 0.00 4.77 4.22 0.00 3.79 5.20 3.38 4.41 2368669
3.40 2.76 5.21 2.64 7.61 6.42 3.41 5.67 2.85 2.70 3.27 3.38 4.18 4.64 6.34 4.41 2.07 2.98 6.12 8.70 2.94 4.12 6.07 4.07 0.00 3.68 2.57 0.00 5.59 2.57 2.35 3.33 2381759
3.31 2.90 4.48 3.53 7.31 4.72 3.27 6.02 2.77 2.72 3.17 3.42 4.14 5.12 6.25 5.48 2.41 2.83 4.05 8.78 3.12 4.07 3.07 4.59 0.00 2.21 3.92 2.89 2.70 4.34 3.05 2.61 2394849
3.34 2.71 3.94 2.76 7.80 5.07 3.56 5.61 2.82 2.74 3.38 3.42 4.60 5.76 6.15 5.45 2.10 2.58 2.58 0.00 2.50 4.06 2.38 2.61 0.00 3.12 4.34 2.92 2.44 4.82 4.54 4.69 2407939
3.38 2.90 4.01 2.60 6.75 4.70 3.15 2.22 2.91 2.25 3.54 3.59 4.62 2.79 5.46 5.42 2.06 2.69 3.23 8.70 2.59 3.82 3.81 2.64 0.00 2.95 3.32 5.94 2.56 4.18 3.06 4.18 2421029
3.45 2.53 5.43 2.93 5.53 6.89 3.48 5.54 2.57 2.72 3.15 3.74 4.49 3.22 6.41 4.79 2.15 2.90 5.95 3.38 2.68 4.41 2.79 2.44 0.00 2.84 3.37 0.00 2.82 2.53 2.92 3.92 2434119
3.36 2.93 5.22 2.90 7.73 5.08 3.62 5.22 2.46 2.59 3.62 3.50 4.23 5.00 6.33 4.97 2.10 2.98 3.74 8.88 3.51 4.23 2.29 2.90 0.00 2.60 3.13 0.00 3.02 3.27 3.75 4.94 2447209
3.42 2.26 4.94 2.88 6.42 2.83 3.51 3.10 2.61 2.72 2.20 3.30 4.82 3.32 6.56 5.94 2.19 2.75 4.29 8.69 2.46 4.11 3.03 3.66 0.00 4.44 2.99 2.32 2.73 2.36 2.71 4.89 2460299
3.72 2.90 4.97 2.85 2.90 2.83 3.43 5.44 2.24 2.31 3.21 2.65 4.75 4.60 6.44 4.59 2.11 2.88 5.97 0.00 2.83 4.30 2.93 3.91 0.00 2.49 2.68 2.68 3.36 2.43 2.84 4.62 2473389
3.54 2.71 3.34 2.51 6.60 2.15 3.50 4.33 2.77 2.17 3.06 3.81 5.18 4.84 4.06 2.66 2.25 2.51 4.02 3.49 3.86 4.66 2.83 4.14 0.00 2.70 2.76 0.00 2.69 3.91 2.50 5.03 2486479
3.67 2.79 4.85 2.54 6.85 4.05 3.70 3.46 2.52 2.68 3.16 3.79 4.50 2.95 6.78 5.00 2.15 2.83 3.61 8.71 2.53 0.00 3.12 4.29 0.00 3.34 3.21 2.68 3.49 3.05 2.64 5.14 2499569
3.73 2.52 5.05 2.65 4.41 3.53 2.54 3.38 3.10 2.56 2.53 3.86 4.96 2.57 5.57 5.85 2.09 2.90 3.39 8.63 3.59 4.46 3.08 2.34 0.00 3.83 3.47 0.00 2.79 3.41 3.49 3.34 2512659
3.60 2.94 3.67 2.66 6.39 5.50 2.73 4.49 2.90 2.69 3.32 3.72 3.67 2.49 6.74 5.83 2.13 2.32 2.97 8.76 2.77 4.45 2.40 2.79 0.00 2.70 3.04 2.49 2.51 2.96 3.35 4.86 2525749
3.51 3.16 4.40 2.33 4.87 2.61 2.39 4.62 2.87 2.38 3.18 3.34 3.18 3.52 2.39 5.96 2.25 2.66 4.93 3.29 3.14 4.43 2.67 2.86 0.00 2.98 2.70 2.73 2.25 2.32 3.02 2.16 2538839
3.54 2.80 2.81 2.40 3.02 2.31 3.75 2.21 2.90 2.22 3.03 2.96 3.52 3.17 5.31 3.71 2.04 2.81 2.40 8.80 2.45 4.51 4.06 2.32 0.00 2.61 2.93 0.00 2.60 2.57 3.45 2.24 2551929
3.94 2.74 4.25 2.37 5.87 2.15 2.73 4.84 3.04 2.81 2.33 4.10 4.87 2.61 2.56 2.52 2.12 3.03 5.57 3.39 2.14 0.00 2.31 2.66 0.00 2.57 2.29 4.90 3.07 2.60 2.94 5.70 2565019
3.46 2.42 4.15 2.42 3.67 2.78 3.07 4.05 2.83 2.55 3.99 4.33 3.11 2.17 2.12 4.68 2.06 2.47 2.35 2.68 3.07 4.40 4.90 3.62 0.00 2.49 2.73 5.76 3.23 2.68 3.47 5.16 2578109
3.21 3.23 3.50 2.06 3.39 2.27 2.42 4.20 2.27 2.38 3.04 4.32 4.13 2.84 4.27 2.43 2.21 2.73 3.12 4.06 3.73 4.55 2.34 2.66 0.00 2.41 2.37 0.00 2.63 3.31 2.78 2.03 2591199
3.48 2.31 2.82 2.44 2.54 3.45 2.20 2.87 2.35 2.35 2.54 3.71 3.19 3.75 4.55 5.33 2.12 2.49 4.02 9.08 3.49 4.58 2.70 2.99 0.00 2.61 2.83 3.09 2.77 2.57 2.44 3.47 2604289
3.16 2.88 5.18 2.54 5.38 2.38 3.21 2.78 2.77 2.26 2.67 4.51 4.87 2.67 5.94 2.41 2.10 2.78 3.38 7.86 2.82 4.52 3.18 2.30 0.00 2.51 2.61 6.10 3.70 3.04 2.78 3.29 2617379
3.33 2.87 4.14 2.44 5.51 2.46 2.55 5.78 2.61 2.68 3.31 4.23 4.26 2.69 5.24 3.81 2.04 3.17 3.84 8.67 2.95 0.00 2.85 3.05 0.00 2.72 2.58 5.48 3.97 4.06 2.58 2.87 2630469
3.10 3.17 4.63 2.62 4.33 3.95 3.28 3.74 2.59 3.54 2.49 3.53 2.53 3.17 6.73 2.65 2.07 2.64 2.66 7.23 3.74 4.59 2.16 2.84 0.00 2.84 2.75 5.08 2.35 3.38 2.62 3.24 2643559
3.59 3.20 4.33 2.70 5.52 4.46 2.22 4.86 2.53 2.50 3.34 2.33 3.47 2.51 3.83 2.99 2.25 2.66 2.17 8.90 2.86 4.62 3.38 2.33 0.00 2.60 2.42 5.16 2.32 3.19 3.05 2.89 2656649
3.41 3.14 2.30 2.38 3.82 3.35 3.57 3.45 2.57 2.44 2.58 5.59 4.71 2.97 6.46 2.35 2.66 2.60 2.61 0.00 4.17 4.68 2.37 4.08 0.00 2.61 2.64 4.95 2.89 2.33 4.15 4.50 2669739
3.57 3.24 0.00 2.46 5.51 4.32 3.26 2.46 2.69 2.23 2.60 5.71 3.03 2.19 4.40 5.54 2.12 2.54 2.51 4.43 3.37 0.00 2.66 4.64 0.00 2.66 2.76 5.25 3.12 2.90 2.34 4.99 2682829
3.55 3.05 2.95 2.39 5.58 3.17 3.59 3.48 2.72 2.62 3.29 5.06 3.56 2.37 4.58 4.05 2.09 2.29 4.80 6.96 2.99 4.64 3.09 3.12 0.00 2.55 2.47 4.32 3.25 2.76 3.01 3.84 2695919
3.48 3.13 5.02 2.71 5.62 3.41 2.76 2.24 2.70 2.56 4.26 6.33 4.58 3.43 6.33 2.19 2.06 2.90 2.46 8.81 2.77 4.84 3.64 3.22 0.00 3.00 2.91 4.88 2.78 4.79 2.68 3.67 2709009
3.48 2.82 4.77 2.65 5.82 3.96 3.16 4.90 2.58 3.11 5.40 6.06 4.52 3.63 6.21 2.57 2.51 2.71 4.24 8.87 3.36 4.86 2.82 2.74 0.00 3.02 2.77 3.54 3.25 3.06 3.77 4.73 2722099
3.63 3.01 5.52 2.74 5.47 3.77 3.10 5.12 2.55 2.76 4.16 6.44 4.50 3.04 5.85 6.56 2.11 2.82 2.72 3.11 2.80 4.60 5.02 4.01 0.00 2.73 2.72 4.75 2.76 2.51 4.17 4.70 2735189
3.84 3.15 4.44 2.72 5.50 5.28 3.61 2.86 2.77 2.16 3.03 6.48 4.30 3.03 5.76 5.08 2.23 2.74 4.11 9.51 4.33 4.76 3.10 3.95 0.00 2.81 2.78 3.83 3.38 3.23 2.95 0.00 2748279
3.39 3.16 5.25 2.55 5.54 2.19 3.94 5.95 2.30 2.51 5.89 6.63 4.29 3.00 6.78 5.87 2.07 2.94 5.07 8.82 4.91 4.94 2.61 2.32 0.00 2.68 2.56 4.56 2.96 2.90 4.48 4.71 2761369
3.46 3.15 5.44 2.89 4.45 5.29 3.00 6.04 2.78 2.98 3.55 6.21 4.38 2.83 6.32 5.56 2.12 2.90 4.90 2.45 4.38 5.13 2.88 4.52 0.00 2.73 3.09 4.18 2.74 2.87 3.58 3.67 2774459
3.30 2.82 5.38 2.58 5.47 3.54 3.40 4.13 2.65 2.93 5.31 6.40 4.32 3.22 6.24 3.95 2.14 2.93 5.86 8.30 4.74 0.00 2.96 2.31 0.00 2.75 2.93 3.90 4.13 4.07 3.39 4.68 2787549
3.35 3.19 4.93 2.46 5.49 4.29 3.49 0.00 3.05 2.15 5.58 5.60 4.49 2.49 6.28 5.87 2.04 2.87 5.98 8.12 4.31 5.09 4.09 4.58 0.00 3.21 2.86 3.74 4.17 4.62 2.44 4.61 2800639
3.37 3.26 5.08 2.80 5.51 4.91 3.52 5.86 3.37 2.33 5.67 5.36 4.53 4.23 6.29 5.34 2.12 3.11 5.70 7.87 4.16 4.99 2.91 4.47 0.00 2.70 2.62 3.73 2.64 3.94 4.20 4.53 2813729
3.38 3.14 5.05 2.93 5.48 4.59 3.87 6.16 3.12 2.62 5.19 6.39 4.09 5.33 6.27 5.38 2.06 2.76 2.69 7.84 4.72 0.00 2.14 2.57 0.00 2.78 2.87 4.32 3.78 3.71 2.84 4.54 2826819
3.47 3.22 5.19 3.05 5.48 3.47 3.39 6.06 3.87 2.20 5.29 6.34 4.85 4.72 0.00 5.96 2.12 2.84 2.18 8.07 4.58 5.62 2.57 2.31 0.00 3.06 2.83 3.61 4.32 4.04 5.03 4.50 2839909
3.36 3.25 4.99 2.87 3.46 5.01 3.81 6.02 3.73 2.92 5.61 5.27 4.55 3.01 6.35 5.94 2.11 2.90 5.77 7.87 4.58 5.04 4.11 3.99 0.00 2.86 2.84 3.48 3.10 3.47 4.85 4.66 2852999
3.48 3.27 5.29 2.49 5.41 4.13 3.57 4.63 4.22 2.56 4.79 6.16 4.44 5.68 6.20 5.91 2.22 3.09 6.19 7.81 3.95 5.02 3.75 3.44 0.00 2.94 2.88 3.43 3.00 3.00 3.20 4.42 2866089
3.41 3.34 4.85 2.67 5.43 4.31 4.02 5.40 3.84 2.90 5.07 5.45 4.65 2.57 6.27 6.03 2.05 2.76 6.01 6.25 3.36 0.00 2.90 2.35 0.00 2.87 2.92 3.22 2.50 3.93 2.98 4.45 2879179
3.38 3.35 5.24 2.45 5.29 4.83 3.68 5.39 4.58 2.39 5.08 6.07 3.25 3.02 6.28 0.00 2.76 2.93 3.03 7.47 4.36 5.48 2.26 4.61 0.00 3.01 2.86 3.14 3.41 3.22 3.52 0.00 2892269
3.42 3.36 5.33 3.04 5.30 5.10 3.98 5.20 2.14 3.37 5.23 6.25 3.68 3.87 6.40 3.97 2.04 3.03 5.92 7.39 5.10 0.00 2.61 3.43 0.00 3.01 2.86 3.73 2.76 3.15 3.17 0.00 2905359
3.45 3.37 5.39 2.81 4.77 4.48 3.53 5.36 4.69 3.44 4.82 5.74 4.03 3.76 6.31 6.04 2.05 3.05 4.72 7.56 3.25 5.22 3.70 4.18 0.00 3.02 2.61 0.00 2.91 3.40 4.15 4.10 2918449
3.38 3.37 5.09 2.78 5.30 4.81 3.99 2.47 3.32 2.50 4.65 5.53 4.52 3.66 5.91 2.80 2.06 3.06 5.56 7.48 5.22 5.25 2.16 2.71 0.00 3.00 2.94 2.78 3.32 3.56 4.29 4.06 2931539
3.44 3.43 4.81 3.05 5.35 4.60 3.08 6.08 4.18 3.11 4.34 5.41 3.83 3.37 6.32 6.01 2.09 3.13 4.39 7.39 3.87 5.20 3.20 4.95 0.00 3.04 2.71 2.76 3.04 3.24 3.54 4.07 2944629
3.72 3.40 4.31 2.58 5.26 4.87 3.44 6.04 3.08 2.67 4.12 5.06 4.73 2.73 6.38 6.14 2.32 3.14 3.47 7.49 2.40 0.00 2.75 2.89 0.00 2.88 2.73 3.18 2.98 3.12 3.55 3.58 2957719
3.46 3.36 5.27 3.17 5.25 4.17 3.81 6.03 4.47 2.66 4.14 5.15 4.87 2.92 6.33 6.02 2.18 3.29 3.90 7.53 5.18 0.00 3.91 4.07 0.00 3.01 3.00 2.92 2.67 2.71 4.56 3.61 2970809
3.50 3.62 0.00 2.83 5.30 3.30 4.34 6.16 3.71 3.09 3.89 4.71 4.35 3.90 6.45 5.97 2.15 2.93 5.76 6.82 4.46 0.00 3.17 3.00 0.00 3.00 2.80 2.82 2.63 3.18 3.69 3.12 2983899
3.55 2.51 0.00 2.58 5.29 4.68 4.05 5.38 3.33 2.63 3.98 4.55 4.84 3.49 6.39 5.17 2.11 3.75 4.29 7.95 4.99 5.37 3.38 2.70 0.00 2.97 3.00 2.77 2.54 2.80 2.27 3.25 2996989
3.46 3.46 5.37 3.51 5.25 4.62 4.26 6.08 2.67 2.79 4.02 4.54 4.53 4.32 7.12 6.14 2.15 3.10 5.78 8.09 5.09 0.00 2.86 3.54 0.00 3.02 2.25 2.70 2.53 2.54 4.47 3.34 3010079
3.52 3.41 0.00 3.05 5.18 4.80 3.85 6.06 4.04 2.14 4.09 4.40 4.31 3.75 5.56 6.12 2.08 3.12 5.65 7.63 3.54 5.67 2.70 4.81 0.00 3.17 2.35 2.69 2.68 2.89 3.73 2.88 3023169
3.60 3.36 5.37 3.10 5.18 2.62 3.62 6.09 3.10 2.83 4.05 4.27 4.52 3.61 6.75 6.17 2.16 2.91 5.84 7.60 4.99 0.00 3.23 0.00 0.00 3.00 2.90 2.66 2.51 2.62 4.27 2.88 3036259
3.86 3.50 4.94 2.73 5.43 4.05 3.49 6.11 3.84 2.43 3.97 4.31 4.88 5.08 6.62 6.46 2.05 3.23 5.93 7.56 4.25 5.67 9.96 4.45 0.00 2.93 3.00 2.64 2.48 2.65 2.92 2.78 3049349
3.57 3.35 4.98 2.73 5.20 4.61 3.64 6.06 4.30 2.23 3.94 4.29 4.72 5.89 6.37 5.22 2.13 3.11 5.98 8.22 5.17 0.00 3.67 2.92 0.00 3.13 2.83 2.80 2.49 2.66 3.57 2.64 3062439
3.54 3.43 0.00 3.68 5.18 4.78 4.03 6.41 3.28 3.18 3.97 4.23 4.51 5.99 6.49 6.26 2.12 3.09 5.95 7.78 4.48 5.36 2.35 4.43 0.00 3.06 3.04 2.71 2.28 2.58 3.70 2.59 3075529
3.56 3.38 5.43 3.24 5.18 4.58 3.58 0.00 3.10 2.81 3.98 4.23 4.67 5.96 6.41 6.16 2.22 3.24 5.28 7.90 4.96 5.37 2.77 3.99 0.00 3.06 3.13 2.52 2.37 2.57 3.38 2.60 3088619
3.53 3.51 5.52 2.67 5.19 4.70 4.02 6.04 4.16 3.41 3.97 4.32 3.57 4.96 6.44 6.19 2.19 3.10 5.89 7.60 4.08 0.00 2.26 5.13 0.00 3.29 3.01 2.52 2.35 2.63 3.52 2.52 3101709
3.52 3.47 0.00 2.81 5.29 4.29 3.76 5.66 2.97 3.25 4.00 4.29 4.61 6.10 6.53 6.21 2.10 3.15 6.07 7.53 5.13 5.41 6.03 4.95 0.00 3.02 3.21 2.64 2.44 2.59 3.35 2.46 3114799
3.52 3.41 0.00 3.00 5.14 4.36 3.62 6.04 3.82 2.71 3.97 4.48 4.55 5.94 6.38 6.26 2.10 3.18 5.77 7.82 5.18 5.43 6.65 3.92 0.00 3.29 3.07 2.45 2.44 2.59 3.26 2.48 3127889
3.57 3.42 0.00 0.00 5.17 4.78 4.01 5.59 4.12 3.12 4.08 4.35 4.67 5.98 6.46 6.27 2.35 3.24 6.11 7.77 3.31 5.29 0.00 4.54 0.00 3.04 3.05 2.76 2.38 2.68 3.16 2.77 3140979
3.56 3.42 0.00 4.02 5.26 4.68 3.97 5.86 4.17 2.99 4.09 4.55 4.55 5.96 6.41 6.22 2.16 3.36 6.16 7.64 5.15 5.51 8.12 4.63 0.00 3.02 3.08 2.73 2.40 2.66 3.14 2.52 3154069
3.57 3.45 5.44 2.97 5.21 4.73 3.54 5.92 3.76 2.45 3.51 4.43 4.80 5.93 6.48 6.19 2.10 3.06 5.98 8.38 5.13 5.31 3.24 4.03 0.00 3.03 3.12 2.38 2.48 2.67 3.26 0.00 3167159
3.53 3.44 0.00 0.00 5.15 4.73 3.48 5.68 4.13 3.01 4.01 4.59 4.97 5.99 6.42 6.24 2.15 3.15 6.16 7.70 5.25 5.47 3.37 3.85 0.00 3.07 3.11 2.44 2.40 2.65 3.06 2.52 3180249
3.54 3.53 5.40 0.00 5.46 4.63 3.78 5.75 4.05 2.99 3.95 4.50 4.72 6.01 6.48 6.25 2.11 3.12 6.04 7.88 5.12 6.06 0.00 0.00 0.00 3.28 3.14 2.32 2.38 2.60 2.67 2.51 3193339
3.52 3.42 0.00 0.00 5.17 4.68 3.65 5.82 4.00 2.65 4.11 4.63 4.75 5.97 6.51 6.28 2.24 3.17 6.15 8.21 5.20 0.00 0.00 3.79 0.00 3.17 3.22 2.32 2.60 2.63 2.90 2.40 3206429
3.52 3.63 0.00 2.99 5.18 4.69 0.00 5.69 3.92 2.48 4.05 4.62 4.62 5.92 6.43 6.23 2.21 3.15 6.06 7.76 5.23 5.63 0.00 4.73 0.00 0.00 3.13 2.34 2.45 2.70 3.16 2.36 3219519
3.53 3.57 0.00 3.09 5.37 4.71 3.51 5.75 4.02 2.66 4.00 4.66 4.52 5.90 6.49 6.22 2.11 3.14 6.16 8.02 5.47 5.61 3.41 4.33 0.00 3.08 3.22 2.40 2.59 2.63 2.82 2.33 3232609
3.65 3.41 5.35 0.00 5.25 4.70 3.59 5.93 4.02 2.64 4.05 4.92 4.55 6.04 6.48 6.21 2.20 3.07 6.13 8.31 4.88 0.00 0.00 4.28 0.00 3.12 3.09 2.45 2.41 2.62 2.59 2.29 3245699
3.62 3.45 5.83 0.00 0.00 4.75 3.85 5.80 4.13 2.75 4.07 4.67 4.45 5.88 4.00 6.31 2.11 3.07 6.10 7.78 5.29 0.00 0.00 0.00 0.00 3.15 3.13 2.70 2.54 2.59 2.61 2.33 3258789
3.57 3.50 5.40 2.84 5.27 4.71 0.00 5.82 2.93 2.68 4.11 4.67 4.55 5.85 6.39 6.20 2.16 2.93 6.14 7.92 5.32 5.57 2.65 0.00 0.00 3.09 3.22 2.55 2.45 2.60 2.92 2.33 3271879
3.67 3.52 0.00 0.00 5.26 4.73 3.76 5.86 3.79 2.64 4.10 4.74 4.81 5.98 6.39 6.35 2.28 2.95 6.24 7.98 5.24 0.00 3.75 3.97 0.00 3.17 3.14 2.61 2.50 2.64 2.63 2.42 3284969
3.52 3.44 0.00 0.00 5.23 4.76 3.70 5.70 2.91 2.55 4.05 4.79 4.70 5.29 6.40 6.21 2.12 2.94 6.20 8.34 5.22 5.58 0.00 5.54 0.00 3.20 3.20 2.37 2.42 2.77 2.68 2.38 3298059
3.53 3.61 0.00 0.00 5.24 4.79 4.16 5.78 4.00 2.72 4.12 4.82 4.56 5.88 6.45 6.33 2.12 2.99 6.15 7.73 5.22 5.62 2.65 0.00 0.00 3.09 3.34 0.00 2.51 2.82 2.50 2.36 3311149
3.70 3.49 5.32 0.00 5.21 4.78 3.64 5.91 3.66 2.12 4.16 5.12 4.54 6.12 6.45 6.24 2.28 3.11 6.27 7.78 5.22 0.00 0.00 3.92 0.00 3.17 3.19 2.42 2.49 2.70 2.47 2.48 3324239
3.58 3.44 5.41 0.00 5.23 4.77 0.00 5.50 4.02 2.38 4.23 5.04 4.45 5.91 6.39 6.37 2.10 3.00 6.15 7.88 5.46 5.51 0.00 4.73 0.00 3.12 3.19 2.66 2.50 2.73 2.30 2.86 3337329
3.59 3.45 0.00 3.09 5.33 4.75 0.00 5.64 3.80 2.56 4.19 4.85 4.54 5.89 6.47 6.37 2.09 2.92 6.14 8.08 5.52 5.83 0.00 4.30 0.00 3.14 3.22 2.39 2.50 2.70 2.34 2.37 3350419
3.71 3.50 5.35 3.15 5.46 4.81 3.59 5.62 3.81 2.61 4.25 4.97 4.96 5.91 6.49 6.24 2.12 2.89 6.24 7.87 5.39 6.09 0.00 5.12 0.00 3.32 3.25 2.38 2.56 2.72 2.25 2.40 3363509
3.63 3.52 5.35 0.00 5.25 4.83 3.67 5.86 3.79 2.58 4.37 4.96 4.57 6.01 6.70 6.28 2.13 3.07 6.40 7.96 5.45 5.85 0.00 5.16 0.00 3.20 3.28 2.62 2.54 2.71 2.38 2.48 3376599
3.67 3.48 5.44 0.00 5.46 4.81 3.59 5.52 3.84 2.63 4.60 4.97 4.74 5.86 6.58 6.19 2.09 2.98 6.32 8.04 5.87 0.00 9.30 0.00 0.00 3.10 2.91 2.39 2.47 2.67 2.21 2.33 3389689
3.62 3.51 5.38 0.00 5.33 4.80 3.61 5.85 3.43 2.81 4.55 4.99 4.48 5.84 6.52 6.22 2.17 3.09 6.20 8.53 5.32 0.00 2.84 5.54 0.00 3.22 3.26 2.39 2.54 2.81 2.29 2.46 3402779
3.63 3.59 5.41 0.00 5.27 4.84 3.99 5.51 3.81 2.68 4.51 5.13 4.50 5.92 6.94 6.76 2.13 2.97 6.28 8.03 5.32 0.00 5.06 0.00 0.00 3.15 3.33 2.41 2.59 2.70 2.21 2.48 3415869
3.64 3.44 5.40 3.57 5.32 4.95 0.00 5.43 3.57 2.79 4.63 5.20 4.75 5.90 6.61 6.51 2.13 3.07 6.01 8.98 5.38 6.08 0.00 5.22 0.00 3.12 3.26 2.32 2.59 2.76 2.20 2.38 3428959
3.61 3.53 5.41 0.00 5.33 4.86 4.09 5.51 3.59 2.66 4.56 5.26 4.61 5.88 6.63 6.27 2.16 2.95 6.24 8.24 5.46 5.82 0.00 0.00 0.00 3.08 3.30 2.43 2.61 2.67 2.22 2.62 3442049
3.70 3.44 5.37 0.00 5.37 4.85 4.22 5.44 3.63 2.69 4.58 5.11 4.49 5.90 6.65 6.30 2.16 3.00 6.33 0.00 5.32 5.76 5.65 4.38 0.00 3.13 3.45 2.51 2.54 2.66 2.21 2.35 3455139
3.61 3.53 5.40 0.00 5.41 4.82 0.00 5.41 3.68 2.66 4.58 5.12 4.53 5.90 6.78 6.32 2.16 3.43 6.23 7.88 5.30 6.04 0.00 4.87 0.00 3.07 3.29 2.50 2.55 2.70 2.24 2.34 3468229
3.72 3.43 5.93 0.00 5.58 4.87 3.63 5.40 3.53 2.84 4.66 5.19 4.50 5.87 0.00 6.45 2.16 3.15 6.08 8.11 5.35 5.77 0.00 0.00 0.00 3.05 3.74 2.31 2.76 2.75 2.29 2.53 3481319
3.62 3.62 5.39 0.00 5.31 4.89 0.00 5.44 3.47 2.54 4.58 5.17 4.64 6.10 6.53 6.87 2.16 2.87 6.79 7.90 5.58 5.81 0.00 4.42 0.00 0.00 3.47 2.31 2.67 2.76 2.26 2.38 3494409
3.62 3.50 5.39 0.00 5.33 5.01 0.00 5.40 3.50 2.83 4.79 5.22 4.71 5.96 6.54 7.07 2.17 0.00 6.28 8.09 5.45 5.86 0.00 0.00 0.00 3.18 3.44 2.65 2.54 2.71 2.26 2.34 3507499
3.61 3.49 0.00 0.00 5.37 4.84 0.00 5.40 3.39 2.80 4.77 5.24 4.66 5.93 6.67 6.34 2.16 3.01 6.24 8.37 5.48 0.00 0.00 0.00 0.00 0.00 3.41 2.47 2.57 2.80 2.34 2.33 3520589
3.61 3.48 0.00 0.00 5.31 4.91 3.85 5.42 3.38 2.74 4.79 5.23 4.66 5.93 6.52 6.35 2.16 2.86 6.24 7.90 5.41 5.92 0.00 5.17 0.00 3.07 3.43 3.01 2.64 2.73 2.35 2.39 3533679
3.64 3.46 5.37 0.00 5.34 4.86 0.00 5.47 3.32 2.73 4.59 5.23 4.88 5.91 6.51 6.35 2.15 3.65 6.19 7.94 5.53 5.69 0.00 0.00 0.00 3.09 3.34 2.29 2.66 2.68 2.38 2.36 3546769
3.63 3.54 0.00 0.00 5.36 4.84 0.00 5.47 3.52 2.75 4.55 5.22 4.98 5.91 6.54 6.34 2.16 2.95 6.25 7.89 5.55 6.38 0.00 5.24 0.00 3.11 3.45 2.24 2.58 2.70 2.29 2.36 3559859
3.61 3.60 5.39 0.00 5.34 4.83 0.00 5.47 3.24 2.78 4.58 5.25 4.99 5.88 6.54 6.33 2.13 3.04 6.42 7.83 5.45 5.79 0.00 5.07 0.00 3.09 3.43 2.19 2.60 2.84 2.40 2.41 3572949
3.59 3.44 0.00 0.00 5.36 4.84 0.00 5.47 3.44 2.74 4.70 5.22 4.62 5.86 6.53 6.34 2.10 3.10 6.27 7.96 5.43 5.91 0.00 5.13 0.00 3.09 3.41 2.14 2.60 2.80 2.36 2.37 3586039
3.58 3.67 0.00 0.00 5.36 4.85 0.00 5.48 3.40 2.70 4.57 5.20 4.70 5.90 7.12 6.33 2.10 3.07 6.23 7.91 5.43 6.03 0.00 5.27 0.00 3.10 3.55 2.88 2.60 2.71 2.34 2.37 3599129