5.30 3.63 3.89 3.14 6.12 6.31 3.50 4.55 2.93 4.13 5.56 6.85 3.67 4.79 5.54 5.32 2.03 3.58 6.56 8.90 0.00 7.55 9.91 4.99 0.00 3.05 4.93 4.07 4.88 5.32 4.31 4.63 4606064
5.29 3.63 3.89 3.14 6.10 6.32 3.50 4.55 2.93 4.14 5.57 6.85 3.70 4.79 5.55 5.33 2.04 3.59 6.55 8.91 0.00 7.55 9.90 5.01 0.00 3.05 4.92 4.08 4.90 5.32 4.28 4.79 4619154
5.28 3.63 3.91 0.00 6.09 6.30 3.49 4.56 2.94 4.13 5.58 6.86 3.71 4.79 5.56 5.33 2.03 3.58 6.55 8.92 0.00 7.53 9.91 5.00 0.00 3.05 4.90 4.07 4.95 5.31 4.25 4.65 4632244
5.29 3.64 3.92 3.08 6.09 6.28 3.51 4.55 2.93 4.13 5.56 6.86 3.71 4.80 5.55 5.32 2.05 3.59 6.58 8.92 0.00 7.53 9.91 5.00 0.00 3.05 4.91 4.07 4.99 5.33 4.25 4.61 4645334
5.29 3.64 3.92 3.04 6.10 6.29 3.50 4.55 2.94 4.15 5.56 6.86 3.70 4.79 5.56 5.33 2.03 3.59 6.57 8.91 0.00 7.54 9.92 5.01 0.00 3.05 4.90 4.08 4.98 5.31 4.26 4.65 4658424
5.28 3.63 3.91 3.03 6.07 6.28 3.49 4.57 2.94 4.15 5.57 6.86 3.75 4.80 5.51 5.33 2.04 3.59 6.56 8.91 0.00 7.54 9.93 5.00 0.00 3.06 4.90 4.08 4.98 5.33 4.26 4.86 4671514
5.27 3.64 4.08 3.05 6.05 6.26 3.49 4.55 2.94 4.15 5.56 6.86 3.75 4.79 5.55 5.34 2.05 3.58 6.56 8.91 0.00 7.55 9.93 5.01 0.00 2.93 4.91 4.08 5.00 5.33 4.25 4.89 4684604
5.28 3.64 4.16 3.04 5.93 6.27 3.49 4.56 3.03 4.15 5.86 6.85 3.74 4.79 5.51 5.32 2.03 3.59 6.55 8.90 0.00 7.54 9.94 5.02 0.00 2.93 5.38 4.10 4.91 5.33 4.27 4.90 4697694
5.23 3.64 3.89 3.04 5.90 6.90 3.52 4.56 3.04 4.12 5.86 6.85 4.38 4.80 5.35 5.33 2.03 3.58 6.62 8.89 0.00 7.54 9.91 5.01 0.00 3.04 5.02 4.12 0.00 5.38 4.26 4.90 4710784
5.15 3.63 3.93 3.08 5.95 6.27 3.61 4.58 2.98 4.23 5.83 6.95 3.97 4.79 5.32 5.30 2.02 3.58 6.59 8.63 0.00 7.54 9.90 4.83 0.00 3.05 5.38 4.08 4.87 5.96 4.33 4.87 4723874
5.13 3.62 3.88 0.00 5.97 6.16 3.60 4.59 3.00 4.21 5.63 6.86 3.77 4.81 5.42 5.32 2.03 3.57 6.63 9.03 0.00 7.56 9.96 4.93 0.00 3.05 5.20 4.40 4.94 5.29 4.34 4.87 4736964
5.25 3.63 3.85 0.00 5.87 6.29 3.47 4.55 3.04 4.28 5.70 7.52 3.76 4.78 5.32 5.31 2.03 3.56 6.64 9.01 0.00 0.00 9.93 5.00 0.00 3.06 5.38 0.00 4.91 5.31 4.36 4.87 4750054
5.13 3.64 3.98 0.00 6.28 6.27 3.46 4.58 3.02 4.23 5.70 7.01 3.85 4.77 5.35 5.35 2.04 3.56 6.63 9.03 0.00 0.00 9.91 5.11 0.00 3.06 4.92 4.32 4.93 5.48 4.37 4.87 4763144
5.30 3.64 3.91 0.00 5.92 6.26 3.48 4.59 2.92 4.15 5.68 6.78 3.82 4.63 5.34 5.37 2.03 3.51 6.70 9.04 0.00 0.00 9.88 5.02 0.00 3.05 5.38 4.52 4.90 5.27 4.35 4.61 4776234
5.31 3.63 3.85 0.00 5.80 6.14 3.50 4.62 3.06 4.11 5.68 6.96 3.86 4.72 5.42 5.34 2.03 3.55 6.41 0.00 0.00 0.00 9.88 5.09 0.00 2.94 4.80 4.02 4.92 5.24 4.35 4.64 4789324
5.29 3.63 3.86 0.00 6.02 6.14 3.56 4.64 3.12 4.16 5.67 6.76 3.71 4.74 5.45 5.37 2.03 3.57 6.49 9.02 0.00 0.00 0.00 5.01 0.00 2.95 4.53 4.12 5.01 5.31 4.36 4.65 4802414
5.29 3.63 3.84 5.94 6.09 6.19 3.58 4.46 3.18 4.24 5.71 0.00 3.81 4.64 5.99 5.34 2.28 3.48 6.44 8.99 0.00 0.00 9.85 4.70 0.00 2.96 4.47 4.38 4.92 5.26 4.35 4.59 4815504
5.17 3.64 3.83 0.00 6.09 6.13 3.59 4.38 3.05 4.22 5.71 0.00 3.75 4.68 5.50 5.43 2.25 3.43 6.95 8.99 0.00 0.00 0.00 4.73 0.00 2.93 4.45 4.12 4.87 5.30 4.33 4.67 4828594
5.47 3.64 3.83 0.00 6.03 6.24 3.53 4.37 3.05 4.15 5.50 6.85 3.71 4.73 5.58 5.29 2.15 3.48 6.19 9.03 0.00 6.93 0.00 5.27 0.00 3.07 4.45 4.28 4.98 5.29 4.23 4.63 4841684
5.32 3.63 3.86 0.00 6.10 6.15 3.51 4.66 3.00 4.28 5.50 7.28 3.91 4.70 5.37 5.41 2.27 3.50 6.62 8.91 0.00 7.01 9.83 0.00 0.00 3.07 4.51 4.35 4.90 5.28 4.24 4.67 4854774
5.49 3.62 3.96 0.00 6.62 6.17 3.50 4.60 3.02 4.15 5.57 0.00 3.68 4.67 5.38 5.37 2.02 3.49 6.34 9.53 0.00 0.00 9.85 4.92 0.00 3.05 4.55 4.07 4.89 5.57 4.21 4.94 4867864
5.37 3.62 3.86 0.00 5.86 6.15 3.54 5.09 3.04 4.13 5.49 0.00 3.78 4.64 5.41 5.34 2.17 3.47 6.51 8.78 0.00 7.09 9.79 4.94 0.00 3.06 4.70 4.08 4.97 5.25 4.23 4.59 4880954
5.36 3.62 3.95 0.00 5.85 6.19 3.49 4.50 3.01 4.24 5.49 7.28 3.75 4.63 5.40 5.36 2.08 3.48 6.85 8.82 0.00 6.92 9.78 4.86 0.00 3.04 4.67 4.20 4.98 5.28 4.22 4.60 4894044
5.18 3.62 3.90 0.00 5.88 6.14 3.57 4.67 3.40 4.28 5.71 7.43 3.75 4.64 5.44 5.38 2.14 3.50 0.00 0.00 0.00 6.96 9.74 4.95 0.00 3.05 4.68 4.20 4.94 5.33 4.22 4.48 4907134
5.24 3.63 3.86 0.00 5.90 6.15 3.51 4.51 2.97 4.20 5.47 6.91 3.78 4.70 5.38 5.40 2.12 3.44 6.46 0.00 0.00 6.91 0.00 5.10 0.00 3.06 4.52 4.34 4.98 5.37 4.12 4.60 4920224
5.25 3.63 3.90 0.00 5.95 6.24 3.51 4.46 3.11 4.40 5.64 6.91 3.85 4.71 5.45 5.39 2.25 3.48 6.53 0.00 0.00 6.92 9.75 0.00 0.00 3.07 5.39 4.82 5.06 5.33 4.17 4.58 4933314
5.36 3.63 4.31 0.00 5.83 6.25 3.48 4.49 3.35 4.25 5.94 6.95 4.04 4.65 5.43 6.05 2.04 3.55 6.95 0.00 0.00 7.01 9.88 4.71 0.00 3.00 4.40 4.43 5.15 5.39 4.31 4.88 4946404
5.37 3.63 3.85 0.00 5.90 6.33 3.49 4.53 3.04 4.23 5.51 6.92 3.77 4.61 5.39 5.60 2.30 3.48 6.46 9.06 0.00 6.95 9.75 5.35 0.00 2.95 4.42 4.20 5.03 5.34 4.34 4.76 4959494
5.24 3.63 3.91 0.00 6.01 6.26 3.47 4.65 3.22 4.20 5.69 7.57 4.49 4.73 5.42 5.63 2.06 3.52 6.53 9.05 0.00 6.92 0.00 5.03 0.00 2.95 4.45 4.51 4.97 5.30 4.27 4.74 4972584
5.35 3.62 4.71 0.00 5.83 6.19 3.47 4.54 3.14 4.25 5.50 6.79 3.78 4.88 5.53 5.42 2.06 3.61 6.52 9.04 0.00 7.03 9.74 4.85 0.00 2.94 4.46 4.54 4.90 5.37 4.27 4.64 4985674
5.23 3.63 3.89 3.07 6.08 6.23 3.46 4.55 3.20 4.20 5.54 6.85 3.89 4.57 5.46 6.13 2.05 3.54 0.00 9.02 0.00 6.97 0.00 5.08 0.00 2.96 4.44 4.37 4.97 5.36 4.15 4.60 4998764
5.16 3.62 3.89 0.00 6.15 6.33 3.45 4.61 3.04 4.18 5.76 6.83 3.70 4.70 5.43 5.43 2.04 3.52 6.71 9.00 0.00 6.93 9.81 4.70 0.00 2.95 4.45 0.00 4.92 5.37 4.15 4.61 5011854
5.25 3.62 4.56 0.00 6.21 6.23 3.46 4.51 3.31 4.21 5.61 6.96 3.86 4.64 5.43 5.53 2.03 3.54 6.65 9.07 0.00 6.91 9.78 5.10 0.00 2.95 4.43 4.56 5.07 5.33 4.37 4.59 5024944
5.24 3.63 3.88 0.00 5.84 6.27 3.46 4.52 3.15 4.16 5.50 6.94 4.02 4.62 5.45 5.58 2.03 3.52 6.55 9.50 6.85 6.92 9.72 5.09 0.00 2.93 4.45 4.54 4.96 5.34 4.37 4.60 5038034
5.24 3.63 3.90 0.00 5.88 6.32 3.48 4.50 3.29 4.17 5.55 6.92 3.99 4.59 5.41 0.00 2.04 3.71 6.55 9.51 0.00 6.92 9.68 4.27 0.00 2.94 4.44 0.00 5.01 5.38 4.39 4.61 5051124
5.70 3.63 3.90 0.00 5.95 6.21 3.46 4.53 3.15 4.20 5.69 6.96 3.71 4.59 5.39 6.15 2.02 3.69 6.52 9.49 6.95 6.90 9.69 3.98 0.00 2.93 4.44 4.27 5.00 5.37 4.59 4.60 5064214
5.22 3.63 3.91 0.00 5.94 6.18 3.47 4.42 3.09 4.20 5.86 6.89 3.77 4.63 5.41 5.41 2.45 3.68 6.58 9.00 6.96 6.91 9.68 5.22 0.00 2.93 4.42 0.00 4.96 5.36 4.39 4.61 5077304
5.25 3.63 3.85 0.00 5.88 6.19 3.46 4.44 3.13 4.24 5.82 6.91 3.74 4.63 5.40 5.40 2.03 3.51 6.55 9.52 0.00 6.92 9.67 5.44 0.00 2.93 4.42 4.30 4.95 5.33 4.36 4.62 5090394
5.24 3.63 4.55 0.00 5.93 6.24 3.46 4.53 3.16 4.14 5.64 6.86 3.75 4.64 5.39 5.41 2.02 3.51 6.56 9.03 6.95 6.89 9.68 5.22 0.00 2.94 4.42 4.34 5.10 5.32 4.59 4.60 5103484
5.79 3.63 4.54 0.00 5.86 6.31 3.48 4.49 3.03 4.14 5.82 0.00 3.74 4.62 5.44 5.39 2.03 3.50 6.54 9.45 0.00 6.89 9.67 5.02 0.00 2.94 4.43 4.43 4.95 5.34 4.39 4.60 5116574
5.60 3.62 3.89 0.00 5.82 6.27 3.48 4.70 2.99 4.16 6.46 6.78 3.77 4.63 5.41 5.37 2.02 3.51 6.83 9.05 0.00 7.37 9.66 4.77 0.00 2.93 4.41 4.20 5.00 5.35 4.38 4.66 5129664
5.20 3.62 3.86 0.00 6.15 6.23 3.47 4.51 2.98 4.17 6.07 6.79 3.92 4.68 5.38 5.41 2.03 3.50 6.67 9.15 6.90 7.26 9.65 5.55 0.00 2.93 4.43 4.38 4.98 5.35 4.38 4.60 5142754
5.22 3.62 3.85 0.00 5.85 6.13 3.49 4.56 3.29 4.32 5.63 6.80 3.72 4.70 5.42 5.34 2.03 3.52 6.76 9.02 0.00 7.15 9.66 0.00 0.00 2.93 4.43 4.48 5.15 5.33 4.41 4.64 5155844
5.36 3.62 3.88 0.00 6.03 6.27 3.46 4.65 3.50 4.28 5.60 7.10 3.73 4.70 5.80 5.38 2.03 3.51 6.78 9.02 0.00 6.92 9.68 4.02 0.00 2.93 4.43 4.49 4.96 5.34 4.47 4.62 5168934
5.19 3.61 3.85 0.00 6.08 6.25 3.47 4.66 3.14 4.23 5.54 6.98 3.78 4.63 5.36 5.41 2.02 3.51 7.09 9.03 0.00 6.94 9.68 0.00 0.00 2.94 4.43 4.34 5.06 5.32 4.42 4.60 5182024
5.21 3.61 0.00 0.00 6.52 6.27 3.48 4.61 3.12 4.19 5.69 7.38 3.99 4.65 5.41 5.36 2.03 3.83 6.89 9.26 0.00 7.02 9.66 4.59 0.00 2.93 4.39 4.44 4.99 5.34 4.46 4.62 5195114
5.30 3.61 3.84 0.00 6.00 6.23 3.50 4.66 0.00 4.20 6.04 6.94 3.85 4.71 5.42 5.38 2.02 3.51 6.93 9.55 0.00 7.15 9.65 0.00 0.00 2.93 4.43 4.87 4.98 5.33 4.31 4.63 5208204
5.17 3.64 4.00 0.00 5.97 6.27 3.50 4.66 3.17 4.23 5.61 7.00 3.82 4.73 5.64 5.37 2.03 3.50 6.94 0.00 0.00 6.94 9.65 0.00 0.00 2.92 4.40 4.47 4.96 5.34 4.21 4.65 5221294
5.18 3.63 3.88 0.00 5.95 6.17 3.51 4.67 3.13 4.35 5.64 6.81 3.70 4.62 5.66 5.35 2.03 3.48 6.85 0.00 0.00 7.00 9.66 4.63 0.00 2.93 4.41 4.46 5.22 5.39 4.15 4.64 5234384
5.35 3.64 3.86 0.00 6.03 6.27 3.51 4.62 3.14 4.32 5.97 6.77 3.67 4.76 5.57 5.37 2.03 3.48 6.41 0.00 0.00 7.01 9.65 0.00 0.00 2.93 4.39 4.46 4.91 5.35 4.26 4.63 5247474
5.55 3.63 3.87 0.00 5.99 6.23 3.49 4.55 3.06 4.22 5.60 0.00 3.72 4.70 5.46 5.34 2.04 3.47 6.35 0.00 0.00 7.04 9.66 4.66 0.00 2.92 4.39 4.48 4.96 5.36 4.46 4.64 5260564
5.29 3.62 3.86 0.00 5.95 6.28 3.85 4.58 3.10 4.19 5.48 6.84 3.71 5.04 5.47 5.35 2.04 3.46 6.42 0.00 0.00 0.00 9.65 4.67 0.00 2.92 4.39 0.00 5.29 6.14 4.45 4.61 5273654
5.35 3.62 3.96 0.00 6.33 6.22 3.50 4.54 3.16 4.25 5.62 6.93 3.87 4.69 5.49 5.34 2.04 3.45 6.36 0.00 0.00 7.01 9.66 5.38 0.00 2.93 4.40 0.00 4.97 5.39 4.44 4.64 5286744
5.21 3.63 3.97 0.00 6.34 6.17 3.63 4.56 3.14 4.37 5.59 6.91 0.00 4.71 5.41 5.35 2.04 3.46 6.36 0.00 0.00 6.95 9.66 5.20 0.00 2.92 4.42 0.00 5.01 5.39 4.16 5.09 5299834
5.21 3.63 3.95 0.00 6.60 6.29 3.78 4.55 3.01 4.30 5.63 6.76 4.35 4.64 0.00 5.35 2.03 3.47 6.29 0.00 0.00 7.06 9.65 5.17 0.00 2.93 4.42 4.34 5.09 5.32 4.74 0.00 5312924
5.31 3.63 3.94 0.00 6.25 6.18 3.60 4.62 3.33 4.29 5.73 6.79 3.76 4.71 0.00 5.34 2.05 3.45 6.35 0.00 0.00 7.30 9.65 5.22 0.00 2.92 4.40 4.40 5.00 5.39 4.17 0.00 5326014
5.21 3.62 3.88 0.00 0.00 6.18 3.62 4.65 3.14 4.28 5.55 6.89 4.24 4.68 5.57 5.34 2.03 3.44 6.35 0.00 0.00 0.00 9.65 5.20 0.00 2.92 4.41 0.00 4.95 0.00 4.16 0.00 5339104
5.18 3.62 3.85 0.00 6.17 0.00 3.61 4.67 3.14 4.34 5.65 6.93 3.82 4.65 0.00 5.36 2.04 3.46 6.39 0.00 0.00 7.03 9.66 5.25 0.00 2.92 4.41 0.00 5.15 5.33 4.02 0.00 5352194
5.18 3.61 3.87 0.00 5.88 6.45 3.49 4.67 3.13 4.22 5.68 6.80 3.93 4.63 6.16 5.35 2.49 3.47 6.36 0.00 0.00 7.16 9.65 4.02 0.00 2.92 4.67 4.50 4.99 5.33 4.14 0.00 5365284
0.00 3.61 3.87 0.00 6.32 6.38 3.61 4.65 3.32 4.29 5.65 6.83 3.85 4.64 0.00 5.35 2.03 3.44 6.08 9.56 0.00 7.33 9.66 5.15 0.00 2.93 4.68 5.11 5.01 5.72 4.15 4.68 5378374
5.21 3.61 3.96 0.00 5.84 6.29 3.47 4.57 3.10 4.23 5.66 6.93 3.85 4.71 5.46 5.36 2.03 3.45 5.69 9.54 0.00 6.94 9.65 5.18 0.00 2.92 4.70 4.43 4.96 5.31 4.17 0.00 5391464
5.29 3.61 3.96 0.00 5.97 6.22 3.48 4.62 3.13 4.18 6.59 6.83 3.73 4.62 6.07 5.42 2.04 3.44 6.34 9.54 0.00 6.90 9.66 5.17 0.00 2.93 4.67 4.63 5.04 5.38 4.50 0.00 5404554
5.29 3.61 3.88 0.00 5.95 6.20 3.46 4.55 3.11 4.35 5.70 6.78 3.78 4.67 0.00 5.40 2.04 3.44 6.12 0.00 0.00 6.98 9.65 0.00 0.00 2.92 4.64 4.42 4.95 5.36 4.38 4.49 5417644
5.31 3.62 3.89 0.00 5.98 6.24 3.92 4.62 3.03 4.30 5.65 6.79 3.78 4.71 5.45 5.45 2.05 3.43 6.26 9.60 0.00 7.03 9.67 0.00 0.00 2.91 4.66 4.38 4.99 5.44 4.19 4.45 5430734
0.00 3.63 3.92 0.00 5.95 6.18 3.45 4.55 3.10 4.22 5.49 6.90 3.90 4.67 5.48 5.41 2.03 3.44 6.24 9.63 0.00 6.88 9.65 4.59 0.00 2.92 4.66 4.52 4.95 5.39 4.49 4.45 5443824
5.42 3.62 3.83 0.00 5.89 6.15 3.45 4.61 3.21 4.26 5.73 7.46 3.73 4.62 5.57 5.53 2.04 3.44 6.60 0.00 0.00 6.87 9.65 5.19 0.00 2.92 4.58 4.37 4.96 5.41 4.09 4.44 5456914
5.46 3.62 3.80 0.00 6.05 6.19 3.50 4.59 3.06 4.31 5.81 6.76 3.73 4.67 5.46 5.40 2.04 3.46 6.26 0.00 0.00 6.91 9.67 3.98 0.00 2.93 5.06 4.50 4.99 5.60 4.09 4.63 5470004
5.35 3.62 3.80 0.00 5.87 6.19 3.49 4.38 3.11 4.25 5.67 6.79 3.68 4.74 5.42 5.34 2.04 3.36 6.32 9.61 0.00 7.00 9.65 0.00 0.00 2.94 4.61 4.39 4.99 5.38 3.97 4.69 5483094
5.40 3.60 3.83 0.00 5.86 6.17 3.48 4.48 3.02 4.23 5.52 6.81 3.88 4.58 5.43 5.31 2.05 3.42 6.74 0.00 0.00 6.88 9.68 4.44 0.00 2.93 4.60 0.00 5.05 5.37 4.11 4.96 5496184
5.17 3.62 3.88 5.61 0.00 6.24 3.49 4.37 3.18 4.28 5.97 6.96 3.65 4.65 5.39 6.16 2.14 3.98 6.64 8.88 0.00 7.03 9.69 0.00 0.00 2.94 4.63 4.76 5.01 5.43 4.09 4.63 5509274
5.25 3.61 3.79 0.00 5.89 6.27 3.66 4.50 3.01 4.27 5.60 6.97 3.73 4.66 5.50 5.35 2.09 3.57 6.54 0.00 0.00 6.85 9.69 5.86 0.00 3.07 4.57 4.51 4.98 5.34 3.90 4.44 5522364
5.20 3.61 0.00 0.00 5.98 6.22 3.51 4.38 3.04 4.18 5.86 6.85 3.76 4.70 5.54 5.41 2.53 3.48 6.09 8.90 0.00 6.83 8.27 3.82 0.00 2.93 4.54 4.55 5.01 5.41 3.97 4.71 5535454
5.22 3.61 3.84 3.06 5.95 6.20 3.62 4.60 3.15 4.18 5.68 6.78 3.89 4.79 5.39 5.38 2.05 3.57 6.35 8.87 0.00 7.02 9.78 5.63 0.00 2.92 4.69 4.46 5.29 5.56 3.71 4.52 5548544
5.40 3.60 4.00 0.00 5.94 6.21 3.48 4.50 3.07 4.18 5.84 7.07 3.69 4.66 5.48 5.55 2.07 3.36 6.13 0.00 0.00 0.00 9.73 0.00 0.00 2.94 4.73 4.64 4.82 5.46 4.03 4.15 5561634
5.15 3.62 3.81 0.00 5.91 6.28 3.44 4.44 3.17 4.22 5.69 6.80 3.84 4.64 5.53 5.41 2.26 3.29 6.43 0.00 6.55 6.88 9.54 4.95 0.00 2.93 3.86 4.66 5.10 5.40 3.84 4.06 5574724
5.20 3.66 3.81 0.00 5.92 6.26 3.52 4.41 3.32 4.32 5.69 6.86 3.82 4.76 5.45 5.41 0.00 3.15 6.51 0.00 0.00 0.00 9.52 4.60 0.00 3.23 4.40 4.83 3.32 5.58 3.53 4.24 5587814
5.16 3.63 3.85 5.36 6.08 6.40 3.55 4.50 3.15 4.33 5.72 7.18 3.80 4.65 5.41 5.38 2.67 3.40 0.00 9.12 0.00 7.55 9.37 4.45 0.00 0.00 4.32 4.66 5.16 5.65 3.79 3.96 5600904
5.40 3.66 3.86 3.32 5.90 6.39 3.47 4.47 3.25 4.44 5.79 6.84 3.83 4.81 5.50 5.64 0.00 2.98 6.54 8.83 0.00 6.80 9.38 4.18 0.00 3.16 4.18 4.76 5.33 5.52 3.85 4.29 5613994
5.23 3.59 3.92 0.00 6.01 6.42 3.46 4.62 3.38 4.36 5.89 6.92 4.09 4.79 5.53 5.50 2.57 3.16 6.51 8.87 0.00 6.87 9.42 4.89 0.00 2.92 4.29 4.87 5.27 5.10 3.39 4.10 5627084
5.27 3.59 3.92 5.22 6.28 6.53 3.40 4.60 3.36 4.38 6.13 0.00 3.88 5.05 5.50 5.52 0.00 3.08 6.60 8.78 0.00 6.87 9.29 3.50 0.00 0.00 4.30 5.04 4.72 5.53 3.26 3.63 5640174
5.30 3.59 4.24 3.20 6.01 6.56 3.49 4.59 3.38 4.50 6.01 6.95 3.96 4.84 5.49 5.47 2.02 3.16 5.48 9.10 0.00 0.00 2.57 0.00 0.00 2.91 4.13 4.91 5.36 5.13 3.06 4.04 5653264
5.42 3.60 4.10 2.91 6.26 6.56 3.52 4.57 3.51 4.40 5.34 6.96 3.92 3.46 5.54 5.41 2.09 3.05 6.38 8.86 0.00 0.00 7.86 4.09 0.00 3.21 4.36 5.09 4.99 2.63 2.94 3.30 5666354
5.52 3.57 4.08 3.87 6.19 6.71 3.57 4.47 3.35 3.45 5.96 6.90 4.09 5.00 5.51 5.56 2.10 3.28 6.13 9.58 5.02 0.00 4.95 4.50 0.00 2.66 3.88 5.05 5.54 5.61 3.14 3.11 5679444
5.49 3.62 4.03 3.01 6.16 6.75 3.77 4.55 3.52 4.52 5.95 6.92 3.99 3.44 5.53 5.60 2.10 3.22 6.07 0.00 6.04 0.00 4.92 4.84 0.00 2.59 4.65 5.01 5.58 4.13 3.06 3.11 5692534
5.41 3.52 4.04 3.13 6.32 6.97 3.59 4.62 3.56 4.27 6.36 6.90 3.97 5.01 5.77 5.59 2.10 3.24 5.79 8.87 5.51 6.25 9.48 3.25 0.00 2.64 4.63 5.02 2.65 5.62 3.16 3.27 5705624
5.54 3.60 4.06 2.80 6.20 6.90 3.67 4.27 3.53 2.28 6.18 6.81 4.01 4.03 5.66 5.57 2.13 3.39 4.94 8.94 6.46 5.86 7.86 3.67 0.00 2.66 4.25 4.98 5.35 5.92 3.13 3.38 5718714
5.33 3.57 4.20 3.07 6.30 6.97 3.50 4.56 3.55 3.98 6.27 7.02 4.10 4.47 5.75 5.61 2.02 3.21 6.31 8.93 0.00 0.00 2.98 4.02 0.00 2.47 4.14 4.87 4.96 2.64 3.07 3.04 5731804
5.28 3.51 4.14 2.74 6.42 6.96 3.54 4.50 3.68 4.76 6.21 6.92 4.56 4.98 5.73 5.69 2.12 3.41 4.01 8.92 5.52 5.67 9.93 4.42 0.00 2.50 4.27 0.00 3.09 5.67 3.11 3.12 5744894
5.34 3.61 4.10 3.03 6.38 6.97 3.69 4.46 3.09 3.68 6.34 7.00 4.11 5.00 5.78 5.67 2.22 3.19 3.41 8.89 0.00 6.05 2.15 4.60 0.00 3.07 4.20 4.91 4.64 5.71 3.13 3.08 5757984
5.43 3.62 4.11 3.14 6.53 7.02 3.49 4.49 2.81 3.87 6.41 6.82 4.36 3.41 5.84 5.84 2.03 3.28 6.63 8.98 6.29 0.00 3.23 3.67 0.00 2.85 4.19 4.91 4.43 5.62 2.96 3.01 5771074
5.28 3.65 4.23 0.00 6.67 7.08 3.60 4.48 3.84 2.53 6.29 7.04 4.27 4.17 6.28 5.90 2.06 3.26 5.94 8.89 6.76 6.21 4.39 3.57 0.00 2.91 4.20 4.66 3.16 5.58 3.17 3.43 5784164
5.20 3.50 4.09 2.71 6.60 6.97 3.54 4.26 3.69 4.45 6.71 6.92 4.30 4.40 5.97 5.93 2.03 3.19 5.53 8.99 6.42 5.83 7.06 3.93 0.00 2.35 4.46 5.08 2.87 5.06 3.20 3.01 5797254
5.25 3.65 4.11 2.86 7.07 7.08 3.56 4.69 3.87 3.60 5.80 7.06 4.36 4.38 6.13 5.92 2.11 3.21 3.24 8.96 2.48 0.00 9.62 4.87 0.00 2.86 4.27 4.20 3.79 4.49 3.24 3.02 5810344
5.31 3.66 4.11 2.69 6.57 7.06 3.32 4.67 3.20 4.82 5.67 7.26 4.55 4.19 5.93 5.87 2.10 3.12 6.46 8.95 5.97 5.65 2.58 3.28 0.00 2.33 4.31 4.17 4.62 4.52 3.16 2.98 5823434
5.30 3.81 4.15 2.59 6.63 7.14 3.57 4.10 3.94 3.73 4.77 6.80 4.29 5.18 6.61 5.93 2.07 2.99 6.37 8.74 6.36 5.29 3.98 3.22 0.00 2.29 3.68 3.65 4.06 5.16 3.23 3.01 5836524
5.59 3.55 4.00 2.42 6.74 6.24 3.40 4.59 2.47 5.53 6.22 5.30 2.92 2.92 6.02 6.05 2.18 2.72 6.74 9.08 6.09 5.63 6.25 2.96 0.00 2.25 3.87 3.66 4.08 3.79 3.14 3.00 5849614
5.22 3.71 4.15 2.67 6.79 7.21 3.62 4.63 4.18 5.19 6.41 6.88 4.36 4.94 6.02 4.25 2.29 3.45 5.85 9.01 3.43 0.00 3.82 4.92 0.00 2.65 3.91 3.63 3.77 2.54 2.54 3.18 5862704
5.35 3.59 3.90 2.37 7.08 7.27 3.73 2.97 3.78 4.76 5.95 7.01 4.59 5.35 6.13 6.24 2.09 3.16 5.15 0.00 3.44 4.93 2.51 2.06 0.00 2.22 3.70 3.95 2.59 3.55 2.68 3.06 5875794
5.16 3.46 3.84 2.47 6.83 4.53 2.94 4.47 3.47 5.10 6.59 6.96 4.07 5.00 6.24 6.17 2.07 3.32 5.29 8.53 5.55 4.98 2.87 2.40 0.00 2.34 3.45 4.14 4.15 4.05 2.35 3.20 5888884
5.21 3.49 3.96 2.48 7.11 7.51 3.40 4.33 4.36 5.07 6.30 6.94 4.47 5.47 6.31 6.20 2.17 3.44 6.64 8.39 4.61 4.94 2.92 4.04 0.00 2.11 3.38 4.20 3.11 4.51 3.34 3.14 5901974
5.33 3.47 3.06 2.89 6.10 7.48 3.52 4.48 4.46 3.39 5.30 3.93 4.56 2.88 6.42 3.33 2.11 3.02 2.52 9.09 5.07 4.88 2.27 3.02 0.00 2.13 2.73 4.31 3.39 4.92 2.61 3.25 5915064
3.50 3.51 4.12 2.47 2.67 6.74 3.08 4.46 4.18 2.70 4.86 6.80 4.67 2.14 6.42 5.43 2.13 3.25 5.50 9.24 5.02 4.89 2.30 4.54 0.00 2.31 2.93 4.30 3.15 4.58 3.37 3.25 5928154
5.45 3.50 4.11 2.52 7.57 5.91 3.15 2.85 3.75 2.48 2.77 6.73 4.35 3.40 6.48 6.27 2.34 3.22 2.74 7.41 3.21 4.49 2.64 3.28 0.00 2.26 3.03 4.49 4.25 4.56 2.59 3.18 5941244
5.32 3.42 4.19 2.78 4.42 4.78 3.64 3.68 4.38 2.75 2.58 6.92 4.56 3.72 5.78 2.40 2.08 2.96 3.82 2.32 4.82 4.53 2.43 2.77 0.00 2.38 2.73 4.82 3.89 4.42 2.54 3.23 5954334
5.31 2.78 4.05 2.49 3.74 3.45 2.31 3.33 2.71 2.57 3.30 6.68 4.62 2.52 2.34 6.42 2.06 3.33 4.28 7.84 4.30 4.76 3.96 3.12 0.00 2.50 2.87 4.05 2.66 4.40 2.21 3.31 5967424
4.95 3.08 3.87 2.87 4.47 6.74 2.96 3.47 2.42 3.11 5.05 3.19 3.96 2.19 4.70 6.60 2.40 3.31 3.34 8.14 3.07 4.51 2.64 3.70 0.00 2.41 2.78 5.42 2.73 3.17 2.25 3.34 5980514
5.36 3.02 3.65 2.79 6.93 2.43 2.72 3.94 3.16 2.90 4.64 5.15 3.91 3.80 5.14 4.34 2.06 3.19 3.58 8.77 3.28 4.54 2.73 3.44 0.00 2.26 2.86 5.35 2.74 2.37 3.38 3.53 5993604
5.41 2.93 4.15 2.20 3.70 4.13 3.51 4.59 4.80 3.08 6.88 5.99 4.68 2.79 4.92 6.82 2.14 3.41 2.81 2.36 2.64 4.52 2.20 2.39 0.00 2.31 2.42 4.40 4.11 4.53 3.33 3.39 6006694
2.12 2.98 4.58 2.48 5.97 2.18 2.72 2.91 3.90 2.25 4.24 2.64 3.39 2.68 4.95 3.72 0.00 2.67 3.96 2.95 3.92 4.41 2.19 2.64 0.00 2.15 2.77 5.55 2.69 3.10 3.40 3.49 6019784
4.60 3.01 4.04 2.33 3.28 5.03 2.76 2.99 3.20 2.55 5.77 6.63 3.76 3.30 6.96 2.36 2.49 2.91 2.15 3.14 2.60 4.46 3.57 3.08 0.00 2.29 2.73 0.00 3.42 4.95 2.60 3.66 6032874
2.17 3.28 3.89 2.36 3.65 2.73 3.76 3.51 2.66 2.45 4.14 4.48 3.25 3.32 4.43 2.64 2.17 3.04 2.74 6.19 3.01 4.46 3.50 2.47 0.00 2.49 2.53 2.71 2.57 2.09 2.59 3.58 6045964
2.93 3.10 3.96 2.49 7.12 2.55 3.05 2.62 2.10 2.89 2.83 4.05 2.24 2.75 2.41 2.39 2.05 3.29 3.60 2.69 2.18 4.51 2.65 2.89 0.00 2.38 2.63 2.07 3.46 2.72 3.61 3.21 6059054
2.52 2.46 4.32 2.78 5.51 2.50 2.32 3.82 2.14 2.46 2.52 5.66 4.29 2.99 6.66 2.92 2.48 2.64 2.76 2.23 2.86 3.61 2.76 2.48 0.00 2.45 2.34 0.00 3.25 3.17 2.34 3.19 6072144
3.33 2.36 3.69 2.47 2.35 2.44 2.72 2.36 3.24 2.75 2.67 2.62 2.60 2.76 7.34 2.92 2.23 3.23 2.30 2.68 2.62 0.00 2.93 2.99 0.00 2.61 2.79 2.62 2.65 2.68 2.61 3.66 6085234
2.24 3.06 2.24 2.46 5.29 2.58 2.89 3.48 3.02 2.19 2.62 2.45 2.51 2.84 5.93 2.68 2.14 3.26 3.17 3.36 3.14 4.49 2.41 2.63 0.00 2.72 2.42 3.48 2.77 2.89 2.76 3.43 6098324
2.81 2.48 3.80 2.53 6.38 3.64 2.48 3.70 2.90 2.68 3.12 5.81 2.29 2.17 2.54 2.65 2.57 2.97 3.57 8.85 3.22 4.47 2.55 2.68 0.00 2.90 2.57 2.23 2.41 3.39 2.65 3.84 6111414
3.28 2.42 4.03 2.67 6.36 3.15 3.28 2.87 2.21 2.66 3.51 3.17 2.63 2.44 3.01 2.50 2.16 2.74 4.52 2.58 3.42 4.14 2.55 2.57 0.00 2.83 2.54 4.34 3.22 3.23 3.61 4.06 6124504
2.91 2.74 3.18 2.19 3.82 2.34 2.62 2.37 2.56 3.17 2.95 3.14 2.79 2.19 2.17 2.43 2.10 2.94 2.57 3.44 2.43 4.40 2.37 2.07 0.00 3.14 2.70 2.12 2.38 2.21 2.34 3.58 6137594
2.04 2.58 4.42 2.40 2.11 3.01 2.64 2.43 2.30 2.43 2.85 2.74 2.09 2.48 4.40 2.61 2.49 3.30 2.77 2.49 2.96 4.38 2.17 3.31 0.00 3.22 2.91 2.64 2.27 3.01 2.71 4.25 6150684
2.85 2.33 4.42 2.47 2.72 2.73 2.19 2.55 2.51 2.33 2.32 3.04 2.36 2.51 2.41 2.23 2.14 2.48 2.97 3.03 2.79 4.80 2.27 2.50 0.00 2.53 2.24 2.57 2.65 3.22 2.64 4.33 6163774
4.08 2.50 2.97 2.96 2.36 2.53 2.61 2.28 2.32 3.05 2.90 2.26 2.12 2.08 3.44 2.39 2.32 2.53 2.81 2.24 2.08 4.84 2.35 2.29 0.00 2.86 2.47 2.12 2.73 3.02 3.38 3.42 6176864
0.00 2.42 2.32 2.54 2.84 2.22 2.72 2.52 2.51 2.23 2.30 2.69 2.66 3.11 2.97 2.42 2.55 2.14 3.72 3.10 2.76 2.39 2.57 2.68 0.00 3.25 2.30 3.44 2.55 2.54 2.72 2.15 6189954
2.87 2.35 2.35 2.35 2.25 2.45 2.46 2.46 2.22 2.40 2.28 2.15 2.12 2.63 2.93 2.28 2.31 2.41 2.33 2.24 2.62 2.66 3.13 2.50 0.00 2.51 2.84 2.58 2.71 2.44 3.08 2.50 6203044
2.41 2.53 2.28 2.95 2.36 2.19 2.88 2.96 2.36 2.17 2.23 2.51 2.15 2.30 2.21 3.05 2.22 2.75 2.30 3.02 2.71 0.00 3.73 2.58 0.00 2.50 2.68 2.34 2.18 2.17 3.44 2.68 6216134
2.93 2.94 2.45 2.34 2.46 2.62 2.37 2.46 2.80 2.31 2.10 2.63 2.28 2.67 2.36 2.42 2.41 2.13 2.60 2.59 2.35 0.00 2.47 2.76 0.00 2.10 2.50 2.65 2.41 2.47 2.24 2.67 6229224
2.27 2.17 2.20 2.19 2.39 2.51 2.65 2.15 2.67 2.70 2.37 2.31 2.38 2.24 2.59 2.20 2.35 2.40 2.43 2.91 2.09 2.64 2.34 0.00 0.00 2.74 2.50 2.87 2.20 2.58 2.89 2.09 6242314
2.69 2.54 2.64 2.32 2.18 2.36 2.98 2.71 2.48 2.21 2.49 2.48 2.61 2.30 2.36 2.43 2.63 2.52 2.33 2.58 2.77 2.40 2.38 2.14 0.00 2.36 2.51 2.34 2.30 2.18 2.45 2.31 6255404
3.03 2.33 2.46 2.24 3.25 2.62 2.18 2.19 2.48 2.79 2.39 2.67 2.27 2.32 2.36 2.58 2.05 2.27 3.64 2.56 2.19 2.46 2.46 2.32 0.00 2.41 2.85 3.12 2.30 3.56 2.21 2.33 6268494
2.12 2.31 2.39 2.33 2.60 2.50 2.25 2.21 2.31 2.30 2.02 2.38 2.35 2.14 2.78 2.28 2.34 2.38 2.58 2.49 2.67 0.00 2.44 2.37 0.00 2.45 2.49 2.21 2.51 2.45 2.38 2.70 6281584
2.02 2.28 2.31 2.59 2.51 2.47 2.38 2.48 3.12 2.31 2.56 2.72 2.28 2.60 2.50 2.13 2.60 2.88 2.58 2.80 3.55 0.00 2.26 2.29 0.00 2.23 2.12 2.18 2.82 2.53 2.24 2.36 6294674
2.43 2.11 2.39 2.44 2.51 2.15 2.26 2.72 2.18 2.44 2.48 2.30 2.26 2.79 2.64 2.61 2.07 2.08 2.50 2.29 2.39 2.10 2.51 2.38 0.00 2.76 2.20 2.07 2.26 2.87 2.55 2.87 6307764
2.46 2.31 2.41 2.52 2.50 2.37 2.15 2.20 2.34 2.56 2.53 2.29 2.17 2.79 2.69 2.61 2.68 2.82 2.42 2.56 2.15 2.60 2.39 2.55 0.00 2.51 2.46 2.28 2.97 2.47 2.44 2.72 6320854
2.20 2.12 2.30 2.79 2.50 2.55 2.27 2.37 2.72 2.71 2.24 2.17 2.05 2.61 3.19 2.25 2.17 2.39 2.43 2.24 3.06 2.90 2.61 2.11 0.00 2.62 2.98 2.98 2.41 2.60 2.31 2.43 6333944
2.53 2.68 2.31 2.53 2.47 2.09 2.29 2.41 2.16 2.28 2.67 2.55 2.17 2.10 3.38 3.04 2.24 2.62 2.39 2.63 2.81 2.72 2.50 2.61 0.00 2.40 3.34 2.88 3.23 2.45 2.81 2.38 6347034
2.86 2.42 2.40 2.23 2.36 2.45 2.67 2.20 2.47 2.55 2.42 2.32 2.43 2.40 2.38 2.32 2.11 2.92 2.55 2.48 2.31 0.00 2.51 2.13 0.00 2.97 3.09 2.31 3.25 3.15 2.95 3.12 6360124
2.30 2.38 2.16 2.53 2.09 2.26 2.40 2.13 2.29 2.10 2.16 3.06 2.95 2.85 2.41 2.37 2.18 2.63 2.19 2.48 2.43 0.00 2.40 2.22 0.00 2.74 3.18 2.49 2.41 2.44 2.39 2.43 6373214
2.12 2.34 2.49 2.65 3.09 2.33 2.18 2.59 2.73 2.37 2.22 2.24 2.26 2.55 2.40 2.96 2.15 2.53 2.31 2.84 2.43 0.00 2.29 2.29 0.00 2.58 2.14 3.51 2.55 2.31 2.54 3.26 6386304
2.36 2.15 2.19 2.32 2.56 2.36 2.68 2.35 2.27 2.46 2.22 2.06 2.23 2.55 2.34 2.69 2.10 2.50 2.70 2.56 2.32 2.31 2.14 2.71 0.00 2.48 2.35 2.51 2.30 2.20 2.60 2.35 6399394
2.11 2.38 2.66 2.20 3.28 2.62 2.77 2.57 3.13 2.29 2.14 2.73 2.31 2.48 2.36 2.93 2.56 2.29 2.33 2.74 2.64 2.08 2.50 2.13 0.00 2.42 2.30 2.79 2.58 2.78 2.62 2.30 6412484
2.02 2.29 2.09 2.56 3.08 2.60 2.32 2.69 2.27 3.08 2.77 3.33 2.24 2.35 2.24 2.38 2.20 2.67 2.75 3.07 3.03 2.32 2.46 0.00 0.00 2.93 2.46 2.39 3.04 2.27 2.52 2.27 6425574
2.47 2.55 2.24 2.32 3.26 2.24 2.12 2.77 2.47 2.29 2.63 2.46 2.42 2.32 2.38 2.05 0.00 2.28 2.80 2.48 2.51 0.00 2.71 2.06 0.00 2.14 2.46 2.81 2.34 2.65 2.84 2.41 6438664
2.85 2.85 2.58 2.58 2.69 2.26 2.23 2.52 2.17 2.21 2.39 2.23 2.30 2.15 2.59 2.46 2.18 2.29 2.53 2.33 2.19 2.11 2.45 2.02 0.00 2.73 2.65 3.52 2.75 2.94 2.71 2.67 6451754
2.54 2.28 2.43 2.33 2.10 2.34 2.42 2.76 2.37 2.65 2.79 2.24 2.60 2.43 2.61 2.15 2.67 2.90 3.60 3.64 2.20 2.64 2.65 2.33 0.00 2.59 2.54 2.28 2.84 2.37 2.41 2.74 6464844
3.10 2.27 2.20 2.33 2.63 2.29 2.50 3.24 2.34 2.61 2.41 3.35 2.61 2.29 2.84 2.28 2.27 2.50 2.63 2.65 2.91 2.34 2.38 0.00 0.00 2.29 2.98 2.40 2.46 2.73 2.41 2.87 6477934
2.95 2.20 2.43 2.21 2.36 2.73 2.61 2.42 2.42 2.68 2.51 2.59 2.19 2.10 2.35 2.59 2.10 2.14 2.46 2.33 2.36 2.36 2.64 2.50 0.00 2.54 2.26 2.88 2.47 2.47 2.98 3.28 6491024
2.42 2.24 3.39 2.63 2.58 3.10 2.43 2.67 2.67 2.70 2.31 2.68 3.28 2.71 2.17 2.44 2.10 2.38 2.40 2.91 2.49 2.18 2.23 0.00 0.00 2.98 2.70 2.42 2.69 2.60 2.82 3.19 6504114
3.80 2.34 2.48 2.45 2.56 2.60 2.30 2.18 2.92 2.48 2.21 2.24 2.45 2.68 3.26 2.52 2.10 2.78 3.39 2.30 2.42 2.22 2.87 2.28 0.00 2.84 2.33 2.40 2.88 2.81 2.05 2.56 6517204
3.64 2.69 2.72 2.17 2.33 3.25 2.40 2.45 2.89 2.77 2.28 3.52 2.21 2.72 2.56 2.49 2.71 2.76 3.77 2.33 2.71 0.00 2.69 0.00 0.00 2.79 2.44 2.93 2.33 2.80 2.40 3.21 6530294
3.77 2.56 3.26 2.44 2.61 2.36 2.34 2.98 2.60 2.40 2.66 2.31 2.57 2.52 2.19 2.14 2.49 2.16 2.88 2.39 2.92 2.19 2.33 2.35 0.00 2.87 2.29 2.79 2.32 2.45 2.83 3.42 6543384
2.40 2.34 2.26 2.34 2.97 2.86 2.14 2.67 2.53 2.57 2.49 3.77 5.35 2.17 2.31 2.76 2.44 2.27 2.21 2.94 2.43 3.49 2.32 2.27 0.00 3.19 2.12 2.70 2.87 3.28 2.41 2.83 6556474
2.16 2.64 3.27 2.21 2.65 3.33 2.29 2.67 2.72 2.62 2.47 2.50 3.06 2.91 3.31 2.56 2.08 2.20 2.44 2.84 2.48 3.98 2.42 2.06 0.00 2.28 2.41 2.94 2.99 2.54 2.24 3.10 6569564
2.65 2.93 4.99 2.53 3.04 2.64 2.47 2.24 2.54 2.20 2.94 3.92 2.93 2.61 2.99 2.33 2.12 2.80 2.94 2.24 2.69 2.27 2.27 2.90 0.00 2.66 2.47 2.41 2.58 2.98 2.87 3.87 6582654
2.61 2.28 3.54 2.38 2.82 2.19 2.26 3.35 2.40 2.43 2.85 2.36 2.67 2.28 3.05 3.07 2.12 2.47 2.46 2.61 2.48 2.38 2.57 0.00 0.00 2.70 2.74 3.22 2.30 2.77 2.48 2.29 6595744
2.38 2.50 2.37 2.46 2.56 2.31 2.33 3.68 2.23 2.37 2.31 2.63 5.62 3.17 4.07 2.14 2.13 2.77 2.57 3.80 2.97 4.83 2.43 2.21 0.00 2.79 2.36 2.93 3.41 2.26 2.98 2.86 6608834
3.49 2.16 2.92 2.84 3.09 3.01 2.70 2.34 2.52 2.30 2.38 2.63 4.00 3.28 2.58 3.49 2.71 3.21 2.66 2.43 2.56 4.75 2.29 2.31 0.00 3.00 3.01 2.73 3.81 2.35 2.48 3.25 6621924
2.72 3.27 2.42 2.40 3.81 2.38 2.73 2.71 2.97 2.44 4.88 3.03 2.58 2.67 5.63 3.21 2.29 2.23 2.39 5.59 2.67 0.00 2.68 2.21 0.00 2.94 2.29 3.13 2.87 2.44 2.35 2.32 6635014
4.66 2.50 2.83 3.19 3.07 2.23 2.79 3.47 2.40 2.46 2.71 2.69 4.05 2.99 3.49 3.31 2.54 2.51 2.16 6.79 2.42 5.12 2.48 2.28 0.00 2.90 2.48 2.77 2.36 2.61 2.32 2.59 6648104
2.59 2.49 4.40 2.68 3.97 3.27 2.37 3.52 2.70 2.77 2.66 3.38 4.07 3.29 2.83 2.17 2.51 2.36 2.45 2.26 2.31 0.00 2.53 2.14 0.00 2.58 2.49 2.55 2.74 2.33 2.81 4.15 6661194
4.77 3.46 3.74 2.95 5.20 2.67 2.94 2.56 2.29 2.15 2.43 3.26 4.03 2.07 6.84 3.83 2.15 2.21 2.29 4.27 2.76 3.17 2.48 2.35 0.00 2.87 2.38 2.38 2.53 3.58 2.54 4.24 6674284
2.60 2.58 2.81 2.50 2.31 2.85 3.38 3.16 2.41 2.74 2.82 4.78 4.51 2.18 7.22 2.39 2.27 2.78 3.96 2.30 2.27 4.08 2.75 2.28 0.00 2.97 2.24 2.90 2.91 3.16 2.97 2.92 6687374
4.83 2.79 3.60 2.59 3.01 3.28 2.08 3.66 2.32 2.32 2.90 3.57 5.25 3.80 3.43 3.41 2.17 2.72 3.12 2.62 3.90 0.00 2.36 3.36 0.00 3.05 3.03 3.35 2.38 2.78 2.52 4.50 6700464
4.81 2.43 3.41 2.67 2.88 2.73 3.09 3.34 2.55 2.42 3.36 4.39 5.57 2.70 5.55 2.53 2.11 2.81 3.40 3.44 2.85 5.44 3.01 2.13 0.00 3.16 2.56 2.50 2.44 2.65 2.17 3.83 6713554
4.70 3.19 3.44 2.42 5.71 2.68 2.47 4.22 2.78 2.90 3.14 2.75 4.16 3.16 6.78 2.73 2.40 3.51 2.17 2.31 2.29 5.56 3.24 2.22 0.00 3.36 2.70 2.71 2.38 4.59 2.82 3.39 6726644
4.70 2.94 2.45 2.89 5.23 2.58 2.65 3.84 3.18 2.29 3.65 2.66 3.31 2.41 5.24 2.63 2.13 2.68 2.56 7.21 3.25 5.57 2.90 2.77 0.00 3.57 3.61 3.16 2.33 3.74 2.64 4.02 6739734
4.57 3.29 3.38 2.35 3.30 2.17 3.74 3.16 2.18 2.81 2.65 6.43 4.93 2.66 8.41 2.67 2.14 2.82 2.67 4.14 2.51 5.22 2.97 2.53 0.00 3.67 3.10 3.13 3.04 2.85 2.76 2.66 6752824
3.09 3.06 2.92 2.29 5.28 2.12 3.55 3.35 3.48 3.24 2.76 2.29 3.62 2.36 5.05 7.64 2.34 2.97 2.39 6.93 3.13 5.28 2.60 2.37 0.00 2.81 2.50 3.21 2.44 2.97 3.45 4.56 6765914
4.81 3.12 4.92 2.37 3.91 3.15 2.39 4.48 2.59 2.36 2.72 4.23 3.76 2.90 7.43 6.10 2.30 2.38 6.05 3.28 2.25 4.95 2.59 2.57 0.00 3.15 2.98 3.11 2.09 2.39 2.97 4.44 6779004
4.39 3.22 5.09 2.42 5.75 2.81 2.20 4.63 2.44 2.50 3.26 4.57 3.21 2.19 5.79 2.16 2.04 2.73 2.31 2.72 2.32 4.93 2.70 2.55 0.00 3.05 2.43 2.99 2.53 3.55 3.17 4.39 6792094
4.84 2.54 4.12 2.69 5.50 3.59 2.57 3.95 3.44 2.12 2.52 4.95 2.78 2.63 5.24 4.02 2.16 2.68 3.77 5.20 2.31 4.53 2.49 2.54 0.00 2.79 3.26 2.78 2.55 3.63 3.06 4.15 6805184
5.00 2.89 4.99 2.61 5.98 2.59 2.63 3.98 3.26 2.26 2.32 3.48 2.93 2.71 7.79 3.37 2.37 2.47 2.38 4.20 3.29 4.33 2.21 2.74 0.00 3.23 3.10 3.44 2.86 2.38 2.91 4.37 6818274
5.14 2.53 4.07 2.45 4.61 2.26 3.25 4.07 2.75 2.71 2.55 5.20 3.85 3.43 3.48 3.13 2.42 2.64 2.82 6.98 2.79 2.63 2.47 3.44 0.00 2.95 3.38 3.16 2.14 2.44 2.47 3.66 6831364
4.90 3.05 4.28 2.25 4.62 3.39 2.25 4.35 2.81 2.44 2.63 2.80 5.96 2.66 5.82 2.62 2.31 2.44 2.66 2.73 2.76 0.00 2.49 2.37 0.00 3.10 3.65 2.81 2.78 3.21 2.29 2.59 6844454
5.16 3.36 5.14 2.24 4.40 3.66 3.22 2.76 2.28 2.70 2.35 3.32 2.94 2.59 8.21 2.70 2.31 2.42 2.20 2.62 2.62 4.23 2.60 2.82 0.00 3.20 2.72 2.99 2.39 3.41 2.55 2.44 6857544
4.81 2.97 4.94 2.38 3.82 2.44 3.59 5.36 2.98 2.31 2.91 4.59 2.88 2.64 5.26 3.11 2.13 2.92 3.01 8.84 2.51 0.00 2.58 2.27 0.00 3.09 3.50 3.36 2.16 3.88 2.83 2.84 6870634
4.83 2.97 5.21 2.66 3.70 2.77 3.35 2.63 3.07 2.36 2.59 2.65 5.46 2.32 6.51 6.22 2.18 2.92 3.55 5.99 2.27 0.00 2.52 3.23 0.00 3.36 2.29 3.59 3.80 2.65 3.68 3.47 6883724
4.89 3.64 5.09 2.51 4.36 3.43 3.19 3.33 2.38 2.60 2.97 5.30 3.39 2.90 3.11 3.21 2.07 3.15 2.59 8.69 2.55 4.60 2.62 2.13 0.00 2.91 2.46 4.20 3.56 3.43 2.87 4.50 6896814
4.97 3.42 4.95 2.41 4.43 4.73 2.95 3.67 3.02 2.53 3.23 4.80 4.68 2.47 6.10 3.66 2.07 2.46 5.11 2.65 3.60 0.00 2.59 3.01 0.00 2.88 4.22 4.76 3.27 3.14 3.90 3.87 6909904
4.96 3.35 5.07 2.29 3.84 4.07 3.89 3.01 3.13 3.23 2.93 5.09 5.22 2.77 7.45 7.11 2.10 2.71 3.43 7.42 2.85 0.00 2.57 2.72 0.00 3.01 3.03 4.74 2.51 2.39 3.46 4.49 6922994
5.14 3.34 5.15 2.98 4.16 3.74 2.44 4.38 4.34 3.33 2.43 4.80 5.22 2.42 7.62 4.38 2.40 3.02 4.20 8.87 3.53 4.68 3.36 2.34 0.00 3.06 3.31 3.44 3.27 2.74 3.25 4.66 6936084
4.89 3.51 5.21 2.86 4.34 4.58 2.86 5.05 2.92 2.60 2.90 2.69 5.06 2.36 7.19 6.22 2.09 2.94 6.01 3.57 3.05 4.80 2.62 2.33 0.00 2.89 2.98 5.41 2.50 2.72 3.86 4.36 6949174
4.97 3.11 4.60 2.16 4.16 3.17 2.88 5.08 2.55 2.72 4.68 4.95 4.03 2.68 7.43 5.83 2.08 2.63 6.02 4.50 3.41 4.61 3.68 0.00 0.00 2.97 2.96 5.63 3.27 5.43 3.16 3.98 6962264
5.18 3.58 5.04 2.66 4.32 3.34 3.40 5.23 3.07 3.53 4.53 5.19 5.47 3.09 6.96 5.69 2.20 2.50 4.25 8.66 3.17 4.88 3.72 3.02 0.00 2.40 3.11 5.36 3.86 2.61 3.84 4.36 6975354
4.95 3.49 4.95 2.80 4.19 4.11 2.96 4.65 3.27 3.48 4.21 5.83 4.30 3.42 5.59 6.51 2.07 2.77 2.20 7.52 3.28 0.00 2.91 4.55 0.00 2.72 3.28 3.13 2.46 3.86 3.49 4.22 6988444
3.36 3.56 0.00 2.77 4.31 3.96 2.71 5.32 4.01 3.17 4.45 3.18 4.58 3.06 6.64 6.29 2.11 2.82 6.00 8.77 3.48 4.74 2.50 3.74 0.00 2.82 3.41 5.47 3.31 2.59 3.18 4.40 7001534
4.91 3.51 5.06 2.54 4.17 4.34 3.47 5.16 4.15 4.17 3.79 5.18 5.07 5.75 6.61 6.30 2.10 2.89 3.80 3.08 3.41 4.85 2.72 2.12 0.00 3.12 3.41 0.00 3.54 2.82 4.04 4.71 7014624
4.88 3.54 5.24 3.34 4.09 4.33 3.57 2.97 2.39 3.08 3.68 4.99 5.05 4.61 6.69 4.19 2.06 2.84 3.87 2.66 3.56 4.96 2.97 4.52 0.00 2.79 3.02 0.00 4.03 3.47 3.78 4.67 7027714
5.07 3.48 5.09 2.94 4.14 3.14 3.58 5.10 3.04 3.42 4.11 4.83 4.98 3.65 6.71 6.28 2.06 2.99 3.14 8.81 3.82 0.00 2.95 3.62 0.00 2.43 2.98 0.00 2.51 4.87 3.56 4.34 7040804
4.82 3.49 0.00 2.71 4.16 3.79 2.96 5.02 2.67 2.71 4.38 4.85 5.12 6.27 6.84 5.94 2.05 3.12 6.10 9.29 3.82 5.22 3.21 4.65 0.00 2.33 2.99 0.00 3.29 5.70 3.99 4.24 7053894
4.97 3.67 0.00 2.58 4.15 4.33 3.40 5.21 3.64 3.32 4.33 4.71 3.91 5.27 6.83 6.34 2.16 2.96 3.05 8.99 3.67 5.11 0.00 4.30 0.00 2.12 2.66 5.48 3.91 3.14 3.15 4.20 7066984
4.82 2.79 0.00 2.31 4.30 4.24 3.47 5.05 4.31 3.75 4.24 5.02 4.76 6.45 7.02 6.27 2.05 2.98 5.37 9.04 3.63 5.12 4.21 2.71 0.00 2.07 2.66 5.82 3.59 3.92 3.90 4.38 7080074
4.82 3.55 5.10 2.98 4.18 4.22 3.51 5.04 4.12 3.46 4.16 4.78 3.39 6.39 6.96 6.40 2.16 3.16 6.25 0.00 3.81 5.03 0.00 3.57 0.00 2.54 2.67 6.18 3.82 5.94 3.54 4.27 7093164
4.81 3.57 0.00 2.76 4.16 4.11 3.58 5.13 4.12 3.32 4.02 4.58 4.60 6.40 6.95 6.57 2.09 3.39 6.41 9.02 3.91 5.17 2.83 4.60 0.00 2.11 2.83 0.00 3.84 5.64 4.11 4.17 7106254
4.90 3.63 0.00 2.78 4.20 4.21 3.42 5.04 4.02 3.19 3.99 4.69 4.75 6.51 6.96 6.50 2.11 3.03 5.65 8.92 3.83 5.23 0.00 4.14 0.00 2.13 2.52 5.85 2.91 3.85 3.79 4.44 7119344
4.97 3.51 5.16 2.76 4.31 4.27 3.50 5.04 4.58 3.01 2.08 4.37 4.91 5.35 7.15 6.47 2.07 2.90 6.30 0.00 3.60 5.28 5.27 4.85 0.00 2.27 2.53 3.45 5.06 3.75 3.67 4.12 7132434
4.85 3.44 5.47 3.02 4.28 4.27 3.45 5.34 3.98 2.40 3.79 4.51 4.86 3.18 7.08 6.42 2.14 2.64 6.76 8.59 3.93 0.00 4.30 0.00 0.00 2.22 2.64 5.60 4.12 2.45 4.17 4.07 7145524
4.79 3.49 5.35 0.00 4.28 4.27 3.59 5.30 3.96 2.47 3.60 4.51 4.88 6.44 7.05 6.52 2.12 3.08 6.02 8.53 3.99 0.00 0.00 4.09 0.00 2.42 2.80 6.02 3.85 4.61 4.12 4.16 7158614
4.90 3.65 5.34 3.10 4.51 4.33 3.69 3.28 2.89 3.49 3.92 4.20 4.73 6.59 7.12 6.63 2.09 2.74 5.17 8.74 3.96 5.43 0.00 4.32 0.00 2.11 2.44 0.00 4.89 4.58 3.39 4.04 7171704
5.06 3.93 5.28 0.00 4.33 4.33 3.49 5.01 3.19 2.79 3.58 4.06 4.85 6.55 7.51 6.59 2.14 3.11 5.20 8.78 3.81 5.34 5.29 5.28 0.00 2.17 2.61 0.00 4.30 4.50 4.36 4.08 7184794
4.78 3.48 5.11 2.72 4.33 4.30 3.90 5.16 3.03 3.45 3.90 4.05 4.52 4.69 7.21 6.59 2.23 2.48 4.22 8.84 3.88 0.00 0.00 4.97 0.00 2.07 2.45 0.00 4.59 4.37 4.57 3.98 7197884
4.81 3.50 5.24 3.09 4.49 4.23 3.65 5.05 3.68 3.24 3.58 3.82 3.38 6.63 7.17 6.64 2.18 2.77 4.95 8.74 3.90 5.57 3.60 3.94 0.00 2.15 2.45 0.00 4.27 5.33 4.54 4.12 7210974
4.85 3.55 5.28 3.06 4.51 4.30 3.50 5.33 3.58 2.88 3.65 3.82 4.90 6.18 7.25 6.71 2.45 3.15 4.21 4.23 4.43 5.64 2.86 4.49 0.00 2.16 2.48 0.00 5.04 5.65 4.59 3.95 7224064
4.91 3.60 5.59 2.93 4.47 4.24 3.00 5.20 3.31 2.85 3.65 3.92 3.93 6.87 7.97 6.84 2.14 2.58 5.68 8.20 3.90 5.66 5.44 4.47 0.00 2.21 2.53 5.07 5.66 4.32 4.23 3.44 7237154
5.01 3.33 5.37 3.35 4.62 4.25 3.39 5.23 3.34 3.27 3.61 3.85 4.87 3.33 7.63 6.74 3.02 3.03 5.73 8.36 4.03 5.62 4.77 2.58 0.00 2.11 2.56 2.77 3.73 5.09 4.66 3.95 7250244
4.63 3.53 5.45 2.96 4.52 4.24 3.47 5.45 3.20 3.06 3.50 3.79 5.08 3.06 7.32 6.90 2.44 2.88 5.51 8.51 4.01 0.00 5.65 5.18 0.00 2.22 2.45 0.00 3.99 5.34 4.74 3.89 7263334
4.69 3.55 0.00 0.00 4.48 4.24 3.73 5.54 3.29 2.90 2.99 3.75 5.66 6.18 7.32 7.27 2.26 3.04 5.70 8.15 3.02 5.53 4.66 3.93 0.00 2.17 2.53 0.00 3.73 5.29 4.82 4.00 7276424
4.96 3.50 0.00 3.03 4.95 4.28 3.46 5.54 2.52 3.30 3.56 3.71 5.06 6.69 7.48 7.14 2.16 2.97 6.04 8.82 3.26 5.69 2.78 4.22 0.00 2.16 2.53 0.00 3.60 3.94 4.38 3.95 7289514
5.16 3.61 5.01 2.85 4.66 4.35 3.65 5.94 2.76 3.08 3.49 3.70 4.77 4.76 7.40 7.05 2.13 3.15 2.36 8.31 3.36 5.82 3.70 4.29 0.00 2.12 2.54 5.35 4.66 5.20 4.69 3.53 7302604
4.65 3.59 5.59 2.89 4.60 4.40 3.70 6.05 3.05 3.36 3.52 3.78 4.91 4.08 7.44 7.30 2.09 2.96 5.20 8.41 4.02 6.06 0.00 0.00 0.00 2.22 2.54 4.35 2.70 4.59 4.78 4.09 7315694
4.72 3.49 5.14 2.86 4.72 4.41 3.40 5.00 2.99 2.12 3.47 3.71 5.13 4.22 7.56 7.54 2.06 3.02 6.47 8.27 4.05 5.52 3.97 4.57 0.00 2.16 2.53 5.83 5.13 5.15 4.83 4.19 7328784
4.90 3.67 5.34 2.92 4.74 4.50 3.59 6.03 2.77 3.21 3.47 3.86 4.55 3.60 7.90 7.37 2.15 2.97 5.79 8.55 3.86 5.48 4.59 4.17 0.00 2.14 2.54 5.39 3.83 5.03 2.67 3.87 7341874
4.73 3.68 4.92 3.10 4.95 4.62 4.26 6.04 2.70 2.71 3.47 3.82 3.97 6.73 7.84 7.47 2.06 3.06 5.70 8.65 4.05 0.00 2.44 4.61 0.00 2.25 2.46 5.72 5.29 3.77 3.53 3.73 7354964
4.81 3.43 5.06 3.09 4.88 4.64 3.81 5.85 2.77 2.90 3.45 3.68 5.11 5.07 7.78 7.48 2.11 3.05 5.96 8.55 3.72 5.28 0.00 3.83 0.00 2.21 2.57 4.84 3.34 3.48 4.30 4.03 7368054
4.80 3.52 4.68 2.98 4.89 4.72 3.83 6.03 2.77 3.10 3.38 3.77 5.30 6.80 7.95 7.58 2.06 3.18 5.63 8.66 3.95 5.29 4.27 2.36 0.00 2.26 2.55 4.48 2.70 4.34 4.71 4.23 7381144
5.11 3.59 4.57 3.52 5.37 4.73 3.45 4.46 2.70 2.68 3.49 3.66 5.67 6.96 8.03 7.84 2.11 3.04 5.31 6.81 3.80 0.00 4.57 3.97 0.00 2.35 2.57 4.48 4.56 4.69 3.41 2.80 7394234
4.84 3.52 4.85 2.90 5.10 4.81 3.86 6.03 2.47 2.24 3.44 3.70 5.16 4.63 8.14 7.59 2.05 3.19 5.84 7.75 4.01 5.39 2.22 4.84 0.00 2.15 2.54 4.50 4.58 5.18 4.16 4.32 7407324
4.71 3.60 4.75 2.56 5.08 5.03 3.52 5.84 2.70 2.99 3.43 3.76 5.29 7.09 7.97 7.60 2.03 3.12 5.91 8.67 3.97 4.84 2.21 4.91 0.00 2.35 2.54 4.80 4.53 4.61 4.74 4.37 7420414
4.73 3.65 5.41 2.71 5.08 4.96 0.00 4.28 2.53 2.50 3.43 3.71 5.14 5.86 8.10 8.33 2.11 3.06 6.05 8.69 3.33 4.58 2.38 4.95 0.00 2.22 2.58 4.48 3.95 4.04 4.91 4.37 7433504
4.90 3.57 5.12 3.20 5.12 5.17 3.43 5.79 2.57 2.28 3.42 3.77 5.13 3.14 8.07 7.71 2.64 3.01 5.59 8.65 3.47 4.74 0.00 4.13 0.00 2.23 2.56 4.34 4.81 5.19 3.29 4.54 7446594
4.74 3.56 5.01 2.99 5.21 4.98 3.97 5.66 2.59 2.33 3.41 3.69 5.18 3.56 8.79 7.86 2.25 3.26 5.83 8.69 3.58 4.61 4.46 3.94 0.00 2.22 2.44 4.57 3.28 5.20 4.63 4.29 7459684
4.89 3.43 5.06 2.98 5.23 4.94 2.67 5.33 2.57 2.99 3.53 3.86 5.46 4.42 8.45 8.19 2.12 3.14 5.54 8.19 3.34 4.41 3.90 4.18 0.00 2.10 2.58 5.18 4.68 5.00 4.79 4.44 7472774
4.84 3.59 5.50 0.00 5.15 5.02 3.47 5.62 2.54 2.44 3.16 3.73 5.55 4.89 8.31 8.00 2.15 3.01 6.17 8.64 3.14 4.67 3.69 4.93 0.00 2.21 2.54 4.81 4.73 5.19 4.07 4.75 7485864
4.94 3.49 5.03 3.03 5.45 5.05 3.57 5.61 2.43 2.83 3.34 3.69 5.41 5.14 8.51 7.99 2.17 2.99 5.91 8.66 3.36 4.95 4.62 3.99 0.00 0.00 2.56 4.88 2.73 5.09 4.80 4.49 7498954
4.78 4.01 5.11 2.97 5.30 5.09 3.43 4.07 2.42 2.61 2.71 3.83 5.48 5.06 8.40 8.64 2.17 3.12 6.67 8.35 3.25 0.00 2.85 0.00 0.00 2.13 2.63 4.91 4.58 5.02 4.57 4.44 7512044
4.82 3.49 5.13 2.96 5.37 5.13 3.66 5.33 2.28 2.95 2.88 3.63 5.41 7.07 8.41 7.99 2.13 3.31 6.40 8.57 3.16 4.63 3.88 3.09 0.00 2.18 2.54 5.18 3.43 5.17 4.86 4.48 7525134
4.91 3.56 5.07 2.86 5.45 5.24 0.00 5.61 2.55 2.92 3.31 3.76 5.88 4.28 8.43 8.12 2.06 3.00 6.02 8.98 3.34 4.84 0.00 0.00 0.00 2.09 2.58 5.02 4.73 4.53 4.53 4.57 7538224
5.07 3.61 5.01 3.59 5.47 5.19 3.90 5.30 2.52 2.88 3.36 4.24 5.51 6.96 8.37 8.22 2.11 3.26 5.91 8.67 3.29 4.53 0.00 4.58 0.00 2.15 2.55 5.08 5.03 4.92 5.10 4.52 7551314
4.83 3.57 5.11 2.86 5.40 5.28 0.00 5.37 2.45 2.86 3.50 3.65 6.08 3.65 8.41 8.05 2.08 2.99 5.85 8.82 3.22 4.44 5.06 5.19 0.00 2.25 2.51 5.38 5.20 5.13 5.05 4.48 7564404
4.84 3.64 5.12 3.00 5.42 5.20 4.22 5.44 2.33 2.84 3.55 3.63 5.64 6.96 8.46 8.09 2.48 3.15 6.32 8.70 3.39 4.38 6.83 4.72 0.00 2.23 2.49 5.73 5.46 4.63 4.10 4.76 7577494
4.94 3.65 5.11 0.00 5.48 5.20 4.16 5.24 2.25 2.85 3.51 4.35 5.78 7.15 8.41 0.00 2.06 3.30 6.15 8.64 3.39 4.66 2.65 5.35 0.00 2.11 2.52 5.27 5.01 5.35 5.77 4.63 7590584
4.98 3.52 5.14 0.00 5.55 5.25 4.15 5.27 2.32 2.80 3.40 3.58 5.69 7.10 8.41 0.00 2.02 3.20 6.00 0.00 3.20 4.22 0.00 4.78 0.00 2.12 2.52 5.39 4.58 5.40 5.12 4.46 7603674
5.31 3.49 5.24 2.97 5.47 5.22 4.24 5.12 2.14 2.85 3.54 3.63 5.78 7.19 8.53 0.00 2.02 3.38 6.11 8.03 3.13 4.61 5.84 0.00 0.00 2.16 2.62 5.34 5.29 5.13 5.17 4.51 7616764
4.75 3.55 5.04 2.86 5.42 5.20 3.56 5.32 2.09 2.82 3.45 3.57 5.63 6.93 8.62 8.25 2.22 3.15 6.14 8.21 3.32 0.00 0.00 4.58 0.00 2.28 2.52 5.57 5.39 5.47 5.16 4.58 7629854
4.87 3.60 4.99 3.17 5.48 5.26 0.00 5.26 2.09 2.89 3.49 3.64 5.94 7.24 8.41 0.00 2.09 3.28 6.15 9.46 3.23 4.38 0.00 5.13 0.00 2.11 2.57 5.97 5.44 5.02 5.13 4.50 7642944
5.14 3.57 5.19 3.05 5.45 5.31 3.98 5.11 2.18 2.89 3.54 3.63 6.28 7.15 8.44 0.00 2.13 3.07 5.91 8.24 3.27 4.41 0.00 5.15 0.00 2.15 2.56 5.53 5.55 5.06 5.54 4.73 7656034
5.11 3.52 5.15 0.00 5.53 5.29 3.52 5.40 2.16 2.84 3.44 3.61 6.17 7.02 8.42 0.00 2.04 3.18 6.05 8.76 3.20 4.35 0.00 4.85 0.00 2.22 2.54 5.12 5.36 5.13 5.91 4.46 7669124
4.92 4.36 5.09 0.00 5.51 5.27 0.00 5.22 2.10 2.92 3.42 3.68 5.82 7.30 8.57 0.00 2.06 3.20 6.20 8.66 3.46 0.00 0.00 0.00 0.00 2.18 2.55 5.33 5.30 5.23 5.26 4.51 7682214
4.90 3.70 5.10 2.81 5.47 5.23 0.00 5.19 2.10 2.88 3.40 3.86 5.71 7.19 8.43 8.71 2.40 3.16 6.04 8.70 3.26 4.67 0.00 0.00 0.00 0.00 2.55 5.54 5.42 5.23 5.28 4.84 7695304
4.91 3.62 5.32 0.00 5.56 5.22 3.63 5.19 2.15 2.87 3.53 3.63 0.00 7.14 8.39 8.69 2.22 3.26 6.63 8.67 3.25 0.00 9.92 4.96 0.00 2.13 2.58 5.44 5.30 5.27 6.00 4.77 7708394
4.96 3.57 5.12 0.00 5.52 5.28 0.00 5.19 2.09 2.98 3.42 3.71 5.80 7.23 8.40 8.53 2.02 3.24 6.46 8.77 3.29 0.00 0.00 0.00 0.00 2.15 2.72 5.42 5.45 5.11 5.32 4.53 7721484
5.05 3.61 5.10 2.84 5.43 5.24 4.07 5.21 2.08 2.85 3.48 3.77 5.88 7.17 8.40 0.00 2.02 3.29 6.30 8.48 3.24 4.32 0.00 0.00 0.00 2.13 2.55 5.43 5.48 5.15 5.25 4.53 7734574
4.96 3.61 5.09 0.00 5.48 5.22 0.00 5.36 2.21 2.88 3.50 3.74 6.04 7.08 8.39 0.00 2.02 3.21 6.34 8.29 3.40 0.00 0.00 0.00 0.00 2.51 2.64 5.56 5.31 5.21 5.60 0.00 7747664
4.89 3.59 5.71 0.00 5.43 5.23 3.77 5.28 2.14 2.87 3.44 3.80 5.90 7.05 8.41 0.00 2.07 3.63 6.42 8.52 4.09 4.33 0.00 0.00 0.00 2.14 2.55 5.45 5.35 5.11 5.29 4.63 7760754
4.92 3.60 5.36 0.00 5.43 5.31 4.05 5.26 2.11 2.94 3.45 3.68 5.99 7.39 8.51 8.41 2.06 3.14 6.28 8.36 3.34 0.00 0.00 4.89 0.00 2.13 2.58 5.51 5.41 5.09 5.33 4.59 7773844
4.75 3.60 5.38 0.00 5.49 5.32 0.00 5.25 2.09 2.95 3.45 3.70 5.97 7.07 8.39 8.70 2.08 3.24 6.25 8.92 3.26 0.00 0.00 4.81 0.00 2.13 2.59 5.84 0.00 5.19 5.45 4.58 7786934
0.00 3.59 5.35 0.00 5.68 5.31 3.64 5.22 2.07 2.85 3.46 3.70 6.25 7.21 8.41 8.73 2.38 3.20 6.16 8.74 3.37 4.86 0.00 4.72 0.00 2.13 2.60 5.53 5.44 5.13 5.57 4.56 7800024
0.00 3.59 5.35 3.02 5.43 5.32 0.00 5.21 2.15 2.88 3.46 3.79 0.00 7.02 8.39 0.00 2.10 3.20 5.99 8.70 3.21 4.34 0.00 4.80 0.00 2.90 2.56 5.31 5.45 5.06 5.46 4.71 7813114
4.86 3.59 5.37 0.00 5.40 5.31 3.62 5.27 2.21 2.90 3.44 3.74 5.91 7.35 8.39 8.71 2.33 3.48 6.21 8.41 3.30 4.38 0.00 5.06 0.00 2.14 2.68 5.28 0.00 5.14 5.37 4.76 7826204
5.08 3.61 5.38 3.00 5.47 5.29 3.67 5.03 2.15 2.94 3.47 3.72 5.97 7.18 8.38 0.00 2.02 3.31 6.28 8.57 3.43 0.00 0.00 5.17 0.00 2.16 2.61 5.76 5.40 5.28 5.42 4.61 7839294
4.89 3.61 5.36 0.00 5.65 5.29 0.00 5.06 2.15 2.93 3.49 3.64 5.98 7.03 8.43 0.00 2.13 3.21 6.18 8.73 3.32 4.24 0.00 4.84 0.00 2.13 2.63 5.30 5.42 5.13 5.40 4.68 7852384
4.86 3.59 5.39 3.03 5.46 5.23 0.00 5.22 2.11 2.90 3.49 3.70 5.85 7.13 8.41 8.74 2.05 3.15 6.14 8.45 3.26 4.39 0.00 0.00 0.00 2.14 2.66 5.71 5.63 5.10 5.49 4.96 7865474
5.56 3.63 5.24 0.00 5.42 5.35 3.63 5.21 2.08 2.90 3.52 4.17 5.71 7.11 8.41 0.00 2.05 3.21 5.91 8.49 3.46 4.72 0.00 0.00 0.00 2.17 2.65 5.55 5.95 5.27 5.43 4.71 7878564
5.01 3.60 5.37 0.00 5.40 5.31 0.00 5.20 2.15 2.92 3.56 4.13 6.27 7.17 8.41 0.00 2.28 3.15 6.60 8.57 3.30 4.28 0.00 0.00 0.00 2.20 2.56 5.65 5.66 5.20 6.19 4.74 7891654
4.96 3.66 5.76 0.00 5.55 5.30 0.00 5.35 2.19 2.92 3.47 3.66 6.21 7.07 8.36 0.00 2.02 3.29 6.15 8.61 3.29 0.00 0.00 0.00 0.00 2.18 2.57 5.65 5.49 5.05 5.22 4.90 7904744
0.00 3.59 5.76 0.00 5.50 5.30 0.00 5.44 2.15 2.94 3.47 3.89 6.07 7.06 8.42 8.63 2.16 3.22 5.87 8.49 3.46 0.00 0.00 0.00 0.00 0.00 2.58 5.85 5.42 5.17 5.31 4.92 7917834
5.31 3.60 5.75 0.00 5.57 5.28 0.00 5.47 2.10 2.87 3.51 3.75 6.15 7.40 8.49 0.00 2.12 3.25 6.08 8.67 3.43 0.00 0.00 0.00 0.00 2.14 2.57 6.13 5.52 5.16 5.28 4.93 7930924
5.00 3.60 5.37 0.00 5.50 5.25 3.58 5.10 2.22 2.93 3.48 3.78 6.11 7.13 8.45 0.00 2.13 0.00 6.10 8.71 3.31 0.00 0.00 0.00 0.00 2.15 2.58 5.83 5.51 5.13 0.00 0.00 7944014
4.92 3.60 5.39 0.00 5.54 5.27 0.00 5.46 2.14 2.88 3.51 3.70 0.00 7.12 8.42 0.00 2.11 3.24 6.41 8.28 3.28 4.23 0.00 0.00 0.00 2.16 2.58 6.14 5.47 5.14 5.38 4.75 7957104
4.82 3.58 5.11 0.00 5.53 5.31 0.00 5.21 2.11 2.91 3.51 3.67 6.36 7.27 8.40 0.00 2.11 0.00 6.54 8.73 3.45 4.28 0.00 0.00 0.00 2.20 2.62 5.97 5.43 5.05 5.43 4.85 7970194
4.82 3.58 5.09 0.00 5.50 5.34 0.00 5.31 2.21 3.06 3.50 3.80 6.14 7.19 8.32 0.00 2.06 3.24 5.99 8.30 3.29 0.00 0.00 0.00 0.00 2.17 2.67 5.96 5.45 5.04 5.46 4.89 7983284
0.00 3.57 5.10 0.00 5.48 5.35 0.00 5.28 2.16 2.93 3.51 3.78 6.24 7.27 8.30 0.00 2.11 3.22 6.08 8.30 3.45 4.33 0.00 0.00 0.00 2.16 2.67 6.08 5.51 5.07 5.34 4.79 7996374
4.92 3.59 5.10 0.00 5.49 5.35 0.00 5.27 2.21 2.93 3.51 3.87 6.89 7.12 8.32 0.00 2.10 0.00 6.08 8.44 3.48 4.28 0.00 0.00 0.00 2.17 2.67 5.89 5.56 5.10 5.29 4.84 8009464
0.00 3.62 5.12 0.00 5.47 5.37 0.00 5.29 2.19 2.94 3.51 3.72 6.13 7.07 8.31 0.00 2.07 0.00 6.35 8.61 3.22 4.25 0.00 0.00 0.00 2.15 2.65 5.89 5.55 5.14 5.35 4.91 8022554
4.84 3.61 5.10 0.00 5.50 5.38 0.00 5.27 2.20 2.94 3.50 3.72 0.00 7.15 8.31 0.00 2.08 3.35 6.02 8.25 3.34 4.25 0.00 0.00 0.00 2.16 2.66 5.88 5.55 5.29 5.48 4.86 8035644
5.05 3.61 5.11 0.00 5.47 5.35 0.00 5.32 2.33 2.93 3.49 3.70 6.27 7.11 8.33 0.00 2.05 3.56 5.99 8.13 3.34 4.25 0.00 0.00 0.00 2.17 2.66 5.87 0.00 5.18 5.36 4.96 8048734
0.00 3.62 5.10 0.00 5.52 5.61 0.00 5.30 2.13 2.91 3.49 3.70 6.27 7.11 8.30 0.00 2.06 3.24 6.05 8.19 3.35 4.23 0.00 5.01 0.00 2.17 2.66 5.89 5.55 5.15 5.32 5.02 8061824
5.06 3.60 5.11 0.00 5.53 5.35 0.00 5.30 2.18 3.00 3.56 3.95 6.29 7.78 8.32 0.00 2.14 3.20 6.40 8.47 3.34 4.24 0.00 0.00 0.00 2.17 2.66 5.88 5.57 5.14 5.51 5.06 8074914
5.02 3.60 5.25 0.00 5.62 5.34 3.64 5.27 2.13 2.93 3.47 3.73 6.27 7.13 8.33 0.00 2.15 3.20 6.11 8.50 3.32 4.29 0.00 0.00 0.00 2.17 2.65 0.00 5.56 5.10 5.35 4.92 8088004
4.96 3.59 5.09 0.00 5.51 5.36 0.00 5.28 2.15 2.94 3.47 3.69 6.41 7.29 8.33 0.00 2.22 3.19 6.35 8.57 3.34 4.35 0.00 0.00 0.00 2.17 2.66 5.77 5.57 5.11 5.54 5.18 8101094
4.93 3.60 5.78 0.00 5.66 5.37 0.00 5.27 2.13 2.93 3.49 3.80 6.26 7.16 8.34 0.00 2.21 3.21 6.49 8.22 3.37 4.24 0.00 0.00 0.00 2.17 2.65 5.66 5.55 5.23 5.45 5.03 8114184
0.00 3.61 5.78 0.00 5.59 5.58 3.67 5.27 2.14 2.97 3.50 3.69 6.34 7.24 8.37 0.00 2.22 3.27 0.00 8.55 3.35 4.23 0.00 0.00 0.00 2.16 2.65 0.00 5.78 5.29 5.58 4.93 8127274
4.96 3.62 5.77 0.00 5.47 5.35 0.00 5.28 2.14 2.96 3.49 3.68 6.20 7.17 8.32 0.00 2.24 3.32 6.11 8.18 3.34 4.22 0.00 0.00 0.00 2.16 2.65 5.62 5.65 5.06 5.36 5.09 8140364
4.84 3.61 0.00 0.00 5.52 5.33 0.00 5.27 2.24 2.92 3.72 3.84 0.00 7.25 8.33 0.00 2.23 3.17 6.18 8.66 3.35 4.24 0.00 0.00 0.00 2.21 2.63 0.00 5.52 5.31 5.58 5.00 8153454
4.87 3.59 0.00 0.00 5.54 5.34 0.00 5.28 2.13 2.91 3.49 4.00 6.27 7.20 8.32 0.00 2.15 3.33 6.12 8.18 3.51 4.24 0.00 0.00 0.00 2.23 2.65 0.00 5.44 5.02 5.39 5.21 8166544
4.82 3.61 0.00 0.00 5.51 5.57 0.00 5.28 2.16 2.93 3.46 3.98 0.00 7.16 8.32 0.00 2.06 3.24 6.22 8.72 3.39 0.00 0.00 0.00 0.00 2.23 2.64 0.00 5.44 5.07 5.40 4.95 8179634
4.81 3.63 5.78 0.00 5.53 5.40 0.00 5.28 2.16 2.91 3.49 3.72 0.00 7.19 8.30 0.00 2.12 3.45 6.47 8.39 3.39 4.86 0.00 0.00 0.00 2.18 2.64 5.65 5.45 5.06 5.37 4.91 8192724
4.81 3.61 5.78 0.00 5.58 5.38 0.00 5.28 2.18 3.03 3.48 3.79 0.00 7.19 8.30 0.00 2.12 3.23 6.09 8.54 3.34 4.36 0.00 0.00 0.00 2.16 2.65 0.00 5.44 5.15 5.44 4.93 8205814
4.90 3.60 5.76 0.00 5.59 5.30 0.00 5.28 2.31 2.91 3.50 3.77 0.00 7.16 8.32 0.00 2.16 3.20 5.92 8.59 3.27 4.25 0.00 0.00 0.00 2.19 2.65 0.00 5.40 5.06 5.48 5.03 8218904
5.02 3.59 5.75 0.00 5.61 5.36 0.00 5.29 2.25 2.93 3.49 3.72 0.00 7.25 8.31 0.00 2.14 3.20 5.97 8.39 3.30 4.28 0.00 0.00 0.00 2.19 2.64 0.00 5.40 5.07 5.40 4.99 8231994
4.90 3.60 5.77 0.00 5.53 5.34 0.00 5.28 2.14 2.94 3.54 3.68 6.20 7.20 8.31 0.00 2.08 3.20 6.04 8.30 3.34 0.00 0.00 0.00 0.00 2.17 2.66 0.00 5.42 5.76 5.39 4.97 8245084
4.77 3.60 5.10 0.00 5.58 5.45 0.00 5.28 2.16 2.94 3.52 3.72 0.00 7.18 8.32 0.00 2.17 3.21 6.15 8.45 3.33 0.00 0.00 0.00 0.00 2.18 2.65 0.00 5.42 5.63 5.46 5.14 8258174
4.78 3.59 5.68 0.00 5.55 5.33 0.00 5.28 2.10 2.95 3.51 4.33 0.00 7.05 8.29 0.00 2.22 3.21 6.36 8.25 3.33 4.27 0.00 0.00 0.00 2.18 2.67 0.00 5.41 5.90 5.49 4.96 8271264
4.89 3.59 5.41 0.00 5.79 5.34 0.00 5.28 2.15 2.96 3.49 3.66 0.00 7.19 8.34 0.00 2.51 3.22 6.11 8.22 3.31 0.00 0.00 0.00 0.00 2.17 2.67 0.00 5.41 5.38 5.38 4.93 8284354
4.82 3.60 5.12 0.00 5.51 5.28 0.00 5.26 2.30 2.94 3.45 3.66 0.00 7.15 8.34 0.00 2.09 3.23 6.14 8.48 3.32 4.28 0.00 0.00 0.00 2.18 2.67 5.41 5.41 5.17 5.44 0.00 8297444
4.83 3.60 5.27 0.00 5.55 5.30 0.00 5.27 2.16 2.95 3.48 3.68 0.00 7.35 8.40 0.00 2.21 3.43 6.22 8.51 3.34 0.00 0.00 0.00 0.00 2.18 2.66 0.00 5.42 5.14 5.38 5.04 8310534
4.87 3.60 5.39 0.00 5.53 5.31 0.00 5.27 2.17 2.94 3.48 3.72 6.54 7.38 8.33 0.00 2.17 3.30 6.33 8.55 3.32 4.30 0.00 0.00 0.00 2.18 2.66 0.00 5.44 5.13 5.59 5.21 8323624
4.88 3.61 5.36 0.00 5.56 5.37 0.00 5.26 2.37 2.96 3.50 3.91 6.33 7.15 8.32 0.00 2.13 3.23 5.95 8.56 3.38 4.35 0.00 0.00 0.00 2.18 2.68 5.42 5.42 5.14 5.37 5.04 8336714
5.01 3.60 5.36 0.00 6.07 5.29 0.00 5.28 2.15 2.92 3.49 3.70 6.31 7.17 8.33 0.00 2.06 3.52 6.03 8.42 3.35 4.89 0.00 0.00 0.00 2.16 2.69 0.00 5.44 5.07 5.40 5.36 8349804
5.59 3.60 5.34 0.00 5.44 5.42 0.00 5.26 2.26 2.98 3.49 3.78 6.33 7.37 8.33 0.00 2.25 3.32 5.93 8.46 3.36 4.28 0.00 0.00 0.00 2.16 2.66 5.28 5.43 5.25 5.50 4.99 8362894
4.81 3.60 5.13 0.00 5.42 5.43 0.00 5.27 2.22 2.94 3.48 3.67 0.00 7.30 8.41 0.00 2.08 0.00 6.33 8.45 3.30 4.32 0.00 0.00 0.00 2.17 2.67 5.42 5.46 5.15 5.45 5.00 8375984
4.76 3.60 5.18 0.00 0.00 5.44 0.00 5.27 2.08 2.94 3.48 3.70 0.00 7.13 8.40 0.00 2.09 3.33 6.12 8.53 3.41 4.23 0.00 0.00 0.00 2.25 2.63 5.99 5.43 5.07 5.39 5.06 8389074
4.87 3.60 5.38 0.00 5.61 5.49 0.00 5.26 2.37 2.95 3.50 3.76 6.23 7.20 8.40 0.00 2.44 3.35 5.97 8.34 3.29 4.35 0.00 0.00 0.00 2.16 2.65 5.75 5.42 5.09 5.38 4.96 8402164
4.94 3.60 5.08 0.00 5.55 5.39 3.63 5.19 2.11 2.99 3.51 3.79 0.00 7.34 8.41 0.00 2.02 3.17 5.96 8.98 3.38 0.00 0.00 0.00 0.00 2.17 2.61 5.89 5.39 5.09 5.59 5.15 8415254
5.12 3.61 5.08 0.00 5.45 5.34 0.00 5.24 2.12 3.08 3.50 3.72 0.00 7.22 8.42 0.00 2.05 3.96 6.23 8.29 3.42 4.34 0.00 0.00 0.00 2.13 2.65 5.43 5.45 5.08 5.46 5.08 8428344
4.89 3.60 5.10 0.00 5.47 5.44 0.00 5.25 2.07 3.03 3.62 3.68 6.27 7.15 8.41 0.00 2.10 3.22 5.98 8.33 3.40 0.00 0.00 5.31 0.00 2.14 2.66 0.00 5.41 5.01 5.35 5.32 8441434
5.37 3.66 5.08 0.00 5.59 5.33 0.00 5.21 2.12 2.97 3.49 3.69 0.00 7.22 8.40 0.00 2.03 0.00 6.29 8.28 3.43 4.33 0.00 0.00 0.00 2.16 2.61 5.45 5.43 5.03 5.57 5.13 8454524
4.87 3.60 5.11 0.00 5.52 5.44 0.00 5.21 2.14 2.96 3.48 0.00 0.00 7.12 8.34 0.00 2.03 3.23 6.09 8.57 3.37 4.27 0.00 0.00 0.00 2.19 2.60 0.00 5.41 5.10 5.53 5.10 8467614
4.89 3.62 5.10 0.00 5.54 5.33 0.00 5.21 2.23 2.98 3.56 3.72 6.43 7.23 8.40 0.00 2.03 3.15 6.09 8.31 3.38 4.30 0.00 0.00 0.00 2.16 2.61 6.04 5.41 5.03 5.49 5.14 8480704
4.88 3.62 5.09 0.00 5.40 5.42 0.00 5.23 2.16 2.99 3.56 3.72 0.00 7.22 8.40 0.00 2.03 3.17 6.04 8.67 3.35 4.20 0.00 0.00 0.00 2.15 2.60 6.05 5.41 5.02 5.56 5.07 8493794
0.00 3.61 5.77 0.00 5.54 5.42 0.00 5.22 2.22 2.98 3.56 3.81 0.00 7.25 8.31 0.00 2.08 3.18 6.44 8.61 3.34 4.25 0.00 0.00 0.00 2.16 2.60 6.06 5.40 5.02 5.56 5.06 8506884
5.03 3.60 5.76 0.00 5.46 5.33 3.62 5.21 2.25 2.96 3.44 3.77 6.27 7.30 8.36 0.00 2.07 3.27 5.91 8.43 3.32 0.00 0.00 0.00 0.00 2.15 2.61 6.05 5.41 5.02 5.53 5.17 8519974
5.05 3.61 5.78 0.00 5.55 5.33 0.00 5.21 2.12 2.96 3.48 3.76 6.27 7.22 8.35 0.00 2.11 0.00 5.89 8.51 3.35 0.00 0.00 0.00 0.00 2.15 2.58 5.91 5.43 5.02 5.53 5.06 8533064
5.09 3.60 5.10 0.00 5.48 5.34 3.64 5.22 2.23 3.02 3.45 3.76 0.00 7.40 8.38 0.00 2.15 3.23 6.38 8.51 3.38 0.00 0.00 0.00 0.00 2.14 2.59 5.91 5.42 5.05 5.44 5.09 8546154
5.02 3.61 5.09 0.00 5.54 5.31 3.64 5.24 2.11 3.06 3.47 3.80 0.00 7.16 8.32 0.00 2.11 3.21 6.51 8.20 3.37 4.24 0.00 0.00 0.00 2.15 2.61 6.01 5.42 5.03 5.48 5.05 8559244
0.00 3.61 5.09 0.00 5.42 5.32 3.62 5.23 2.23 3.00 3.51 3.85 0.00 7.43 8.33 0.00 2.12 3.04 6.40 8.55 3.32 0.00 0.00 0.00 0.00 2.14 2.61 5.91 5.43 5.03 5.44 5.11 8572334
4.97 3.62 5.09 0.00 5.40 5.39 0.00 5.24 2.22 2.98 3.46 3.91 0.00 7.23 8.37 0.00 2.24 3.25 6.41 8.26 3.31 4.21 0.00 0.00 0.00 2.14 2.60 5.90 5.42 5.08 5.46 5.10 8585424