5.72 3.62 5.42 0.00 5.42 6.93 4.06 4.41 4.20 5.07 6.91 7.33 3.46 4.91 5.58 4.91 2.15 3.26 7.07 9.13 5.17 4.21 0.00 5.30 0.00 0.00 2.36 5.38 5.72 5.96 4.99 3.99 17338474
5.71 3.62 5.42 0.00 5.43 6.93 4.08 4.42 4.18 5.07 6.92 7.34 3.47 4.91 5.57 4.86 2.15 3.01 0.00 9.14 5.19 4.19 0.00 5.31 0.00 0.00 2.35 5.37 5.73 5.95 4.99 4.00 17351564
5.71 3.62 5.43 0.00 5.43 6.93 4.07 4.42 4.20 5.06 6.92 7.33 3.47 4.92 5.57 4.91 2.15 3.01 0.00 9.17 5.25 4.19 0.00 5.33 0.00 0.00 2.37 5.39 5.73 5.95 4.98 4.00 17364654
5.73 3.61 5.43 0.00 5.42 6.95 4.07 4.40 4.20 5.06 6.90 7.34 3.46 4.92 5.56 4.89 2.15 3.01 0.00 9.15 5.20 4.17 0.00 0.00 0.00 0.00 2.35 5.38 5.75 5.94 4.98 4.01 17377744
5.74 3.62 5.41 0.00 5.43 6.95 4.08 4.41 4.19 5.07 6.90 7.34 3.47 4.92 5.56 4.92 2.15 3.00 0.00 9.16 5.62 4.18 0.00 0.00 0.00 0.00 2.36 5.39 5.75 5.95 4.98 4.02 17390834
0.00 3.62 5.51 0.00 0.00 6.93 4.27 4.42 4.20 5.07 6.91 7.34 3.46 4.92 5.56 4.88 2.15 3.01 6.75 9.57 5.30 4.18 0.00 0.00 0.00 0.00 2.35 5.39 5.75 5.95 4.98 4.01 17403924
0.00 3.62 5.43 0.00 5.43 6.92 4.14 4.42 4.20 5.11 6.94 7.35 3.47 4.88 5.52 4.80 2.10 3.03 6.41 9.00 5.49 4.22 0.00 0.00 0.00 0.00 2.34 5.39 5.74 5.94 4.99 4.01 17417014
0.00 3.62 5.41 0.00 5.43 6.95 4.08 4.43 4.24 5.05 7.00 8.11 3.48 4.82 5.52 4.83 2.11 3.00 7.05 9.03 5.42 4.30 0.00 4.96 0.00 0.00 2.32 0.00 5.66 5.93 4.92 4.07 17430104
0.00 3.63 5.15 0.00 6.00 6.94 4.07 4.43 4.21 5.05 6.99 8.12 3.49 4.80 5.58 4.94 2.11 3.02 6.85 8.96 5.38 4.27 0.00 4.72 0.00 0.00 2.32 5.25 5.69 5.95 4.89 4.27 17443194
5.67 3.63 5.30 0.00 5.36 6.94 4.04 4.60 4.23 5.11 6.95 7.33 3.42 4.82 5.54 4.84 2.13 3.17 6.35 9.03 5.35 4.10 0.00 4.68 0.00 0.00 2.34 5.46 5.70 5.94 5.08 0.00 17456284
5.80 3.61 5.16 0.00 5.42 6.76 0.00 4.42 4.17 5.13 6.94 7.27 3.39 4.81 5.55 4.90 2.15 3.17 6.49 9.15 5.34 0.00 0.00 4.64 0.00 0.00 2.35 5.48 5.97 5.94 4.91 4.01 17469374
5.88 3.62 5.07 0.00 5.25 6.96 3.70 5.17 4.21 5.09 6.86 7.21 3.73 4.93 6.02 4.80 2.15 3.28 6.37 0.00 5.12 4.61 0.00 5.39 0.00 2.02 2.33 5.49 5.68 5.96 4.97 4.31 17482464
6.27 3.63 5.75 3.02 5.43 6.83 3.67 4.46 4.21 5.13 6.77 7.30 3.47 5.01 5.44 4.85 2.17 3.01 6.38 0.00 5.27 3.97 0.00 4.66 0.00 0.00 2.49 5.34 6.30 6.18 5.05 4.20 17495554
5.88 3.65 5.16 0.00 5.29 6.84 3.61 4.47 4.18 5.10 6.88 7.37 3.45 4.95 5.53 4.95 2.13 2.91 6.38 0.00 5.25 0.00 0.00 4.80 0.00 0.00 2.32 5.31 5.71 5.98 4.87 4.45 17508644
0.00 3.60 4.98 0.00 5.19 6.86 3.62 4.47 4.22 5.09 6.76 8.12 3.43 4.79 5.46 4.75 2.11 3.09 6.69 0.00 5.23 3.95 0.00 5.02 0.00 2.03 2.36 5.40 5.69 5.90 5.00 4.31 17521734
5.63 3.54 5.79 0.00 5.38 6.85 0.00 4.48 4.12 5.05 6.85 7.50 3.47 4.61 5.84 4.85 2.11 2.82 6.58 0.00 5.46 4.09 0.00 4.64 0.00 0.00 2.43 0.00 5.72 6.08 4.99 4.52 17534824
5.86 3.59 5.30 0.00 5.32 6.78 0.00 4.48 4.12 5.23 7.57 7.29 3.41 4.91 5.60 4.83 2.11 3.02 0.00 0.00 5.41 0.00 0.00 4.46 0.00 2.58 2.45 5.49 5.66 5.84 5.03 4.31 17547914
5.89 3.62 5.13 2.07 5.22 6.75 3.85 4.32 4.23 5.18 6.84 7.24 3.59 4.84 5.47 4.87 2.05 2.84 6.56 0.00 5.57 3.95 0.00 4.16 0.00 0.00 2.26 5.14 5.70 0.00 4.99 4.39 17561004
0.00 3.63 5.16 3.10 5.29 6.73 3.97 4.28 4.23 5.11 7.07 0.00 3.48 4.95 5.86 4.84 2.07 2.86 0.00 0.00 6.06 4.09 0.00 4.44 0.00 0.00 2.34 0.00 4.27 5.43 5.03 4.54 17574094
0.00 3.62 5.04 0.00 5.16 6.72 0.00 4.30 4.22 5.08 7.30 7.39 3.70 5.16 5.53 4.76 2.10 2.87 0.00 0.00 5.08 4.08 0.00 3.97 0.00 2.66 2.31 4.94 5.61 5.91 5.13 4.62 17587184
0.00 3.61 5.01 0.00 5.27 6.73 3.88 4.37 4.47 5.06 7.32 7.33 3.55 5.07 5.73 4.91 2.27 3.05 6.83 8.85 5.29 4.04 6.74 4.08 0.00 2.23 2.34 5.08 5.60 5.78 5.56 4.49 17600274
0.00 3.60 4.98 0.00 5.25 6.83 0.00 4.30 4.20 5.16 7.30 7.79 3.57 4.94 5.66 4.85 2.20 3.15 0.00 0.00 5.10 4.60 0.00 3.83 0.00 2.24 2.33 4.73 5.59 5.72 5.22 4.50 17613364
0.00 3.62 5.18 0.00 5.15 6.65 3.64 4.33 4.23 5.15 7.03 7.28 3.65 5.27 5.56 5.02 2.02 2.68 6.11 8.82 5.37 4.39 0.00 5.09 0.00 0.00 2.31 5.18 5.67 5.78 5.13 4.54 17626454
0.00 3.62 5.11 0.00 5.26 6.75 3.83 4.31 4.18 5.18 6.99 7.46 3.62 4.75 5.61 5.13 2.03 3.09 6.70 9.06 5.96 3.99 3.56 4.21 0.00 0.00 2.46 5.32 5.19 5.86 4.74 4.67 17639544
0.00 3.64 5.06 3.41 5.45 7.05 0.00 4.59 4.21 5.21 7.02 7.41 4.02 5.06 5.67 5.12 2.33 2.96 6.26 8.83 4.80 4.02 0.00 5.00 0.00 2.01 2.34 4.99 5.50 5.70 5.18 4.79 17652634
0.00 3.60 5.06 3.17 5.21 6.96 4.26 4.57 4.19 5.16 7.06 7.45 3.70 5.40 5.74 5.13 2.20 3.15 6.40 8.85 5.41 3.90 0.00 4.57 0.00 0.00 2.33 4.63 5.58 5.72 5.30 5.04 17665724
0.00 3.60 4.88 3.02 5.17 6.71 3.66 4.36 4.21 5.19 7.10 7.52 3.72 5.25 5.76 5.12 2.48 3.31 6.46 0.00 5.02 4.41 0.00 0.00 0.00 0.00 2.34 4.67 4.52 5.73 5.27 4.94 17678814
0.00 3.61 4.97 2.62 5.13 6.31 3.62 4.76 4.33 5.23 6.98 7.42 3.76 5.12 5.93 5.15 3.06 2.73 6.37 9.45 4.96 3.89 3.64 4.10 0.00 2.01 2.34 4.95 5.42 5.57 5.42 5.16 17691904
0.00 3.61 5.39 3.55 5.23 6.48 3.42 4.44 4.31 4.74 7.09 7.37 3.71 5.29 5.92 5.39 2.83 2.91 6.24 8.70 5.10 3.90 0.00 0.00 0.00 2.02 2.35 0.00 5.50 5.45 5.02 5.49 17704994
0.00 3.63 5.22 0.00 5.03 6.24 3.65 4.63 4.47 5.13 7.10 7.49 3.83 5.43 6.05 5.24 2.90 3.02 6.14 8.86 4.60 3.89 0.00 4.31 0.00 0.00 2.32 4.48 2.60 5.36 4.62 5.09 17718084
0.00 3.62 5.03 3.31 4.94 6.30 3.63 4.43 4.35 4.61 6.91 7.47 3.88 5.36 6.10 5.49 2.15 3.55 6.23 8.94 4.62 4.37 4.79 4.99 0.00 2.23 2.39 0.00 3.19 2.90 5.63 4.50 17731174
0.00 3.61 4.95 0.00 4.98 5.34 4.08 4.80 4.28 5.20 6.99 7.50 4.36 5.35 6.04 5.43 2.22 2.93 6.30 8.90 3.98 3.97 2.78 4.17 0.00 2.13 2.29 0.00 3.33 3.66 5.79 5.23 17744264
0.00 3.62 4.98 3.49 4.98 5.24 3.84 4.21 4.29 4.70 7.07 7.80 3.89 5.48 6.23 5.44 2.20 3.10 6.85 8.79 4.54 4.14 4.96 4.49 0.00 2.67 2.25 4.74 4.02 4.18 4.73 5.22 17757354
0.00 3.54 5.54 2.75 4.79 5.79 3.58 4.82 4.32 5.27 7.22 7.65 4.02 5.52 6.31 5.47 2.10 2.96 6.25 8.83 4.20 4.01 2.55 4.89 0.00 0.00 2.35 4.05 3.19 5.34 6.04 5.01 17770444
0.00 3.60 5.17 2.55 4.72 4.64 3.57 4.48 4.43 4.83 7.09 7.69 3.89 5.80 6.34 5.69 2.10 2.65 6.45 8.74 4.16 3.72 2.45 4.37 0.00 0.00 2.27 3.79 3.10 3.20 5.18 5.21 17783534
0.00 3.58 5.18 2.93 4.73 5.23 3.51 3.84 4.31 5.27 7.11 8.12 4.16 5.60 6.37 5.86 2.13 2.93 6.44 8.85 3.08 3.86 3.52 3.87 0.00 2.12 2.30 4.05 2.83 2.93 3.25 5.17 17796624
5.74 3.32 5.38 3.04 4.39 4.54 3.27 3.57 4.32 4.23 7.15 7.74 3.62 3.32 6.55 5.95 2.18 2.80 6.66 8.71 4.31 3.90 3.51 4.37 0.00 2.02 2.41 3.29 3.53 4.35 4.82 5.28 17809714
0.00 3.56 5.42 2.55 4.77 4.49 2.16 2.82 3.87 2.27 7.20 7.67 3.33 4.94 6.62 6.08 2.11 2.71 6.22 8.54 3.96 3.91 2.57 3.35 0.00 0.00 2.32 3.78 3.19 3.24 4.64 2.46 17822804
0.00 2.94 5.35 2.33 4.28 3.75 3.55 3.56 4.31 2.91 3.90 7.74 4.36 4.58 6.99 6.08 2.20 3.16 6.41 8.79 3.28 3.98 3.59 2.25 0.00 2.02 2.29 3.60 3.16 3.21 4.31 3.50 17835894
0.00 3.41 5.05 2.81 4.41 4.02 3.57 3.28 4.04 2.78 7.55 7.84 4.06 6.38 6.84 6.32 2.08 3.09 6.27 8.90 3.64 3.86 2.59 2.10 0.00 0.00 2.31 3.26 2.78 3.45 2.56 4.87 17848984
0.00 2.47 5.04 2.70 3.96 4.00 2.70 2.90 4.04 3.81 7.42 3.99 4.50 6.34 7.06 6.34 2.12 3.10 6.53 8.61 3.46 4.53 3.61 3.01 0.00 2.25 2.32 2.99 2.76 3.04 5.74 4.74 17862074
5.56 3.21 5.17 3.23 3.69 4.20 2.52 3.54 3.90 3.68 6.87 7.98 4.53 3.17 7.18 6.59 2.20 3.29 6.84 8.82 3.93 3.91 2.43 3.23 0.00 0.00 2.38 3.07 2.66 2.88 4.87 5.17 17875164
0.00 3.00 4.73 2.33 3.65 3.81 2.86 2.27 4.22 3.26 7.36 0.00 4.46 4.40 7.20 6.65 2.36 3.08 6.41 8.67 3.67 3.95 2.37 2.22 0.00 2.04 2.36 2.70 2.73 3.27 3.11 5.14 17888254
0.00 3.59 5.11 2.51 3.65 3.67 2.50 2.83 3.92 2.52 5.74 0.00 4.41 4.95 7.33 3.41 2.05 3.11 5.89 8.91 3.71 4.02 3.72 3.01 0.00 0.00 2.37 2.51 2.70 2.91 5.91 5.01 17901344
5.97 3.39 4.29 2.47 3.59 3.43 2.77 2.24 4.15 2.51 6.33 0.00 4.78 3.53 7.50 7.18 2.15 2.81 6.56 0.00 3.16 4.05 3.74 3.42 0.00 0.00 2.35 2.60 2.46 2.98 5.27 5.10 17914434
0.00 3.34 5.33 2.70 3.58 3.68 2.52 3.81 3.52 3.72 7.35 3.17 5.19 3.33 7.39 7.32 2.13 3.27 6.12 8.61 2.27 4.48 2.33 2.65 0.00 2.25 2.41 2.68 2.64 2.77 5.18 5.45 17927524
0.00 2.88 5.12 2.03 4.13 3.45 2.65 3.90 2.53 3.31 3.58 7.77 5.59 6.19 7.70 4.44 2.10 3.16 6.84 9.30 3.12 4.01 3.00 2.15 0.00 0.00 2.36 2.54 2.50 2.80 3.72 3.89 17940614
4.41 3.24 5.07 2.33 3.63 3.56 2.37 3.72 4.18 2.33 6.13 0.00 4.80 4.37 8.30 7.78 2.13 3.19 6.50 8.78 3.19 4.11 2.82 3.86 0.00 2.02 2.37 2.75 2.47 2.80 3.26 4.93 17953704
2.23 3.52 5.84 2.56 3.65 3.56 2.55 2.87 4.21 2.29 7.60 0.00 5.24 5.11 8.15 7.95 2.15 2.93 6.25 8.62 3.26 0.00 2.46 3.28 0.00 2.12 2.47 2.55 2.49 2.87 5.16 5.02 17966794
0.00 3.56 5.16 2.43 3.59 3.52 2.67 3.98 3.32 4.11 7.44 0.00 5.17 3.99 8.09 7.78 2.14 3.74 6.45 8.92 2.82 3.95 2.50 3.87 0.00 2.00 2.52 2.59 2.48 2.76 4.80 0.00 17979884
0.00 3.64 5.11 2.69 3.64 3.49 2.45 4.05 4.77 4.03 7.24 0.00 5.07 6.15 8.39 7.80 2.04 3.20 6.49 8.17 2.17 4.04 6.84 5.00 0.00 0.00 2.54 2.46 2.53 2.85 5.58 4.87 17992974
0.00 3.49 5.26 2.41 3.58 3.54 2.87 4.05 3.75 4.02 7.41 0.00 5.19 5.35 8.26 7.92 2.04 3.19 6.24 8.55 3.09 4.50 0.00 0.00 0.00 0.00 2.66 2.56 2.46 2.79 5.41 5.09 18006064
0.00 3.59 5.11 2.67 3.65 3.47 2.76 4.15 4.60 5.08 7.33 7.91 5.24 3.22 0.00 8.06 2.37 3.22 6.35 8.74 3.20 4.05 5.29 4.40 0.00 2.31 2.59 2.50 2.88 2.92 4.61 4.96 18019154
4.60 3.53 5.20 3.00 3.75 3.53 2.56 4.28 4.31 4.89 6.97 0.00 5.84 4.53 8.47 8.22 2.12 3.38 5.63 8.63 3.27 0.00 0.00 3.45 0.00 2.25 2.64 2.46 2.51 2.93 4.74 4.82 18032244
0.00 3.60 4.95 3.05 3.66 3.52 2.95 4.53 3.93 4.16 6.45 0.00 5.47 6.00 8.43 8.41 2.28 3.22 6.41 8.25 2.82 4.07 2.11 3.63 0.00 2.11 2.65 2.51 2.56 2.89 3.28 4.63 18045334
0.00 3.60 5.02 2.81 3.59 3.47 3.01 4.36 4.59 2.44 7.34 7.86 5.51 6.04 8.73 0.00 2.07 3.24 6.69 8.59 3.13 4.00 3.40 4.18 0.00 2.37 2.59 2.62 2.60 2.87 5.26 4.98 18058424
0.00 3.49 4.99 2.89 3.51 3.53 3.14 3.94 4.66 4.56 7.48 7.88 5.60 6.34 8.31 8.55 2.14 3.11 6.52 8.58 3.18 4.07 0.00 4.45 0.00 2.10 2.61 2.53 2.42 2.92 4.23 4.69 18071514
0.00 3.57 5.30 3.32 3.61 3.49 3.12 4.24 4.74 6.06 7.46 8.12 6.07 6.43 8.44 8.17 2.26 3.12 6.44 8.31 2.81 4.05 3.82 4.38 0.00 2.63 2.57 3.04 2.53 2.89 5.32 4.78 18084604
0.00 3.59 5.34 2.77 3.60 3.50 3.18 4.71 4.86 4.50 7.35 0.00 5.63 6.29 8.38 8.74 2.23 3.12 7.10 8.62 3.11 4.14 4.35 4.46 0.00 2.41 2.49 2.58 2.55 3.01 5.29 4.77 18097694
0.00 3.63 5.23 3.15 3.63 3.50 3.26 4.74 4.81 6.04 7.90 8.10 5.55 6.44 8.41 8.36 2.17 3.16 6.54 8.57 3.17 4.17 4.37 4.64 0.00 2.07 2.59 2.41 2.57 2.99 5.32 4.90 18110784
0.00 3.59 5.16 2.98 3.65 3.50 3.47 4.79 4.78 6.03 7.34 7.77 5.59 6.51 8.57 0.00 2.10 3.38 6.76 8.43 3.14 4.10 0.00 4.71 0.00 0.00 2.57 2.56 2.61 3.06 5.20 0.00 18123874
0.00 3.62 5.14 0.00 3.63 3.52 3.42 4.76 5.11 6.00 7.26 0.00 5.53 6.28 8.31 0.00 2.06 3.11 6.25 8.78 2.84 4.17 0.00 4.46 0.00 2.17 2.59 2.40 2.67 3.07 5.25 5.41 18136964
0.00 3.63 5.24 3.36 3.69 3.51 3.50 4.64 4.67 3.98 7.29 0.00 5.52 6.65 8.44 0.00 2.08 3.51 6.35 8.34 3.23 4.34 0.00 3.67 0.00 2.02 2.34 2.54 2.63 3.00 5.32 4.75 18150054
0.00 3.62 5.34 3.47 3.66 3.57 3.51 4.71 4.94 5.88 7.71 0.00 5.59 6.58 8.32 0.00 2.13 3.15 6.32 0.00 3.14 4.12 0.00 5.54 0.00 2.05 2.32 2.41 2.65 3.00 5.26 4.69 18163144
0.00 3.61 5.25 2.58 3.65 3.59 3.66 4.53 4.90 6.07 7.24 7.76 6.32 6.58 8.32 0.00 2.14 3.19 6.35 8.61 3.08 4.17 0.00 4.07 0.00 0.00 2.25 2.43 2.60 3.01 5.24 4.59 18176234
0.00 3.62 5.29 0.00 3.77 3.54 3.60 4.72 4.78 6.12 7.28 7.70 5.71 6.47 8.42 0.00 2.18 3.16 6.42 8.19 3.24 4.76 0.00 4.91 0.00 0.00 2.05 2.77 2.71 3.11 5.28 4.68 18189324
0.00 3.62 5.20 0.00 3.67 3.56 3.51 4.94 4.91 6.14 7.37 7.88 5.54 6.57 8.39 0.00 2.16 3.24 6.56 8.53 3.02 4.36 0.00 4.17 0.00 0.00 2.14 2.62 2.62 3.08 5.32 4.75 18202414
0.00 3.63 5.16 0.00 3.66 3.70 3.95 4.74 4.90 6.04 7.37 7.66 5.57 7.02 8.29 0.00 2.14 3.11 6.45 8.67 3.10 0.00 0.00 5.11 0.00 2.03 2.12 2.47 2.63 3.07 5.15 4.71 18215504
0.00 3.61 5.13 2.94 3.71 3.62 3.65 4.78 4.74 6.07 7.27 7.87 5.62 6.57 8.40 0.00 2.11 3.17 6.86 8.82 3.20 0.00 3.46 5.15 0.00 2.11 2.27 2.46 2.58 2.98 5.17 4.67 18228594
0.00 3.62 5.12 3.22 4.04 3.66 3.54 4.92 4.80 6.26 7.47 7.68 5.63 6.64 8.42 0.00 2.19 3.38 6.58 8.30 3.12 4.30 0.00 4.06 0.00 0.00 2.19 2.48 2.60 2.99 5.15 4.89 18241684
0.00 3.63 5.30 0.00 3.68 3.49 3.66 4.97 5.06 6.17 7.38 7.95 5.70 6.61 8.56 0.00 2.13 3.20 6.59 8.53 3.10 4.09 0.00 4.90 0.00 0.00 2.07 2.52 2.59 2.96 5.14 4.68 18254774
0.00 3.62 5.10 2.64 3.67 3.52 3.49 4.96 4.82 6.11 7.31 7.69 5.84 6.45 8.44 0.00 2.14 3.24 6.25 8.63 3.07 4.09 0.00 4.87 0.00 0.00 2.11 2.59 2.62 2.96 5.15 4.65 18267864
5.79 3.63 5.32 2.76 3.71 3.51 3.66 4.74 5.01 6.11 7.31 7.70 5.92 6.50 8.45 0.00 2.10 3.34 6.74 0.00 3.05 4.09 0.00 0.00 0.00 0.00 2.13 2.64 2.58 3.11 5.21 4.50 18280954
0.00 3.56 5.28 0.00 3.71 3.46 3.63 5.01 4.76 4.43 7.26 8.10 5.84 6.55 8.29 0.00 2.11 3.21 6.51 8.25 3.05 4.16 0.00 4.88 0.00 0.00 2.18 2.52 2.52 2.94 5.40 4.63 18294044
5.93 3.21 5.09 2.91 3.69 3.59 3.62 4.73 4.73 6.17 7.38 7.66 5.80 6.57 8.43 8.45 2.11 3.54 6.46 8.34 3.04 4.09 0.00 4.39 0.00 0.00 2.12 2.69 2.53 3.00 5.24 4.72 18307134
6.05 3.62 4.98 2.74 3.70 3.50 0.00 4.73 4.76 4.86 7.19 0.00 5.95 6.51 8.36 0.00 2.15 0.00 6.64 8.33 3.03 4.60 0.00 0.00 0.00 0.00 2.15 3.29 2.53 2.95 4.79 4.17 18320224
5.59 3.56 5.34 3.06 3.79 3.52 3.61 5.02 4.90 6.15 7.36 0.00 5.87 6.47 8.36 0.00 2.10 3.22 6.66 8.70 3.13 4.12 0.00 3.47 0.00 0.00 2.08 2.54 2.52 2.90 5.02 4.20 18333314
5.79 3.53 5.13 0.00 3.85 3.53 3.79 4.76 4.83 4.82 7.30 7.70 5.87 6.63 8.47 0.00 2.04 3.46 7.06 8.28 3.05 4.13 0.00 4.97 0.00 0.00 2.05 2.84 2.47 2.92 4.77 4.75 18346404
5.75 3.64 5.07 2.88 3.82 3.56 2.22 4.44 4.80 5.18 7.43 7.72 6.55 6.33 8.35 0.00 2.17 3.59 6.44 8.62 2.96 4.16 0.00 4.12 0.00 0.00 2.12 2.49 2.27 2.93 5.13 4.19 18359494
5.75 2.80 5.29 2.87 3.89 3.54 3.57 4.54 4.99 6.14 7.39 7.86 6.07 6.69 8.34 0.00 2.10 3.21 6.83 0.00 3.11 4.11 0.00 0.00 0.00 2.27 2.10 2.49 2.43 2.91 4.56 4.26 18372584
5.81 3.46 4.91 2.73 3.87 3.71 3.50 4.45 5.02 3.84 7.21 7.70 6.11 6.66 8.42 0.00 2.10 0.00 6.47 8.94 3.01 4.22 0.00 5.03 0.00 2.20 2.18 2.49 2.30 2.97 5.12 4.21 18385674
5.49 3.03 5.13 2.19 3.95 3.60 3.17 4.62 4.79 3.39 7.32 7.67 6.16 4.88 8.43 0.00 2.08 3.35 6.57 8.67 3.01 4.31 0.00 4.49 0.00 2.31 2.08 2.59 2.31 2.97 4.89 4.22 18398764
5.45 3.28 4.97 2.54 4.09 3.18 2.55 4.42 4.32 4.17 7.49 7.63 6.20 6.68 8.38 0.00 2.04 3.07 6.58 8.66 3.08 4.03 3.99 4.68 0.00 2.27 2.07 2.50 2.26 2.91 4.99 3.78 18411854
5.04 2.24 5.00 2.89 4.05 3.77 2.33 3.48 4.99 5.48 7.35 7.60 6.39 6.75 8.38 0.00 2.25 3.26 7.04 0.00 2.96 4.22 0.00 4.47 0.00 2.02 2.19 2.47 2.39 3.02 4.07 3.95 18424944
4.45 3.23 5.06 2.72 4.10 3.83 3.45 3.70 4.70 4.09 7.36 7.41 6.31 2.68 8.46 0.00 2.03 3.28 0.00 8.37 3.00 4.76 10.00 3.61 0.00 0.00 2.07 2.55 2.38 2.99 4.22 3.55 18438035
5.23 3.21 5.06 2.46 4.22 3.86 3.91 3.52 3.81 2.36 7.58 7.58 6.16 5.46 8.41 0.00 2.07 3.21 6.46 8.39 3.33 4.08 5.18 2.31 0.00 0.00 2.14 2.61 2.33 2.96 4.66 3.47 18451124
3.22 2.76 4.81 3.08 4.19 3.80 2.45 3.26 5.25 2.80 6.71 7.37 6.42 6.14 8.38 0.00 2.61 3.52 6.52 8.29 3.43 4.20 3.84 4.17 0.00 2.50 2.04 2.74 2.36 2.98 2.68 3.64 18464214
5.25 3.43 5.02 2.48 4.32 3.82 3.78 3.31 4.34 2.72 6.03 6.31 6.54 4.96 8.47 0.00 2.12 3.23 6.33 8.76 3.01 0.00 0.00 4.74 0.00 2.09 2.09 2.35 2.41 3.01 4.48 3.34 18477304
4.97 3.45 5.05 2.34 4.29 3.78 3.87 3.45 3.71 3.02 6.70 7.24 6.30 7.02 8.42 0.00 2.17 3.24 6.69 8.64 2.99 4.28 2.90 3.49 0.00 0.00 2.10 2.50 2.32 3.07 3.47 3.39 18490394
4.88 3.50 5.23 2.98 4.28 3.43 3.48 3.43 5.11 2.28 6.46 7.29 0.00 3.52 8.42 0.00 2.03 3.30 6.10 8.62 2.94 0.00 2.88 4.77 0.00 2.37 2.08 2.49 2.26 2.97 3.86 3.18 18503484
5.18 3.45 5.22 3.00 4.39 3.59 3.79 3.26 2.15 5.35 7.07 7.14 6.36 5.86 8.29 0.00 2.03 3.25 6.69 9.01 3.17 4.22 2.61 0.00 0.00 2.18 2.10 2.43 2.41 2.78 3.99 3.08 18516574
5.00 3.54 5.13 2.47 4.51 4.20 2.83 3.38 3.64 2.22 7.12 7.12 0.00 6.48 8.55 0.00 2.10 3.31 6.49 9.27 2.97 4.21 5.00 2.83 0.00 0.00 2.14 2.38 2.29 2.96 3.63 2.69 18529664
5.05 3.54 5.12 3.27 4.39 4.20 3.63 3.28 2.98 2.98 7.07 7.17 6.36 6.30 8.42 0.00 2.02 3.31 6.54 8.59 3.01 4.28 3.10 0.00 0.00 2.19 2.22 2.31 2.43 3.01 3.68 2.51 18542754
5.48 3.55 5.22 2.98 4.57 4.27 3.45 3.20 5.02 4.22 7.11 7.04 6.47 5.41 7.86 0.00 2.07 3.33 0.00 8.45 2.89 4.08 3.56 5.49 0.00 0.00 2.19 2.65 2.45 3.10 2.36 2.64 18555844
5.26 3.46 5.05 2.86 4.49 4.20 2.92 3.33 3.94 3.17 7.21 7.14 6.18 5.84 8.42 0.00 2.10 3.26 3.27 8.40 2.56 4.67 2.57 4.43 0.00 2.24 2.17 2.48 2.36 3.02 3.39 2.71 18568934
4.93 3.48 4.97 0.00 4.52 4.26 3.45 3.22 4.61 5.16 7.11 7.30 0.00 6.78 8.48 8.17 2.11 3.38 6.92 8.49 2.88 4.29 4.43 2.20 0.00 2.32 2.18 2.43 2.42 3.00 3.51 2.66 18582024
5.38 3.57 5.07 2.47 4.60 4.43 3.62 3.22 4.71 5.42 7.08 6.90 0.00 6.76 8.42 0.00 2.02 2.97 0.00 8.60 3.03 0.00 0.00 4.62 0.00 2.61 2.30 2.45 2.37 3.02 3.26 2.66 18595114
4.88 3.54 4.88 3.33 4.58 4.45 3.74 3.23 3.75 2.95 7.07 6.98 0.00 6.24 8.33 0.00 2.16 3.07 6.53 0.00 2.88 4.53 9.97 2.35 0.00 2.54 2.18 2.46 2.34 3.01 3.19 2.58 18608204
4.93 3.44 4.98 2.83 4.66 4.61 3.30 3.28 4.17 4.49 7.11 6.97 0.00 6.85 8.85 0.00 2.27 3.13 6.49 8.73 2.89 4.39 9.96 5.50 0.00 0.00 2.35 2.44 2.42 3.01 3.27 2.72 18621294
5.39 3.48 4.95 2.73 4.68 4.62 3.58 3.30 5.20 3.54 7.05 6.86 0.00 6.75 8.33 0.00 2.22 3.18 6.61 8.31 2.98 4.25 0.00 4.79 0.00 2.54 2.27 2.45 2.47 3.05 3.16 2.72 18634384
5.31 3.55 5.10 3.16 4.70 4.64 3.58 3.25 5.25 5.94 7.05 6.91 0.00 6.78 8.25 0.00 0.00 3.13 6.55 8.38 2.91 0.00 0.00 4.69 0.00 0.00 2.32 0.00 2.33 3.03 3.01 2.66 18647474
5.50 3.63 5.05 2.98 4.79 4.61 3.67 3.45 5.58 6.57 7.05 6.98 0.00 6.77 8.18 0.00 2.82 3.15 6.61 8.96 2.99 4.72 0.00 2.83 0.00 2.01 2.18 2.53 2.43 3.03 2.83 2.67 18660564
5.58 3.51 5.03 0.00 5.01 4.61 3.66 3.34 5.23 6.70 7.05 6.96 6.47 6.74 8.36 0.00 2.12 3.12 7.20 8.40 3.08 4.57 0.00 3.93 0.00 0.00 2.23 2.34 2.60 3.02 2.97 2.73 18673654
5.72 3.57 4.84 3.15 4.70 4.71 3.56 3.37 5.13 6.86 7.51 6.92 0.00 6.69 8.30 0.00 2.72 3.20 6.46 8.68 3.12 4.21 0.00 4.86 0.00 2.03 2.28 2.41 2.36 3.28 3.04 2.77 18686744
5.90 3.60 4.81 2.74 4.77 4.65 3.51 3.55 0.00 6.73 7.09 6.94 6.41 6.69 8.35 0.00 2.44 3.65 6.48 9.18 3.00 4.16 0.00 5.06 0.00 2.28 2.23 2.34 2.35 3.10 2.75 2.69 18699834
5.81 3.61 4.98 3.05 4.71 4.67 3.94 3.30 0.00 6.70 7.01 7.14 6.47 6.67 8.28 0.00 2.06 3.12 6.25 8.28 3.01 4.29 0.00 4.38 0.00 0.00 2.37 2.27 2.38 3.08 2.82 2.71 18712924
0.00 3.61 4.98 0.00 4.85 4.71 3.49 3.41 5.18 6.73 7.11 6.95 0.00 6.76 8.25 0.00 2.01 3.16 6.56 8.64 2.98 4.40 0.00 4.43 0.00 0.00 2.23 2.41 2.36 3.17 2.82 2.80 18726014
5.52 3.63 4.99 0.00 4.65 4.70 3.78 3.57 0.00 6.78 7.05 6.86 0.00 6.75 8.23 8.27 2.29 3.01 6.50 8.44 2.97 0.00 0.00 0.00 0.00 2.10 2.26 2.27 2.45 3.20 2.92 2.71 18739104
5.46 3.61 4.88 0.00 4.77 4.78 3.63 3.41 0.00 6.78 7.09 6.88 0.00 6.75 8.56 0.00 2.35 3.04 6.30 8.73 2.94 4.91 0.00 5.15 0.00 2.34 2.28 2.37 2.41 3.18 3.11 2.69 18752194
0.00 3.60 5.07 2.80 4.68 4.75 3.53 3.50 5.23 6.72 7.03 6.86 0.00 6.75 8.22 0.00 2.57 3.16 6.44 8.46 2.95 4.41 0.00 4.11 0.00 2.07 2.24 2.31 2.43 3.17 3.00 2.74 18765284
0.00 3.62 4.92 0.00 4.73 4.73 3.52 3.30 5.14 6.31 7.08 6.92 0.00 6.69 8.37 0.00 2.88 3.26 6.15 9.02 3.02 4.27 0.00 0.00 0.00 2.10 2.30 2.58 2.43 3.16 3.01 2.71 18778374
0.00 3.61 4.73 0.00 4.94 4.80 3.52 3.30 0.00 6.77 7.04 7.07 0.00 6.66 8.13 0.00 2.41 3.09 6.20 8.54 2.87 4.25 0.00 4.51 0.00 2.24 2.21 2.43 2.36 3.17 2.87 2.93 18791464
0.00 3.63 4.79 3.38 4.72 4.77 3.65 3.41 5.17 6.84 7.09 6.91 0.00 6.70 8.19 0.00 0.00 3.10 6.61 8.38 2.94 4.26 0.00 0.00 0.00 0.00 2.21 2.56 2.53 3.31 2.89 2.67 18804554
0.00 3.61 4.88 2.97 4.71 4.89 3.58 3.52 0.00 6.77 7.06 6.91 0.00 6.67 8.22 0.00 0.00 3.33 6.60 8.50 2.97 4.33 0.00 4.67 0.00 0.00 2.22 2.54 2.76 3.31 2.90 2.72 18817644
0.00 3.63 4.82 0.00 4.73 4.88 3.58 3.48 5.17 6.75 7.06 6.84 0.00 6.68 8.28 0.00 2.95 3.19 6.40 8.49 2.88 4.40 0.00 5.18 0.00 0.00 2.21 2.26 2.45 3.30 2.75 2.61 18830734
0.00 3.62 4.81 3.55 5.10 4.85 3.52 3.45 0.00 6.73 7.02 6.94 0.00 6.60 8.22 0.00 0.00 3.10 6.42 8.39 2.86 4.36 0.00 4.47 0.00 0.00 2.36 2.37 2.45 3.21 2.90 2.65 18843824
0.00 3.63 4.82 3.23 5.63 5.10 3.53 3.32 5.23 5.97 7.11 6.96 0.00 6.71 8.04 0.00 0.00 3.07 7.02 9.03 2.88 0.00 0.00 4.73 0.00 0.00 2.18 2.57 2.57 3.22 2.68 2.72 18856914
0.00 3.60 4.86 3.30 4.82 4.91 3.56 3.31 0.00 6.75 7.03 7.03 0.00 6.66 8.10 0.00 2.56 2.99 6.29 8.47 3.09 4.16 0.00 0.00 0.00 0.00 2.23 2.37 2.47 3.19 2.70 2.64 18870004
0.00 3.62 4.78 4.91 4.78 4.93 3.55 3.36 5.13 6.75 7.08 7.13 6.60 6.86 8.15 0.00 2.06 3.32 6.43 8.45 3.13 4.27 0.00 4.70 0.00 0.00 2.32 2.26 2.57 3.31 2.59 2.65 18883094
0.00 3.62 4.79 0.00 4.77 5.06 3.44 3.41 5.24 6.56 7.03 6.81 0.00 6.88 8.08 0.00 2.53 3.15 6.20 8.83 2.96 4.25 0.00 4.46 0.00 2.07 2.31 2.38 2.49 3.26 2.57 2.67 18896184
0.00 3.62 5.01 0.00 4.89 4.23 3.46 3.47 0.00 6.79 7.26 6.78 0.00 6.86 8.14 0.00 0.00 3.08 6.29 8.52 2.86 4.21 0.00 4.09 0.00 0.00 2.43 2.33 2.58 3.28 2.69 2.83 18909274
0.00 3.63 5.11 0.00 4.92 5.00 3.21 3.48 0.00 6.82 7.16 6.81 6.60 6.68 8.21 0.00 2.20 3.04 6.13 8.47 2.86 4.26 0.00 4.52 0.00 2.05 2.43 2.28 2.46 3.26 2.54 2.68 18922364
0.00 3.60 5.20 0.00 4.91 5.16 4.01 3.44 5.17 6.51 7.06 6.84 0.00 7.06 8.67 0.00 0.00 0.00 6.10 8.58 2.94 4.43 0.00 4.66 0.00 2.06 2.42 2.24 2.54 3.34 2.50 2.68 18935454
5.52 3.61 5.09 3.02 4.93 5.21 3.46 3.51 5.55 4.80 7.06 6.84 0.00 6.70 7.92 0.00 2.10 3.15 6.22 8.75 2.91 4.23 0.00 3.74 0.00 2.22 2.53 2.24 2.68 3.34 2.61 2.70 18948544
0.00 3.61 5.18 0.00 5.03 5.06 3.56 3.35 0.00 5.58 7.00 6.91 6.17 6.64 8.29 0.00 2.05 3.13 6.67 8.43 2.90 4.87 0.00 3.71 0.00 2.15 2.64 2.43 2.60 3.28 2.50 2.83 18961634
0.00 3.61 5.16 0.00 5.02 4.40 3.36 3.53 3.94 3.75 0.00 6.72 6.35 6.77 8.13 0.00 2.03 3.20 6.36 8.41 2.89 4.44 0.00 4.58 0.00 2.57 2.69 2.59 2.65 3.32 2.52 2.82 18974724
0.00 3.65 5.15 0.00 5.02 5.33 3.48 3.35 5.16 5.98 6.99 6.68 6.38 6.67 8.11 0.00 2.38 3.06 6.33 8.46 2.85 4.71 0.00 3.27 0.00 2.06 2.67 2.20 2.72 3.44 2.50 2.79 18987814
0.00 3.60 5.09 3.23 5.13 5.31 3.01 3.45 0.00 4.10 7.11 6.68 0.00 5.66 8.16 0.00 2.12 3.20 6.40 8.75 2.86 4.53 4.29 0.00 0.00 0.00 2.64 2.27 2.72 3.49 2.45 2.88 19000904
5.40 3.60 5.10 2.99 5.09 4.82 3.42 3.55 4.56 2.70 6.91 6.59 6.44 6.88 8.17 0.00 2.01 3.15 6.54 8.69 2.91 4.86 3.36 5.01 0.00 2.02 2.53 2.16 2.42 3.52 2.48 2.86 19013994
0.00 3.61 5.07 3.04 5.29 4.14 3.38 3.81 3.51 3.24 6.39 6.75 0.00 6.30 8.05 8.47 2.39 2.97 6.51 8.86 2.90 4.75 3.29 0.00 0.00 2.25 2.41 2.20 2.73 3.67 2.41 2.90 19027084
5.88 3.63 5.14 3.06 5.43 4.76 3.24 3.67 5.21 4.78 6.22 6.64 0.00 3.13 8.15 8.43 2.80 3.29 6.43 8.56 2.94 5.08 2.30 0.00 0.00 2.13 2.49 2.30 2.62 3.01 2.34 2.76 19040174
0.00 3.57 5.13 2.98 5.49 5.04 2.85 3.73 5.15 3.01 6.06 6.82 6.24 5.59 8.22 8.50 2.15 3.16 6.38 8.61 2.82 4.55 3.41 4.46 0.00 2.09 2.46 2.37 2.94 3.56 2.34 2.70 19053264
2.75 3.60 3.72 2.59 5.76 3.93 3.38 3.68 5.20 3.26 6.19 6.66 2.20 6.28 8.38 0.00 2.42 3.12 6.04 8.38 2.93 4.66 0.00 3.73 0.00 2.10 2.51 2.29 2.65 3.11 2.27 2.56 19066354
2.94 3.56 5.24 2.67 5.80 5.67 3.10 3.59 5.21 2.66 5.09 6.68 5.86 4.32 8.21 0.00 2.00 3.16 6.72 8.51 2.47 4.78 2.44 4.54 0.00 2.66 2.52 2.64 2.77 2.39 2.31 2.71 19079444
3.61 3.49 0.00 2.38 5.54 2.35 3.16 3.83 2.50 4.09 6.82 6.57 6.15 3.45 7.84 0.00 2.06 3.10 0.00 8.60 3.00 0.00 4.38 3.66 0.00 2.27 2.64 2.71 2.83 3.62 2.46 2.67 19092534
5.21 3.58 5.47 2.99 5.55 4.75 3.15 3.89 3.74 2.43 4.75 6.65 5.81 6.61 8.20 0.00 2.17 3.14 3.17 8.64 2.85 4.49 3.50 3.82 0.00 2.52 2.61 2.43 2.73 2.96 2.15 2.68 19105624
0.00 3.50 4.98 2.88 6.17 4.99 3.20 4.11 4.45 2.93 3.88 6.68 5.76 5.78 8.22 6.86 2.14 2.83 5.90 8.55 2.82 4.67 3.23 4.68 0.00 2.15 2.62 2.49 2.65 3.47 2.41 2.56 19118714
0.00 3.64 5.25 0.00 6.20 5.27 3.10 4.06 2.95 3.22 3.32 6.52 5.70 3.82 6.54 0.00 2.15 2.83 5.91 9.11 2.99 4.56 2.39 2.39 0.00 2.27 2.79 2.41 2.63 3.51 2.37 2.58 19131804
0.00 3.59 5.30 3.10 3.68 5.98 3.14 3.94 5.20 2.45 6.26 6.62 5.98 5.33 5.40 0.00 2.31 2.84 5.21 9.01 2.80 4.44 2.93 2.86 0.00 2.37 2.80 2.39 2.14 3.58 2.43 2.62 19144894
0.00 3.54 5.15 0.00 6.40 6.40 3.20 4.00 3.02 5.49 6.52 6.52 5.68 5.37 7.79 8.16 2.23 3.00 6.92 8.55 3.15 4.73 4.37 4.48 0.00 2.49 2.81 2.21 2.51 3.47 2.42 2.68 19157984
0.00 3.62 5.04 2.69 6.23 4.57 3.11 3.91 3.37 2.72 6.59 6.47 6.35 6.38 2.82 0.00 2.04 3.08 6.44 8.70 3.60 4.81 2.22 4.03 0.00 2.55 2.74 2.22 2.59 2.22 2.40 2.58 19171074
0.00 3.51 4.89 2.77 6.32 6.41 3.10 4.02 5.19 5.22 6.58 0.00 5.87 6.45 7.81 8.30 2.21 3.15 0.00 0.00 2.91 4.59 3.89 4.51 0.00 2.47 2.93 2.32 2.55 3.14 2.41 2.61 19184164
0.00 3.63 5.15 3.30 6.33 5.12 2.73 3.72 5.24 3.23 6.74 6.51 5.79 6.47 0.00 8.13 2.06 2.89 6.00 8.63 2.96 4.96 5.56 4.21 0.00 2.43 2.83 2.34 2.65 3.51 2.37 3.07 19197254
5.70 3.42 5.03 2.63 6.13 6.27 3.05 4.09 4.45 5.56 7.28 7.16 5.52 5.58 7.49 8.09 2.17 3.10 6.61 8.54 2.99 0.00 7.50 4.57 0.00 2.68 3.03 2.35 2.75 3.45 2.46 2.63 19210344
5.98 3.50 4.86 2.93 5.92 6.30 3.09 3.94 5.20 2.88 6.59 6.50 5.64 5.89 7.72 0.00 2.20 3.11 6.43 9.26 2.52 0.00 2.58 4.71 0.00 2.58 3.15 2.36 2.55 3.65 2.37 2.60 19223434
0.00 3.62 4.87 2.39 5.74 6.39 2.97 3.98 5.09 3.23 6.56 6.46 5.61 6.43 7.56 7.91 2.03 3.44 5.96 8.55 3.19 0.00 7.34 4.46 0.00 2.75 3.40 2.32 2.68 3.35 2.36 2.55 19236524
0.00 3.60 4.89 3.22 5.70 6.26 3.14 3.97 5.19 4.28 6.59 6.53 6.13 6.48 7.57 0.00 2.30 2.91 6.04 8.64 2.88 4.56 3.68 4.83 0.00 3.33 3.21 2.68 2.53 2.84 2.41 2.63 19249614
0.00 3.64 4.99 3.25 5.32 6.10 3.14 3.91 5.09 4.55 6.61 7.05 5.49 6.35 7.54 8.09 2.11 2.93 5.69 8.61 3.17 4.85 2.69 4.86 0.00 2.78 3.01 2.36 2.58 3.65 2.40 2.70 19262704
0.00 3.51 4.77 3.13 5.18 6.18 3.08 3.95 0.00 3.63 6.46 0.00 5.77 5.67 7.81 7.87 2.04 3.11 6.94 8.78 3.19 4.81 0.00 4.22 0.00 2.68 3.20 2.25 2.66 3.52 2.41 2.89 19275794
5.73 3.60 4.76 3.00 5.32 6.15 3.07 3.96 5.18 6.85 6.44 0.00 5.52 6.33 7.61 7.89 2.25 3.11 5.94 0.00 3.15 4.57 4.38 0.00 0.00 2.70 3.29 2.50 2.57 3.51 2.39 2.70 19288884
0.00 3.46 4.91 0.00 5.13 6.16 3.06 4.06 0.00 7.01 6.64 6.61 5.46 6.37 7.45 8.30 2.03 3.23 6.23 8.78 3.15 4.61 0.00 4.55 0.00 2.93 3.27 2.25 2.49 2.70 2.38 2.71 19301974
0.00 3.60 5.72 2.80 5.15 5.87 3.12 3.96 5.20 4.80 6.53 6.79 0.00 6.47 7.77 7.97 2.21 3.08 6.45 8.54 3.11 4.79 0.00 3.33 0.00 2.69 3.46 2.36 2.66 3.46 2.42 2.69 19315064
0.00 3.62 4.84 0.00 5.17 5.84 3.12 4.20 0.00 6.99 6.50 7.07 5.44 6.33 7.61 7.90 2.12 3.17 6.42 8.56 3.22 5.07 0.00 0.00 0.00 2.67 3.43 2.10 2.45 3.38 2.40 2.73 19328154
0.00 3.48 4.91 3.46 5.20 5.84 3.09 3.95 0.00 7.02 6.55 6.41 5.76 6.38 0.00 7.98 2.16 3.34 5.90 0.00 3.19 4.55 0.00 4.48 0.00 2.84 3.57 2.12 2.46 3.54 2.51 2.83 19341244
0.00 3.65 4.95 0.00 5.02 5.52 3.07 4.10 5.19 6.98 6.41 6.90 5.69 6.34 7.52 7.79 2.06 3.06 6.33 8.46 3.08 0.00 0.00 0.00 0.00 2.65 3.48 2.22 2.43 3.39 2.41 2.66 19354334
0.00 3.64 4.78 0.00 5.01 5.21 3.11 3.93 5.24 6.98 6.40 6.79 5.69 6.35 7.57 8.27 2.03 3.43 6.32 8.61 3.12 0.00 0.00 4.63 0.00 2.75 3.51 2.23 2.64 3.63 2.48 2.67 19367424
0.00 3.65 4.81 0.00 5.14 5.19 3.09 4.03 0.00 7.00 6.42 7.02 5.61 6.35 7.55 8.00 2.11 3.10 6.30 8.53 3.15 4.50 0.00 3.73 0.00 2.74 3.61 2.32 2.45 3.41 2.73 2.67 19380514
0.00 3.46 4.80 3.22 5.05 5.25 3.22 3.96 5.15 7.02 6.41 7.17 5.38 6.33 7.39 8.45 2.09 3.16 5.99 8.53 3.14 0.00 0.00 4.25 0.00 3.38 3.55 2.17 2.45 3.42 2.51 2.71 19393604
0.00 3.59 4.90 2.98 5.16 5.10 3.10 4.07 5.34 7.04 6.43 7.18 5.44 6.35 7.44 0.00 2.05 3.23 0.00 8.67 3.21 0.00 0.00 3.97 0.00 2.70 3.55 2.29 2.37 3.36 2.50 2.71 19406694
0.00 3.59 4.90 0.00 5.14 5.14 3.08 4.11 0.00 7.03 6.40 6.55 5.35 6.36 7.42 0.00 2.04 3.14 6.50 8.53 3.09 4.84 0.00 0.00 0.00 2.75 3.61 2.25 2.31 3.37 2.48 2.68 19419784
0.00 3.58 4.76 0.00 5.08 5.03 3.20 4.02 5.19 7.04 6.40 0.00 5.69 6.35 7.44 0.00 2.04 3.11 6.38 8.71 3.08 4.53 0.00 4.52 0.00 3.36 3.65 2.11 2.29 3.35 2.55 2.80 19432874
0.00 3.63 4.78 3.00 5.11 5.04 3.11 3.97 5.22 7.04 6.40 6.60 5.66 6.32 7.42 7.82 2.06 3.34 6.09 8.85 3.19 4.81 0.00 0.00 0.00 2.71 3.55 2.21 2.47 3.56 2.52 3.00 19445964
0.00 3.54 4.76 0.00 5.13 5.07 3.07 3.98 5.19 7.00 6.40 6.58 5.47 6.32 7.39 7.71 2.08 3.27 6.34 8.90 3.08 0.00 0.00 0.00 0.00 2.70 3.62 2.31 2.33 3.35 2.52 2.80 19459054
5.42 3.63 4.90 3.06 5.21 5.13 3.13 4.26 0.00 7.00 6.39 6.57 5.47 6.32 7.42 7.68 2.09 3.31 6.07 8.50 3.17 0.00 0.00 5.34 0.00 2.65 3.62 2.21 2.24 3.41 2.53 2.74 19472144
5.86 3.56 4.92 3.06 5.12 5.17 3.17 3.97 5.17 7.01 6.40 6.55 5.69 6.34 7.41 7.72 2.08 3.11 6.31 8.36 3.16 4.54 0.00 4.45 0.00 2.67 3.64 2.10 2.41 3.54 2.56 2.80 19485234
0.00 3.64 4.76 0.00 5.09 5.16 3.16 4.06 5.25 7.02 6.39 6.56 5.72 6.34 7.42 7.63 2.09 3.19 6.38 8.60 3.35 0.00 0.00 4.69 0.00 2.61 3.62 2.41 2.47 3.38 2.54 2.73 19498324
0.00 3.78 4.86 0.00 5.12 5.03 3.13 4.09 0.00 7.01 6.40 6.55 5.78 6.35 7.42 8.10 2.10 3.27 6.40 8.71 3.28 0.00 0.00 0.00 0.00 2.70 3.70 2.18 2.23 3.45 2.55 2.72 19511414
0.00 3.64 4.87 0.00 5.08 5.07 3.12 4.32 5.22 7.01 6.40 6.55 5.74 6.35 7.40 8.23 2.11 3.26 6.70 8.72 3.35 0.00 0.00 0.00 0.00 2.65 3.63 0.00 2.20 3.49 2.95 2.70 19524504
0.00 3.57 4.92 0.00 5.10 5.04 3.12 4.25 0.00 7.02 6.38 6.58 5.73 6.36 7.41 8.19 2.08 3.23 6.70 8.63 3.21 4.64 0.00 0.00 0.00 2.65 3.76 2.12 2.27 3.52 2.58 2.72 19537594
0.00 3.69 4.98 0.00 5.08 5.05 3.13 4.09 0.00 7.02 6.39 6.57 5.75 6.35 7.42 8.22 2.09 3.20 6.82 8.24 3.16 5.33 0.00 0.00 0.00 2.76 3.79 2.22 2.16 3.41 2.63 2.73 19550684
5.84 3.52 4.74 0.00 5.24 5.04 3.14 4.10 0.00 7.02 6.40 6.57 5.68 6.35 7.58 0.00 2.06 3.18 0.00 8.24 3.74 0.00 0.00 4.75 0.00 2.59 3.68 2.12 2.30 3.50 2.68 2.72 19563774
5.54 3.53 4.73 0.00 5.04 5.02 3.08 4.14 0.00 7.02 6.40 6.57 5.70 6.35 7.53 0.00 2.07 3.22 6.75 8.54 3.16 4.93 0.00 4.59 0.00 2.62 3.81 2.41 2.20 3.46 2.57 2.73 19576864
5.72 3.54 4.74 0.00 5.10 5.11 3.12 4.26 0.00 7.02 6.40 6.58 5.72 6.35 7.52 0.00 2.09 3.24 0.00 8.29 3.38 0.00 0.00 4.46 0.00 2.90 4.33 2.26 2.16 3.59 2.57 3.02 19589954
0.00 3.54 4.75 0.00 5.08 5.08 3.12 4.73 0.00 7.01 6.39 6.57 5.71 6.36 7.53 0.00 2.13 3.25 6.63 8.92 3.16 4.54 0.00 4.51 0.00 2.75 3.68 2.26 2.33 3.45 2.57 2.79 19603044
0.00 3.63 4.84 0.00 5.03 5.06 3.11 4.23 0.00 7.02 6.39 6.91 5.69 6.34 7.37 0.00 2.16 3.23 0.00 8.44 3.53 4.54 0.00 4.74 0.00 2.66 3.68 2.25 2.16 3.55 2.63 2.83 19616134
6.49 3.64 4.85 0.00 5.07 5.04 3.08 4.21 0.00 7.02 6.38 6.69 5.71 6.34 7.52 0.00 2.10 3.26 0.00 8.30 3.47 4.59 0.00 4.73 0.00 2.63 3.62 2.31 2.20 3.58 2.65 2.78 19629224
0.00 3.63 5.21 0.00 5.19 5.02 3.10 4.22 0.00 7.02 6.38 6.58 5.70 6.35 7.40 0.00 2.07 3.18 7.06 0.00 3.52 0.00 0.00 4.54 0.00 2.63 3.74 2.14 2.28 3.59 2.96 2.93 19642314
5.56 3.62 5.00 0.00 5.03 5.06 3.10 4.10 0.00 7.01 6.39 6.57 5.70 6.37 7.44 0.00 2.09 3.22 6.71 8.46 3.40 4.57 0.00 0.00 0.00 2.62 3.65 2.20 2.31 3.55 2.64 2.85 19655404
0.00 3.63 4.79 0.00 5.04 5.06 3.11 4.04 5.21 7.01 6.39 6.59 5.70 6.35 7.44 0.00 2.14 3.26 6.58 8.48 3.18 0.00 0.00 4.83 0.00 2.70 3.60 2.22 2.16 3.81 2.56 2.76 19668494
0.00 3.63 4.78 0.00 5.11 5.11 3.10 4.18 0.00 7.02 6.40 0.00 5.69 6.34 7.44 0.00 2.05 3.41 0.00 8.62 3.36 0.00 0.00 0.00 0.00 2.79 3.75 2.12 2.22 3.62 2.59 2.75 19681584
0.00 3.63 4.79 0.00 5.09 5.07 3.11 4.21 0.00 7.02 6.40 6.57 5.71 6.35 7.43 0.00 2.15 3.33 6.85 8.25 3.41 0.00 0.00 0.00 0.00 2.83 3.74 2.28 2.25 3.53 2.62 2.79 19694674
0.00 3.64 4.81 0.00 5.36 5.05 3.11 4.32 5.17 7.01 6.40 6.56 5.70 6.37 7.44 0.00 2.25 3.02 6.07 8.43 3.46 0.00 0.00 0.00 0.00 2.65 3.75 2.11 2.26 3.52 2.66 3.01 19707764
6.05 3.61 4.80 3.03 5.03 5.08 3.11 3.96 0.00 7.02 6.40 6.49 5.71 6.37 7.41 0.00 2.42 3.00 6.81 8.48 0.00 0.00 0.00 0.00 0.00 2.67 3.66 2.19 2.31 3.70 2.57 2.77 19720854
0.00 3.64 4.78 0.00 5.01 5.05 3.21 4.37 0.00 7.02 6.40 6.50 5.72 6.35 7.43 0.00 2.31 3.03 6.83 8.45 3.38 5.05 0.00 0.00 0.00 2.65 3.68 2.83 2.35 3.55 2.56 2.88 19733944
0.00 3.63 0.00 3.09 5.02 5.14 3.12 4.21 0.00 7.03 6.41 6.45 5.73 6.27 7.43 0.00 2.31 3.01 6.52 8.47 3.28 0.00 0.00 0.00 0.00 2.82 3.69 2.39 2.35 3.70 2.68 2.90 19747034
0.00 3.61 5.16 0.00 5.07 5.06 3.30 4.25 0.00 7.03 6.40 6.51 5.49 6.56 7.45 0.00 2.32 3.19 6.22 9.03 3.25 4.90 0.00 0.00 0.00 2.66 3.70 2.14 2.51 3.76 2.62 2.77 19760124
0.00 3.63 4.74 3.10 5.02 5.08 3.24 3.93 0.00 7.01 6.39 6.54 5.46 6.47 7.47 0.00 2.32 3.20 6.61 8.46 3.16 4.77 0.00 0.00 0.00 2.72 3.72 2.22 2.27 3.80 2.47 2.82 19773214
0.00 3.61 4.74 0.00 5.16 5.10 3.25 3.95 0.00 7.01 6.40 6.52 5.45 6.18 7.44 0.00 2.10 3.16 6.98 8.43 3.24 4.86 0.00 0.00 0.00 2.70 3.85 2.11 2.26 3.63 2.45 2.92 19786304
0.00 3.64 4.74 0.00 5.03 5.13 3.11 4.35 0.00 7.02 6.40 6.52 5.44 6.58 7.45 8.24 2.09 3.18 6.55 8.42 3.19 4.99 0.00 0.00 0.00 2.68 3.83 2.13 2.29 3.61 2.58 2.76 19799394
0.00 3.64 4.78 0.00 5.01 5.19 3.10 3.92 0.00 7.02 6.41 6.50 5.45 6.32 7.47 0.00 2.09 3.16 6.59 8.39 3.15 0.00 0.00 0.00 0.00 2.64 3.81 2.19 2.27 3.74 2.44 2.89 19812484
0.00 3.64 4.76 0.00 5.01 5.08 3.28 4.17 0.00 7.02 6.41 6.51 5.45 6.28 7.46 8.24 2.07 3.17 6.54 8.44 3.16 0.00 0.00 0.00 0.00 2.69 3.68 2.48 2.26 3.69 2.45 2.83 19825574
0.00 3.61 4.77 0.00 5.03 5.14 3.11 4.19 0.00 7.01 6.40 6.51 5.44 6.13 7.46 8.23 2.08 3.17 0.00 8.43 3.17 0.00 0.00 0.00 0.00 2.76 3.68 2.15 2.28 3.88 2.46 2.79 19838664
0.00 3.62 4.75 0.00 5.04 5.20 3.12 4.21 0.00 7.02 6.41 6.51 5.45 6.13 7.48 8.23 2.10 3.17 6.46 8.43 3.21 0.00 0.00 0.00 0.00 2.71 3.78 2.20 2.31 3.74 2.47 2.89 19851754
0.00 3.63 4.75 0.00 5.02 5.10 3.12 4.33 0.00 7.01 6.41 6.52 5.43 6.14 7.46 8.24 2.10 3.18 6.51 8.43 3.21 0.00 0.00 0.00 0.00 2.64 3.76 2.22 2.29 3.87 2.41 2.83 19864844
6.14 3.62 4.73 0.00 5.05 5.13 3.09 4.01 0.00 7.02 6.40 6.52 5.44 6.28 7.48 8.24 2.11 3.18 6.49 8.46 3.19 0.00 0.00 0.00 0.00 2.68 3.81 2.14 2.43 3.73 2.39 2.81 19877934
0.00 3.61 4.73 0.00 5.09 5.12 3.15 4.15 0.00 7.01 6.41 6.47 5.44 6.28 7.47 8.24 2.19 3.18 7.36 8.41 3.20 0.00 0.00 0.00 0.00 2.71 3.80 2.12 2.43 3.81 2.39 2.80 19891024
0.00 3.61 4.92 0.00 5.41 5.18 3.12 4.32 0.00 7.01 6.41 6.48 5.44 6.28 7.45 8.24 2.35 3.18 7.36 8.41 3.18 0.00 0.00 0.00 0.00 2.68 3.77 2.15 2.30 3.66 2.44 2.81 19904114