0.00 3.61 5.68 2.99 7.11 8.35 3.44 3.64 4.80 3.76 5.11 5.24 5.49 7.38 8.34 0.00 2.14 3.86 7.38 8.56 0.00 7.35 0.00 5.16 0.00 3.39 4.29 4.54 4.99 6.41 3.44 3.43 5413936
0.00 3.62 4.91 2.98 7.11 8.34 3.41 3.57 4.81 3.76 5.12 5.23 5.53 7.40 8.34 0.00 2.12 3.84 0.00 8.59 0.00 7.36 0.00 5.52 0.00 3.39 4.28 3.85 4.99 6.40 3.45 3.42 5427026
0.00 3.61 4.90 2.97 7.10 8.33 3.41 3.56 4.81 3.76 5.12 5.23 5.43 7.39 8.33 0.00 2.12 3.84 7.38 8.59 0.00 7.36 0.00 5.52 0.00 3.38 4.29 3.99 5.01 6.40 3.45 3.42 5440116
0.00 3.62 0.00 2.97 6.95 8.20 3.40 3.57 4.82 3.76 5.11 5.24 5.42 7.40 8.34 0.00 2.12 3.87 7.35 8.63 5.91 7.35 0.00 5.14 0.00 3.39 4.29 4.56 5.00 6.40 3.45 3.42 5453206
0.00 3.61 0.00 2.98 6.95 8.21 3.41 3.56 4.81 3.76 5.11 5.23 5.41 7.39 8.33 0.00 2.07 3.86 7.34 8.72 0.00 7.35 0.00 5.11 0.00 3.39 4.29 4.55 5.00 6.41 3.45 3.41 5466296
0.00 3.62 0.00 2.99 6.95 8.19 3.39 3.56 4.81 3.76 5.12 5.24 5.40 7.40 8.34 0.00 2.08 3.87 7.33 8.72 0.00 7.35 0.00 5.12 0.00 3.38 4.31 3.83 5.00 6.41 3.44 3.43 5479386
0.00 3.62 0.00 2.98 6.95 8.20 3.38 3.56 4.82 3.81 5.11 5.23 5.40 7.40 8.35 0.00 2.16 3.87 7.33 8.71 0.00 7.35 0.00 0.00 0.00 3.39 4.31 3.85 5.00 6.42 3.45 3.43 5492476
0.00 3.62 5.32 2.99 6.96 8.21 3.38 3.58 4.82 3.75 5.11 5.23 5.39 7.06 8.34 0.00 2.20 3.88 7.22 8.70 0.00 7.36 0.00 0.00 0.00 3.39 4.30 4.47 5.01 6.43 3.45 3.42 5505566
0.00 3.62 4.91 3.00 6.96 8.20 3.36 3.58 4.82 3.76 5.12 5.22 5.44 7.10 8.33 0.00 2.24 3.87 7.27 8.65 6.19 7.37 0.00 0.00 0.00 3.49 4.30 4.15 5.00 6.29 3.44 3.42 5518656
0.00 3.61 4.99 2.98 6.94 8.19 3.37 3.56 4.83 3.85 5.12 5.24 5.54 7.13 8.34 0.00 2.34 3.85 7.30 8.62 6.12 7.38 0.00 4.92 0.00 0.00 4.32 0.00 4.98 6.29 3.45 3.43 5531746
0.00 3.60 5.41 3.00 6.96 8.33 3.37 3.54 4.82 3.84 5.11 5.23 5.46 7.29 8.31 0.00 2.25 3.85 0.00 8.74 6.16 7.38 0.00 5.55 0.00 3.48 4.30 0.00 4.99 6.27 3.46 3.40 5544836
0.00 3.61 5.35 3.00 6.96 8.33 3.39 3.54 4.84 3.83 5.11 5.24 5.34 7.46 8.32 0.00 2.33 3.84 0.00 8.75 6.20 7.38 0.00 4.29 0.00 3.50 4.27 0.00 4.98 6.26 3.46 3.45 5557926
0.00 3.61 5.02 3.08 7.31 8.32 3.30 3.55 4.85 3.80 5.12 5.23 5.43 7.11 8.33 0.00 2.24 3.80 6.82 0.00 6.18 7.39 0.00 5.52 0.00 3.42 4.24 3.76 5.00 6.28 3.48 3.44 5571016
0.00 3.62 4.92 3.11 7.26 8.31 3.30 3.55 4.85 3.83 5.13 5.23 5.55 7.11 8.32 0.00 2.30 3.85 6.78 8.60 6.17 7.36 0.00 5.09 0.00 4.14 4.26 3.77 5.00 6.26 3.47 3.47 5584106
0.00 3.61 5.02 3.02 7.25 8.31 3.29 3.55 4.83 3.92 5.12 5.21 5.21 7.30 8.34 0.00 2.32 3.88 6.82 8.75 6.13 7.40 0.00 0.00 0.00 3.80 4.28 4.48 5.00 6.26 3.46 3.40 5597196
0.00 3.61 5.01 3.05 7.25 8.21 3.30 3.56 4.82 3.86 5.12 5.20 5.24 7.08 8.33 0.00 2.26 3.89 6.83 8.75 6.62 7.38 0.00 0.00 0.00 3.43 4.29 4.46 5.01 6.25 3.61 0.00 5610286
0.00 3.61 5.00 3.02 7.28 8.30 3.30 3.61 4.83 3.88 5.12 5.22 5.20 7.52 8.30 0.00 2.27 3.68 6.81 8.76 6.54 7.82 0.00 0.00 0.00 3.50 4.32 4.18 5.02 6.25 3.48 3.44 5623376
0.00 3.62 4.98 3.02 7.28 8.26 3.38 3.69 4.83 3.88 5.10 5.22 5.77 7.29 8.44 0.00 2.24 3.84 7.01 8.73 6.65 7.59 0.00 0.00 0.00 3.62 4.33 3.74 5.00 6.30 3.49 3.40 5636466
0.00 3.62 4.95 3.06 7.00 8.31 3.32 3.56 4.82 3.83 5.12 5.22 5.45 7.50 8.33 0.00 2.26 3.85 6.96 8.65 5.87 7.53 0.00 0.00 0.00 3.39 4.23 3.95 4.99 6.35 3.46 3.95 5649556
0.00 3.61 5.05 3.11 7.70 8.09 3.31 3.62 4.83 3.78 5.32 5.21 5.59 7.53 8.30 0.00 2.03 3.80 6.94 8.52 5.86 7.75 0.00 0.00 0.00 3.42 4.38 0.00 5.03 6.29 3.47 3.42 5662646
0.00 3.62 5.02 3.06 7.01 8.28 3.30 3.49 4.80 4.01 5.30 5.21 5.34 7.13 8.42 0.00 2.06 3.69 7.10 8.72 5.87 7.59 0.00 0.00 0.00 3.57 4.30 3.84 5.16 6.28 3.45 0.00 5675736
0.00 3.62 4.99 3.05 6.93 8.29 3.38 3.58 4.81 3.82 5.20 5.20 5.34 7.78 8.33 0.00 2.07 3.85 6.91 8.72 6.23 7.47 0.00 0.00 0.00 3.47 4.40 3.64 5.16 6.23 3.50 0.00 5688826
0.00 3.61 4.94 0.00 7.18 8.31 3.41 0.00 4.82 3.84 5.89 5.22 5.75 7.25 8.35 0.00 2.04 3.93 6.89 8.73 5.96 7.75 0.00 0.00 0.00 3.41 4.57 3.62 4.98 6.28 3.45 0.00 5701916
0.00 3.61 4.91 3.09 6.96 8.30 3.39 3.55 4.79 3.77 0.00 5.23 5.34 7.16 8.36 8.34 2.03 3.67 7.33 8.68 6.69 0.00 0.00 0.00 0.00 3.45 4.40 3.65 5.21 6.28 3.47 0.00 5715006
0.00 3.61 4.91 3.09 7.02 8.31 3.46 3.48 4.76 3.76 5.24 5.21 5.71 6.93 8.40 8.45 2.05 3.79 6.89 8.72 6.07 0.00 0.00 0.00 0.00 4.15 4.26 3.74 5.10 6.25 3.55 3.44 5728096
0.00 3.62 4.92 3.08 6.94 8.24 3.30 3.51 4.79 3.81 5.14 5.19 5.54 7.29 8.43 8.22 2.07 3.97 7.12 8.75 0.00 0.00 0.00 0.00 0.00 3.42 4.30 3.82 4.96 6.28 3.50 3.42 5741186
0.00 3.60 5.10 0.00 7.00 8.31 3.35 3.49 4.77 3.83 5.14 5.07 5.67 7.33 8.43 0.00 2.10 3.76 6.90 8.74 0.00 0.00 0.00 5.44 0.00 3.46 4.29 3.66 4.98 6.33 3.51 3.43 5754276
0.00 3.61 5.17 0.00 6.97 8.28 3.41 3.50 4.74 3.81 5.12 5.10 5.14 7.24 8.51 0.00 2.06 3.69 7.02 8.76 6.70 0.00 0.00 5.33 0.00 3.38 4.31 0.00 4.91 0.00 3.49 3.41 5767366
0.00 3.60 5.13 0.00 6.86 8.30 0.00 3.47 4.78 3.87 5.26 5.10 5.26 7.36 8.53 0.00 2.10 3.83 0.00 9.11 6.24 0.00 0.00 5.66 0.00 3.54 4.24 3.76 4.91 6.32 3.52 3.45 5780456
0.00 3.60 5.12 0.00 6.98 8.17 3.30 3.59 4.76 3.72 5.15 5.09 5.18 7.22 8.44 0.00 0.00 0.00 0.00 8.54 5.93 8.11 0.00 4.01 0.00 3.50 4.30 4.15 4.98 6.40 3.53 3.49 5793546
0.00 3.61 5.15 0.00 7.17 8.15 3.49 3.43 4.74 3.76 5.12 5.09 5.37 7.36 8.45 0.00 2.94 3.70 7.19 8.52 6.08 0.00 0.00 4.42 0.00 3.47 4.28 3.76 4.99 6.21 3.53 3.40 5806636
0.00 3.60 5.02 0.00 7.49 8.11 3.88 3.57 4.72 3.77 5.12 5.08 5.41 7.28 8.43 0.00 2.25 3.56 0.00 8.72 6.10 0.00 0.00 4.38 0.00 3.47 4.40 3.92 4.98 6.67 3.56 3.95 5819726
0.00 3.62 4.99 0.00 6.89 8.12 3.30 3.89 4.71 3.83 5.26 5.10 5.71 7.38 8.45 0.00 2.55 3.79 7.01 8.61 6.86 0.00 0.00 4.37 0.00 3.57 4.35 4.13 4.98 6.97 3.47 3.40 5832816
0.00 3.60 5.06 0.00 7.21 8.32 3.30 3.50 4.71 3.75 5.30 5.10 5.58 7.32 0.00 0.00 2.19 3.70 6.90 8.59 5.85 0.00 0.00 4.37 0.00 3.59 4.44 3.69 5.27 0.00 3.48 3.40 5845906
0.00 3.61 5.05 0.00 7.59 8.11 3.48 3.61 4.83 3.88 5.15 5.80 5.48 7.27 8.37 0.00 2.02 3.52 7.19 9.36 5.95 7.46 0.00 0.00 0.00 3.43 4.30 3.72 5.01 6.25 3.55 3.42 5858996
0.00 3.60 5.08 0.00 6.97 8.12 3.65 3.68 4.81 3.83 5.12 5.12 5.53 7.25 8.35 0.00 2.24 3.53 7.10 8.55 6.05 7.81 0.00 5.83 0.00 3.53 4.32 3.60 5.02 0.00 3.48 3.47 5872086
0.00 3.61 4.99 0.00 7.12 8.12 3.39 3.61 4.82 3.89 5.13 5.09 5.45 7.15 8.41 0.00 2.40 3.68 0.00 8.59 6.51 7.37 0.00 0.00 0.00 3.43 4.39 4.20 4.91 0.00 3.45 3.39 5885176
0.00 3.62 5.07 0.00 7.08 8.13 3.43 0.00 4.81 3.96 5.32 5.12 5.46 7.28 8.38 0.00 2.93 3.68 6.85 8.60 6.60 7.69 0.00 4.45 0.00 3.43 4.50 0.00 4.88 6.28 3.47 3.49 5898266
0.00 3.61 0.00 0.00 7.05 8.12 3.66 3.69 4.82 3.86 5.26 5.13 6.10 7.33 8.36 0.00 2.91 3.66 0.00 8.60 6.46 7.36 0.00 5.29 0.00 3.49 4.35 4.28 4.87 6.24 3.47 3.63 5911356
0.00 3.61 0.00 0.00 7.38 8.12 3.62 3.53 4.81 3.78 5.13 5.12 5.71 7.28 8.40 0.00 2.27 3.63 0.00 9.33 5.83 7.44 0.00 5.84 0.00 3.45 4.27 3.82 4.99 6.31 3.48 3.41 5924446
0.00 3.61 5.13 3.04 6.99 8.20 3.61 3.48 4.78 3.79 5.13 5.12 5.65 7.36 8.40 0.00 2.04 3.77 0.00 9.31 5.87 7.36 0.00 5.59 0.00 3.73 4.38 3.85 5.02 6.24 3.48 3.41 5937536
0.00 3.61 5.06 0.00 7.34 8.17 3.64 3.73 4.80 3.86 5.12 5.12 5.61 7.31 8.42 0.00 2.05 3.72 7.15 9.32 5.92 7.53 0.00 5.58 0.00 3.55 4.33 3.62 5.04 6.30 3.49 3.39 5950626
0.00 3.60 5.03 0.00 7.00 8.33 3.64 3.47 4.82 3.85 5.14 5.11 5.54 7.36 8.41 0.00 2.02 3.54 7.15 9.34 5.94 7.99 0.00 5.85 0.00 3.52 4.41 3.67 5.01 6.20 3.48 3.40 5963716
0.00 3.60 5.04 0.00 7.29 8.18 3.68 3.47 4.84 3.80 5.15 5.11 5.43 7.31 8.41 0.00 2.03 3.71 0.00 9.30 5.85 0.00 0.00 0.00 0.00 3.61 4.32 3.63 4.92 6.27 3.47 3.39 5976806
0.00 3.60 5.03 0.00 6.98 8.19 3.66 3.46 4.83 3.80 5.14 5.11 5.32 7.56 8.44 0.00 2.04 3.61 7.17 9.12 6.06 7.45 0.00 4.94 0.00 3.57 4.41 0.00 4.89 7.00 0.00 3.40 5989896
0.00 3.59 5.03 0.00 7.21 8.33 3.61 3.49 4.83 3.97 5.21 5.12 5.59 7.26 8.41 0.00 2.01 3.57 0.00 9.30 6.08 0.00 0.00 5.64 0.00 3.53 4.35 4.04 4.95 6.26 3.52 3.40 6002986
0.00 3.59 5.04 0.00 7.21 8.33 3.66 3.62 4.82 3.86 5.17 5.11 5.95 7.18 0.00 0.00 0.00 3.85 7.48 9.29 5.90 7.38 0.00 5.86 0.00 0.00 4.42 3.65 5.15 6.25 3.47 3.38 6016076
0.00 3.59 5.05 0.00 7.10 8.32 3.65 3.53 4.83 3.82 5.14 5.10 5.59 7.24 8.40 0.00 2.33 3.94 0.00 9.03 5.88 7.36 0.00 5.62 0.00 3.52 4.34 3.69 4.98 6.32 3.48 3.39 6029166
0.00 3.59 5.04 0.00 7.05 8.31 3.60 3.50 4.83 3.80 5.16 5.10 5.46 7.35 8.38 0.00 2.27 3.92 0.00 9.07 6.04 0.00 0.00 5.45 0.00 3.42 4.34 3.64 4.97 6.24 3.48 3.39 6042256
0.00 3.59 5.05 0.00 7.08 8.31 3.49 3.65 4.80 3.91 5.16 5.10 5.56 7.46 8.37 0.00 0.00 3.77 0.00 9.27 5.97 0.00 0.00 5.36 0.00 3.63 4.32 3.87 4.98 6.25 3.59 3.38 6055346
0.00 3.59 5.06 0.00 7.13 8.30 3.36 3.56 4.81 3.82 5.18 5.10 5.62 7.33 8.39 0.00 2.97 3.78 0.00 9.28 5.94 0.00 0.00 5.60 0.00 0.00 4.35 0.00 5.07 6.25 3.49 3.40 6068436
0.00 3.59 5.07 0.00 7.11 8.31 3.35 3.45 4.83 3.87 5.14 5.10 5.48 7.34 8.38 0.00 2.95 3.92 0.00 9.08 6.03 7.37 0.00 5.66 0.00 3.38 4.43 3.87 5.35 6.22 3.49 3.39 6081526
0.00 3.60 5.04 0.00 7.09 8.14 3.36 3.59 4.79 3.95 5.19 5.10 5.91 7.25 8.40 0.00 2.01 4.02 0.00 9.07 6.63 7.43 0.00 5.59 0.00 3.47 4.37 4.44 4.99 6.22 3.48 3.39 6094616
0.00 3.59 5.05 0.00 6.98 8.27 3.35 3.48 4.77 3.85 5.18 5.11 5.44 7.29 8.38 0.00 0.00 3.78 7.04 8.95 6.11 7.35 0.00 0.00 0.00 4.09 4.40 3.67 4.93 6.22 3.46 3.43 6107706
0.00 3.59 5.06 0.00 7.31 8.27 3.37 3.51 4.76 3.88 5.96 5.12 5.51 7.31 8.38 0.00 2.08 3.61 7.41 8.74 6.57 7.34 0.00 5.27 0.00 3.45 4.48 3.68 4.97 0.00 3.47 3.42 6120796
0.00 3.59 5.06 0.00 7.72 8.29 3.35 3.49 4.74 3.83 5.11 5.11 5.47 7.30 8.39 0.00 2.03 3.64 7.34 9.25 6.08 0.00 0.00 4.49 0.00 3.45 4.41 3.78 4.93 6.21 3.44 3.41 6133886
0.00 3.60 5.14 0.00 7.38 8.21 3.38 3.62 4.75 3.84 5.23 5.16 5.40 7.35 8.40 0.00 2.80 3.48 0.00 8.74 6.42 0.00 0.00 0.00 0.00 3.47 4.50 3.69 4.90 6.20 3.53 3.42 6146976
0.00 3.59 5.09 2.99 7.02 8.29 3.39 3.52 4.86 3.96 5.30 5.09 5.50 7.42 0.00 0.00 2.07 3.51 0.00 8.68 6.22 7.45 0.00 4.71 0.00 3.44 4.43 3.79 4.91 6.22 3.44 3.43 6160066
0.00 3.61 5.08 0.00 6.82 8.29 3.36 3.80 4.86 3.88 5.15 5.16 5.47 7.42 8.39 0.00 2.59 3.40 6.87 8.85 6.03 0.00 0.00 4.18 0.00 3.69 4.37 0.00 4.84 6.38 3.41 3.47 6173156
0.00 3.61 5.13 3.05 7.14 8.27 3.65 3.54 4.86 3.90 5.22 5.19 5.78 7.39 8.41 0.00 2.55 3.53 7.30 8.47 5.97 7.53 0.00 3.92 0.00 3.53 4.39 3.97 4.87 6.23 3.47 3.54 6186246
0.00 3.59 5.10 0.00 6.84 8.28 3.35 3.53 4.84 3.89 5.11 5.17 5.57 7.51 8.46 0.00 2.02 3.62 0.00 8.75 7.00 7.39 0.00 5.14 0.00 3.54 4.37 3.70 4.94 6.21 3.43 3.47 6199336
0.00 3.60 5.11 2.99 6.76 8.26 3.38 3.54 4.83 4.15 5.15 5.36 5.76 7.55 8.41 0.00 2.06 3.34 6.80 8.45 6.29 7.39 0.00 5.26 0.00 3.57 4.45 4.03 5.18 6.33 3.44 3.49 6212426
0.00 3.59 5.07 2.98 6.95 8.30 3.32 3.50 4.90 3.87 5.14 5.24 5.91 7.54 8.41 0.00 0.00 3.48 6.61 8.69 6.28 7.34 0.00 3.96 0.00 3.58 4.50 3.72 4.94 6.21 3.47 3.52 6225516
0.00 3.61 5.11 3.08 6.83 8.27 3.38 3.75 4.78 3.87 5.30 5.36 5.50 7.39 8.39 0.00 2.06 3.38 7.06 8.82 0.00 0.00 0.00 5.16 0.00 3.61 4.65 4.34 4.86 6.31 3.41 3.47 6238606
0.00 3.57 5.10 2.78 6.84 8.18 3.45 3.49 4.70 3.89 5.19 5.63 5.98 7.49 8.39 0.00 0.00 3.38 0.00 9.25 0.00 7.37 0.00 4.06 0.00 3.44 4.43 3.62 5.16 6.21 3.54 3.69 6251696
6.17 3.60 5.19 3.06 7.32 8.20 3.34 3.55 4.57 3.91 5.20 5.17 5.69 7.33 8.39 0.00 2.02 3.48 6.94 8.84 6.21 7.93 0.00 4.12 0.00 3.69 4.53 3.86 5.01 6.19 3.46 3.49 6264786
0.00 3.61 5.40 2.78 6.82 8.14 2.88 3.50 4.69 3.94 5.17 5.17 5.67 7.40 8.39 0.00 2.15 3.42 0.00 8.65 6.60 7.65 0.00 4.76 0.00 3.53 4.53 4.27 5.00 6.28 3.47 4.05 6277876
5.64 3.59 5.11 2.77 0.00 8.34 0.00 3.47 4.81 4.07 5.15 5.09 6.27 7.23 8.57 0.00 2.21 3.60 2.98 8.65 0.00 7.37 5.37 0.00 0.00 3.52 4.54 4.41 4.88 6.21 3.45 3.56 6290966
6.17 3.61 5.26 3.09 6.86 8.36 0.00 3.52 4.55 4.04 5.14 5.36 6.15 7.38 8.40 0.00 2.82 3.62 0.00 8.78 0.00 0.00 0.00 4.47 0.00 3.61 4.52 4.05 5.06 6.23 3.43 4.01 6304056
0.00 3.65 5.91 2.97 6.86 8.23 3.64 3.72 4.55 3.96 5.16 5.38 5.86 7.30 8.38 0.00 2.16 3.54 0.00 8.70 6.66 7.36 0.00 0.00 0.00 3.65 4.55 3.59 5.00 6.26 3.64 3.49 6317146
5.86 3.60 5.22 3.07 6.92 8.33 3.37 3.53 4.37 4.04 5.97 5.32 5.93 7.37 8.39 0.00 2.43 3.37 0.00 8.78 0.00 7.91 0.00 0.00 0.00 3.67 4.61 3.64 4.96 6.27 3.49 3.45 6330236
0.00 3.58 5.52 0.00 6.87 8.23 3.58 3.39 4.23 3.89 5.10 5.24 5.76 7.17 8.42 0.00 2.09 3.50 0.00 8.79 6.22 0.00 0.00 0.00 0.00 3.52 4.72 3.81 4.98 6.30 3.44 3.45 6343326
5.80 3.59 5.23 3.04 7.13 8.22 3.41 3.48 4.11 3.84 5.14 5.30 6.29 7.33 8.39 0.00 2.12 3.48 6.62 8.69 0.00 0.00 9.72 0.00 0.00 3.59 4.65 3.76 4.95 6.22 3.40 4.14 6356416
5.88 3.61 5.22 0.00 6.78 8.22 3.43 3.48 4.81 3.99 5.12 5.21 6.57 7.18 8.40 0.00 2.14 3.31 0.00 8.79 6.55 0.00 0.00 0.00 0.00 3.56 4.68 3.75 5.02 6.24 3.44 3.40 6369506
5.90 3.57 5.24 3.03 6.76 8.34 3.39 3.31 4.09 3.80 5.14 5.31 6.13 7.18 8.37 0.00 0.00 4.03 6.39 8.87 6.54 7.71 0.00 0.00 0.00 3.67 4.66 3.86 4.88 6.38 3.50 3.67 6382596
5.71 3.59 5.15 2.80 7.07 8.27 3.36 3.37 4.01 3.77 5.27 5.40 5.90 7.22 8.40 0.00 2.02 3.48 6.14 8.84 6.30 7.41 0.00 4.74 0.00 3.66 4.73 3.61 5.04 6.14 3.45 3.91 6395686
6.30 3.60 0.00 3.07 6.86 8.26 3.35 3.44 4.07 3.81 5.13 5.27 6.01 7.29 8.39 0.00 2.07 3.38 6.86 8.94 6.39 0.00 0.00 4.62 0.00 3.82 4.70 4.09 4.90 6.25 3.41 3.41 6408776
5.78 3.57 5.30 0.00 6.81 8.31 3.37 3.56 4.13 3.82 5.50 5.43 6.03 7.21 8.38 0.00 2.73 3.54 0.00 9.06 0.00 7.46 0.00 4.71 0.00 4.39 4.72 3.69 4.95 6.14 3.48 3.42 6421866
5.77 3.60 5.26 0.00 6.96 8.24 3.41 3.52 4.14 3.79 5.21 5.22 6.19 7.18 8.98 0.00 3.02 3.51 6.73 8.57 6.44 7.58 0.00 5.70 0.00 3.68 4.82 0.00 4.92 6.19 3.41 3.40 6434956
5.36 3.60 5.25 0.00 6.94 8.22 3.34 3.54 3.88 3.79 5.25 5.38 6.03 7.23 8.38 0.00 0.00 3.62 6.57 8.71 5.96 0.00 0.00 4.93 0.00 3.86 4.76 4.01 5.00 6.38 3.43 3.41 6448046
5.84 3.59 0.00 3.02 7.32 8.19 3.22 3.51 4.02 3.80 5.15 5.28 5.89 7.35 8.34 0.00 0.00 3.66 6.46 9.32 0.00 0.00 0.00 4.24 0.00 3.86 4.77 3.67 5.30 6.23 3.41 3.46 6461136
5.29 3.60 5.21 3.01 0.00 8.22 3.47 3.47 3.83 3.69 5.13 5.65 6.13 7.55 8.41 0.00 0.00 3.69 7.34 9.07 6.34 0.00 0.00 4.23 0.00 3.80 4.84 3.89 5.02 6.33 3.40 4.12 6474226
5.54 3.59 5.24 2.73 6.89 8.22 3.38 3.41 3.93 3.72 5.15 5.34 6.07 7.22 8.39 0.00 2.62 3.50 7.03 8.67 6.18 0.00 0.00 5.69 0.00 4.44 4.80 3.81 5.02 6.22 3.72 3.69 6487316
5.45 3.59 5.24 2.80 6.72 8.12 3.36 3.54 3.96 3.84 5.15 5.98 0.00 7.28 8.36 0.00 2.62 0.00 6.67 8.66 6.15 0.00 0.00 4.57 0.00 3.89 4.80 4.12 5.03 6.17 3.41 3.57 6500406
5.47 3.59 5.24 3.04 6.79 8.08 3.33 3.46 3.96 3.70 5.26 5.29 6.15 7.19 8.37 0.00 2.56 3.56 6.69 8.67 6.29 0.00 0.00 4.40 0.00 3.70 4.81 3.91 5.18 6.19 3.43 3.55 6513496
5.58 3.58 5.23 2.95 6.69 8.24 3.34 3.40 3.96 3.75 5.21 5.27 5.93 7.18 8.38 0.00 0.00 3.60 6.74 8.68 0.00 7.59 0.00 4.43 0.00 4.48 4.83 3.87 5.00 6.20 3.37 3.47 6526586
5.50 3.59 5.26 3.01 6.76 8.20 3.21 3.39 3.91 3.74 5.10 5.26 5.98 7.20 8.34 0.00 0.00 3.85 6.74 0.00 6.44 7.74 0.00 4.49 0.00 3.81 4.81 4.00 5.24 6.21 3.40 3.50 6539676
5.53 3.58 0.00 0.00 6.71 8.21 3.23 3.41 4.01 3.76 5.09 5.26 5.96 7.18 8.37 0.00 0.00 3.55 6.67 0.00 0.00 7.61 0.00 4.41 0.00 3.72 4.81 4.04 5.00 6.24 3.41 3.49 6552766
5.65 3.59 5.91 2.98 6.71 8.22 3.15 3.51 3.98 3.76 5.14 5.38 6.26 7.29 8.35 0.00 0.00 3.89 6.95 8.48 6.56 0.00 0.00 4.45 0.00 3.99 4.86 0.00 5.06 6.19 3.42 3.55 6565856
0.00 3.60 5.23 0.00 6.71 8.07 3.32 3.48 3.99 3.73 5.26 5.99 6.20 7.11 8.56 0.00 2.33 3.51 0.00 8.65 6.38 0.00 0.00 4.54 0.00 4.11 4.86 0.00 4.91 6.28 3.42 3.46 6578946
5.55 3.60 5.21 0.00 6.70 8.24 3.35 3.45 3.91 3.74 5.19 5.31 6.00 7.10 8.36 0.00 2.52 3.52 6.97 8.51 0.00 7.71 0.00 4.46 0.00 3.81 4.82 3.88 5.05 6.34 3.39 3.48 6592036
0.00 3.62 5.19 3.03 6.68 8.10 3.17 3.57 3.90 3.78 5.12 0.00 6.12 7.23 8.37 0.00 2.22 3.64 6.94 8.54 0.00 0.00 0.00 4.45 0.00 0.00 4.83 0.00 4.92 6.41 3.46 3.46 6605126
5.59 3.61 5.26 3.02 6.80 8.07 3.29 3.64 3.70 3.87 5.27 5.65 5.97 7.13 8.62 0.00 2.08 3.59 6.78 8.65 0.00 8.11 0.00 5.30 0.00 3.82 4.94 3.60 4.99 6.31 3.42 3.47 6618216
0.00 3.60 5.25 2.77 6.80 8.08 3.33 3.64 3.86 3.76 5.27 5.32 5.92 7.13 8.33 0.00 3.03 3.81 6.79 8.51 6.48 0.00 0.00 4.69 0.00 3.77 4.84 3.70 4.98 6.19 3.45 3.49 6631306
5.42 3.58 5.21 0.00 6.85 8.11 3.34 3.53 3.61 3.73 5.21 5.25 6.03 7.09 8.31 0.00 0.00 3.46 6.69 8.62 0.00 7.61 0.00 4.64 0.00 4.01 4.84 3.72 4.96 6.23 3.40 4.10 6644396
5.70 3.60 5.23 0.00 7.02 8.28 3.12 3.76 3.82 3.86 5.32 5.34 6.09 7.17 8.26 0.00 2.16 3.47 6.58 8.65 0.00 0.00 0.00 4.80 0.00 3.73 4.93 0.00 5.02 6.24 3.44 3.49 6657486
5.53 3.66 0.00 0.00 6.67 8.09 3.29 3.60 3.98 3.78 5.10 5.25 6.15 7.24 8.55 0.00 0.00 3.51 6.82 9.21 0.00 7.50 0.00 4.68 0.00 3.81 4.89 3.86 5.00 6.89 3.43 3.48 6670576
5.52 3.60 5.27 0.00 6.79 8.29 3.22 3.75 3.62 3.93 5.11 5.35 6.07 7.24 8.39 0.00 2.13 3.52 6.88 9.14 0.00 0.00 0.00 4.53 0.00 3.87 4.97 4.11 5.01 6.24 3.77 3.45 6683666
0.00 3.62 5.25 2.86 6.72 8.24 3.06 3.51 3.65 3.76 5.15 5.32 6.03 7.05 8.25 0.00 2.09 3.63 0.00 9.22 6.30 0.00 0.00 4.58 0.00 0.00 5.04 4.25 5.02 6.50 3.48 3.41 6696756
5.56 3.61 5.36 0.00 6.75 8.17 3.17 3.68 3.62 3.75 5.09 5.35 5.99 7.29 8.33 0.00 2.02 3.47 0.00 8.50 0.00 7.46 0.00 4.80 0.00 3.84 5.02 0.00 4.92 6.23 3.45 3.54 6709846
5.32 3.58 0.00 3.06 6.75 8.25 3.11 3.46 3.14 3.50 5.19 0.00 6.06 7.16 8.38 0.00 2.08 3.52 0.00 0.00 0.00 0.00 0.00 0.00 0.00 3.95 4.96 3.98 5.01 6.21 3.59 3.38 6722936
5.57 3.60 5.36 0.00 6.70 8.17 3.21 3.66 3.70 3.73 5.11 5.35 6.02 7.17 8.24 0.00 2.21 3.44 6.63 8.68 6.35 7.65 0.00 5.60 0.00 3.84 4.96 3.76 5.01 6.84 3.43 3.55 6736026
5.64 3.63 0.00 0.00 7.22 8.29 2.93 3.47 3.65 3.81 5.19 5.29 6.59 7.03 8.14 0.00 2.52 3.53 0.00 8.77 6.41 7.57 0.00 4.71 0.00 4.00 5.05 3.79 5.01 6.28 3.46 3.39 6749116
5.69 3.61 5.38 0.00 6.65 8.23 3.03 3.57 3.58 3.72 5.15 5.40 5.98 7.01 8.41 0.00 2.76 3.44 0.00 8.68 0.00 7.57 0.00 4.46 0.00 3.86 5.09 3.79 5.00 6.19 3.44 3.81 6762206
5.36 3.61 0.00 0.00 6.91 8.02 3.19 3.64 3.54 3.75 5.15 5.32 6.09 7.12 8.28 0.00 2.82 3.62 0.00 8.97 0.00 7.50 0.00 0.00 0.00 4.01 5.28 3.83 4.94 6.46 3.46 3.39 6775296
5.36 3.61 5.28 0.00 6.81 8.29 2.85 3.53 3.53 3.78 5.20 5.39 6.04 7.05 8.13 0.00 2.27 3.47 7.21 8.68 0.00 7.51 0.00 4.66 0.00 3.90 5.13 3.80 5.04 6.80 3.52 0.00 6788386
5.79 3.62 0.00 0.00 6.92 8.15 2.88 3.59 3.60 3.80 5.13 5.28 6.15 7.06 8.22 0.00 0.00 3.48 6.65 9.14 6.40 7.61 9.58 4.95 0.00 4.01 5.41 3.74 5.13 6.18 3.47 3.58 6801476
5.76 3.59 0.00 3.04 6.87 8.16 2.81 3.61 3.46 3.83 5.13 5.35 6.13 7.15 8.19 0.00 0.00 3.35 6.56 8.95 5.96 7.58 0.00 5.59 0.00 4.17 5.27 3.79 4.98 6.26 3.50 3.41 6814566
5.35 3.62 0.00 0.00 6.81 0.00 2.74 3.72 3.47 3.75 5.31 5.35 6.02 7.12 8.15 0.00 0.00 3.43 7.09 8.67 0.00 7.54 8.42 4.42 0.00 4.08 5.22 4.03 4.97 6.39 3.48 3.48 6827656
5.03 3.64 5.31 0.00 6.69 8.36 2.78 3.56 3.50 3.80 5.23 5.59 6.00 7.04 8.23 0.00 0.00 3.40 0.00 8.68 0.00 7.52 0.00 5.27 0.00 4.50 5.23 4.03 4.97 6.27 3.48 3.54 6840746
5.27 3.60 5.37 0.00 6.78 8.11 2.77 3.79 3.55 3.77 5.13 5.36 6.17 7.14 0.00 0.00 2.11 3.41 7.02 8.99 0.00 7.54 0.00 0.00 0.00 4.10 5.29 3.61 5.05 6.23 3.49 3.46 6853836
5.23 3.54 0.00 3.07 6.71 8.07 2.66 3.61 3.66 3.69 5.52 5.33 5.82 6.78 8.20 0.00 2.71 3.21 4.53 0.00 0.00 0.00 0.00 3.86 0.00 4.08 5.48 4.27 5.12 6.23 3.47 3.61 6866926
5.09 3.59 0.00 3.06 6.88 8.36 2.83 3.65 3.45 3.74 5.29 5.37 6.02 6.93 8.11 0.00 2.30 3.39 6.79 9.40 0.00 0.00 9.89 4.55 0.00 4.09 5.49 3.66 5.06 6.29 3.60 3.43 6880016
4.89 3.59 5.41 3.10 6.75 8.04 2.77 3.69 3.43 3.84 5.22 5.45 5.77 6.44 7.67 7.69 2.70 3.47 6.52 8.76 6.21 0.00 9.92 0.00 0.00 4.38 5.48 3.74 4.92 6.23 3.47 3.41 6893106
4.88 3.58 5.39 0.00 6.69 8.05 2.93 3.73 3.43 3.19 5.19 5.47 6.18 6.55 7.79 8.05 0.00 3.25 6.66 9.24 6.53 7.63 0.00 4.53 0.00 4.21 5.53 4.00 5.02 6.67 3.48 3.51 6906196
4.81 3.62 0.00 3.03 6.88 8.10 2.70 3.96 3.40 2.16 5.33 5.47 5.86 6.61 7.50 7.85 0.00 3.64 6.36 8.62 6.57 7.62 9.75 4.62 0.00 4.40 5.66 3.67 5.17 6.45 3.53 3.63 6919286
5.20 3.58 5.18 0.00 6.70 8.05 2.67 3.83 3.56 3.80 5.24 5.50 6.07 6.41 7.75 0.00 2.62 3.21 6.58 9.11 5.65 8.04 8.95 4.56 0.00 4.21 5.57 3.85 4.95 6.61 3.52 3.52 6932376
4.83 3.61 5.21 3.10 6.58 8.02 2.66 3.83 3.38 3.74 5.35 5.42 5.92 6.29 7.41 8.06 0.00 3.27 6.86 8.70 6.55 0.00 9.62 4.47 0.00 4.29 5.62 3.74 5.15 6.32 3.48 3.48 6945466
4.74 3.59 5.14 0.00 6.87 8.14 2.67 4.21 3.44 3.86 5.30 5.50 5.99 6.37 7.39 7.76 2.78 3.35 6.63 8.71 6.21 7.59 9.84 3.12 0.00 4.40 5.73 4.00 5.08 6.67 3.53 3.46 6958556
4.67 3.62 5.39 0.00 6.79 8.19 2.71 4.30 3.45 3.84 5.24 5.58 6.34 6.29 7.39 8.60 2.02 3.45 6.73 8.72 6.44 7.74 0.00 5.18 0.00 4.34 5.77 3.74 5.01 6.29 3.37 3.44 6971646
4.76 3.70 0.00 3.01 6.56 8.06 2.63 4.33 3.37 3.82 5.17 5.51 6.03 6.23 7.31 0.00 0.00 3.51 6.97 8.64 5.73 7.68 0.00 0.00 0.00 4.28 5.83 4.34 5.04 6.28 3.53 3.57 6984736
5.31 3.58 5.38 2.99 6.65 8.12 2.64 4.12 3.33 3.84 5.18 5.95 5.79 6.39 7.42 0.00 0.00 3.53 6.58 8.70 6.30 7.68 0.00 5.05 0.00 4.28 5.92 3.66 4.41 6.32 3.61 3.46 6997826
5.00 3.58 5.31 0.00 6.61 8.05 2.68 4.09 3.29 3.82 5.33 5.59 5.80 6.25 7.32 0.00 0.00 3.48 0.00 8.62 6.29 7.65 0.00 4.49 0.00 4.33 5.95 3.72 5.06 6.37 3.60 3.48 7010916
4.64 3.55 0.00 0.00 6.63 8.11 2.69 4.06 3.32 3.86 5.32 5.88 6.07 6.23 7.34 8.48 0.00 3.62 6.95 8.87 0.00 7.64 0.00 4.97 0.00 4.46 6.03 3.62 5.11 6.38 3.81 0.00 7024006
4.86 3.62 0.00 0.00 6.63 8.13 2.71 4.06 3.43 3.69 5.17 5.52 6.39 6.30 7.28 7.88 2.85 3.43 6.63 0.00 6.40 0.00 0.00 5.48 0.00 4.58 5.89 4.24 5.05 6.44 3.59 3.57 7037096
4.79 3.60 0.00 0.00 6.57 8.06 2.64 4.32 3.30 3.84 5.29 5.82 5.76 6.47 7.36 8.09 0.00 3.37 6.79 0.00 0.00 7.64 9.89 0.00 0.00 4.64 5.99 3.55 3.50 6.40 3.63 3.49 7050186
4.77 3.60 5.34 3.04 6.78 8.05 2.59 4.08 3.27 3.88 5.42 5.50 5.66 6.38 7.52 7.59 0.00 3.67 6.71 0.00 0.00 7.65 0.00 4.52 0.00 4.66 6.07 4.01 5.14 6.38 3.61 3.50 7063276
4.67 3.59 5.39 0.00 6.62 8.05 2.80 4.14 3.34 3.89 5.23 5.92 5.88 6.56 0.00 7.56 2.26 3.58 6.63 0.00 0.00 0.00 0.00 5.40 0.00 4.71 6.28 3.95 5.03 6.36 3.72 3.46 7076366
4.67 3.57 5.26 3.06 6.76 8.05 2.69 4.14 3.24 3.96 5.25 5.52 5.90 6.55 0.00 7.83 0.00 4.01 6.74 9.34 6.47 0.00 0.00 4.59 0.00 4.66 6.01 3.90 5.14 6.35 3.59 3.55 7089456
4.79 3.59 5.30 3.04 6.76 8.05 2.64 4.15 3.22 3.85 5.26 5.75 5.97 6.35 7.32 8.09 0.00 3.47 6.96 0.00 0.00 7.60 0.00 4.76 0.00 4.63 6.20 4.09 5.07 6.74 3.57 3.55 7102546
4.92 3.58 5.47 3.00 6.77 8.07 2.76 4.20 3.24 3.76 5.18 5.49 5.62 6.31 7.47 8.17 2.24 3.59 6.78 8.61 6.35 0.00 0.00 4.60 0.00 4.72 6.14 3.65 5.09 6.36 3.70 3.48 7115636
4.76 3.59 5.19 0.00 7.31 8.05 2.67 4.10 3.29 3.81 5.29 5.53 5.63 6.32 7.40 7.78 0.00 3.73 6.96 0.00 0.00 7.67 0.00 5.52 0.00 0.00 6.30 3.87 5.02 6.26 3.57 3.47 7128726
4.71 3.58 5.15 0.00 6.82 8.05 2.66 4.26 3.29 3.82 5.24 5.65 5.76 6.49 7.53 7.78 2.03 3.63 0.00 0.00 6.43 0.00 0.00 5.68 0.00 4.81 6.16 4.03 5.05 6.27 3.60 3.51 7141816
4.77 3.59 5.87 0.00 6.77 8.04 2.68 4.22 3.23 3.84 5.32 0.00 5.86 6.46 7.36 7.60 0.00 3.78 7.07 0.00 0.00 0.00 0.00 0.00 0.00 0.00 6.15 4.20 5.07 6.30 3.56 3.55 7154906
4.72 3.59 5.11 3.05 6.80 8.05 2.70 4.25 3.23 3.78 5.22 5.58 5.86 6.26 7.41 7.65 2.90 3.69 0.00 0.00 6.36 7.63 0.00 4.67 0.00 4.58 6.28 4.00 5.07 6.37 3.56 3.55 7167996
4.71 3.55 5.11 0.00 6.80 8.03 2.78 4.29 3.24 3.80 5.24 5.59 6.09 6.28 7.59 7.86 2.74 3.49 0.00 0.00 6.38 7.65 0.00 4.61 0.00 4.77 6.14 3.62 5.02 6.41 3.58 3.51 7181086
4.67 3.57 5.00 3.05 6.80 8.03 2.82 4.26 3.35 3.81 5.31 5.51 5.95 6.18 7.34 7.67 2.64 3.68 0.00 0.00 0.00 7.76 0.00 5.25 0.00 4.61 6.35 3.65 5.45 6.29 3.56 3.63 7194176
4.60 3.57 5.09 3.04 6.77 8.05 3.25 4.23 3.23 3.81 5.33 5.51 5.95 6.36 7.30 8.06 2.85 3.66 7.20 8.61 0.00 7.71 0.00 4.49 0.00 4.50 6.20 3.84 5.10 6.58 3.59 3.52 7207266
5.40 3.60 5.32 2.80 6.78 8.05 2.93 4.34 3.21 3.88 5.27 5.53 6.10 6.29 7.31 7.98 2.77 3.53 0.00 8.62 0.00 7.70 0.00 0.00 0.00 4.60 6.16 4.12 5.08 6.32 3.57 3.57 7220356
4.69 3.59 5.13 0.00 6.79 8.08 2.93 4.30 3.21 3.86 5.30 5.54 6.43 6.23 7.37 8.06 2.67 3.67 0.00 8.87 0.00 7.63 0.00 4.88 0.00 4.56 6.24 3.63 5.18 6.39 3.66 4.24 7233446
0.00 3.57 5.24 3.03 6.80 8.07 2.69 4.33 3.23 3.83 5.28 5.49 6.07 6.32 0.00 0.00 2.30 3.90 0.00 8.85 0.00 7.59 0.00 5.38 0.00 4.53 6.17 3.63 4.97 6.49 3.59 3.53 7246536
4.73 3.57 5.22 3.08 6.79 8.07 2.72 4.44 3.27 3.81 5.29 5.60 6.18 6.40 8.00 7.64 2.25 3.94 6.56 8.87 0.00 7.59 0.00 4.61 0.00 4.51 6.16 3.70 5.21 6.56 3.60 3.53 7259626
4.76 3.57 5.19 3.02 6.80 8.08 2.73 4.36 3.23 3.80 5.23 5.58 5.63 6.26 7.41 7.58 2.42 3.61 0.00 8.86 6.40 8.25 0.00 0.00 0.00 4.96 6.22 3.89 4.96 6.47 3.69 3.50 7272716
4.84 3.55 5.27 0.00 6.85 8.07 2.69 4.40 3.22 3.89 5.29 5.48 5.67 6.26 7.37 7.61 2.18 3.63 0.00 8.88 0.00 7.69 0.00 4.43 0.00 4.48 6.19 3.68 5.10 6.32 3.62 3.63 7285806
4.63 3.58 5.29 3.08 6.80 8.09 2.74 4.35 0.00 3.96 5.22 5.60 5.67 6.44 7.35 7.66 2.16 3.69 0.00 8.85 6.57 8.26 0.00 5.26 0.00 4.60 6.32 3.86 5.06 6.36 3.60 3.48 7298896
4.65 3.59 5.17 3.06 6.80 8.09 2.72 4.11 3.29 3.87 5.27 5.50 5.64 6.52 7.34 7.66 2.16 3.64 6.86 8.84 0.00 0.00 0.00 5.37 0.00 5.14 6.28 3.76 5.10 6.28 3.85 3.49 7311986
4.65 3.58 5.21 0.00 6.82 8.07 2.75 4.23 3.22 3.83 5.25 5.53 5.89 6.27 7.34 7.93 0.00 3.88 6.85 8.87 6.43 7.69 0.00 0.00 0.00 4.57 6.31 3.76 5.01 6.41 3.64 3.50 7325076
4.62 3.58 5.28 0.00 6.84 8.11 2.71 4.16 3.24 3.79 5.32 5.50 5.89 6.34 0.00 7.90 0.00 3.56 0.00 8.86 0.00 0.00 0.00 5.33 0.00 4.59 6.28 3.62 5.03 6.30 3.60 3.49 7338166
4.67 3.60 5.93 0.00 6.61 8.09 3.09 4.19 3.25 3.82 5.32 5.63 5.67 6.38 7.36 7.51 2.67 3.72 0.00 8.87 0.00 0.00 0.00 5.24 0.00 4.61 6.34 3.80 5.00 6.30 3.63 0.00 7351256
4.90 3.58 0.00 0.00 6.78 8.10 2.76 4.50 3.29 3.91 5.32 5.59 6.48 6.36 0.00 7.59 2.00 3.49 0.00 9.34 6.34 7.66 0.00 5.59 0.00 4.97 6.51 3.57 5.01 6.28 3.65 3.73 7364346
4.52 3.57 0.00 0.00 6.75 8.05 2.94 4.46 3.27 3.85 5.37 5.92 5.89 6.26 7.40 7.69 2.88 3.50 7.12 8.87 0.00 7.72 0.00 5.08 0.00 4.55 6.41 3.70 5.26 6.53 3.67 3.56 7377436
4.75 3.57 5.39 0.00 6.51 8.10 2.99 4.36 3.22 3.92 5.29 5.52 0.00 6.52 7.45 7.66 2.68 3.69 6.78 0.00 6.33 0.00 0.00 5.24 0.00 4.76 6.49 4.17 4.99 6.45 3.69 3.56 7390526
4.64 3.60 0.00 2.88 6.48 7.95 2.82 4.45 3.31 3.91 5.35 5.68 5.72 6.22 7.31 7.60 0.00 3.87 0.00 8.61 0.00 7.60 0.00 0.00 0.00 4.60 6.43 3.73 5.13 6.36 3.70 3.50 7403616
4.68 3.62 0.00 0.00 6.51 8.09 2.92 4.62 3.22 3.98 5.40 5.68 5.58 6.29 7.34 7.88 2.72 3.64 0.00 8.85 0.00 7.62 0.00 4.38 0.00 4.62 6.75 4.29 5.28 6.34 3.64 3.61 7416706
4.75 3.59 0.00 0.00 6.69 8.04 2.91 4.69 3.22 3.93 5.32 5.55 5.60 6.27 7.38 8.31 2.67 3.74 0.00 8.62 6.48 0.00 0.00 4.88 0.00 5.10 6.49 3.78 4.92 6.37 3.68 3.50 7429796
4.69 3.59 5.38 0.00 6.51 7.94 3.02 4.57 3.22 3.89 5.31 5.57 5.54 6.19 7.52 7.80 0.00 3.51 0.00 8.83 0.00 7.66 0.00 5.21 0.00 0.00 6.57 3.78 5.25 6.79 3.64 3.57 7442886
4.74 3.60 0.00 0.00 6.54 8.01 3.07 4.63 3.33 3.66 5.26 5.71 5.58 6.54 7.38 7.61 2.32 3.67 0.00 8.74 6.55 7.63 0.00 5.47 0.00 4.75 6.67 3.91 5.06 6.75 3.67 4.16 7455976
4.68 3.60 5.42 2.95 6.53 7.99 2.86 4.75 3.31 3.94 5.30 5.69 5.58 6.36 7.36 7.56 2.61 3.55 0.00 8.79 6.39 7.58 0.00 4.49 0.00 5.04 6.61 3.77 5.15 6.59 3.66 3.55 7469066
4.67 3.56 5.38 0.00 6.65 8.22 3.20 4.61 3.17 3.95 5.49 5.65 5.57 6.22 7.38 7.56 0.00 3.46 0.00 8.90 6.44 7.66 0.00 0.00 0.00 4.74 6.68 3.72 5.03 6.41 2.81 3.58 7482156
5.04 3.60 0.00 0.00 6.46 8.04 3.12 4.84 3.13 4.09 5.45 5.72 5.68 6.24 7.35 7.35 2.11 3.53 0.00 8.77 0.00 7.68 9.92 4.40 0.00 4.73 6.62 3.89 5.07 6.40 3.64 3.53 7495246
4.68 3.66 0.00 0.00 6.51 8.03 3.09 4.76 3.13 3.38 5.34 5.86 5.76 6.18 7.58 7.46 2.49 3.50 0.00 8.93 0.00 0.00 0.00 5.06 0.00 4.83 6.73 4.01 5.06 6.34 3.69 3.63 7508336
4.81 3.60 5.39 0.00 6.73 8.06 3.17 5.00 3.13 3.85 5.27 6.00 5.95 6.60 7.42 7.41 2.36 3.42 6.96 8.82 0.00 0.00 9.77 4.69 0.00 5.61 6.84 3.76 5.12 6.38 3.71 3.53 7521426
5.01 3.59 5.07 2.86 6.51 8.29 3.07 5.07 3.19 3.59 5.37 5.83 5.65 6.35 7.41 7.33 0.00 3.57 6.90 8.75 6.40 0.00 0.00 4.95 0.00 5.24 6.91 3.63 4.90 6.38 3.91 3.54 7534516
4.65 3.58 5.18 3.00 6.64 8.24 3.64 5.17 3.18 3.93 5.31 5.70 5.58 6.47 7.35 7.35 2.95 3.68 0.00 8.78 0.00 0.00 9.92 4.32 0.00 5.28 6.85 3.78 5.50 6.52 3.82 3.65 7547606
4.58 3.60 5.80 3.03 0.00 7.91 3.35 5.08 3.25 3.96 5.41 5.75 5.63 6.41 7.94 7.47 2.58 3.30 0.00 8.60 6.47 0.00 9.86 4.48 0.00 5.06 6.93 3.74 4.91 6.35 3.66 3.72 7560696
4.60 3.64 5.18 2.88 6.44 8.02 3.43 5.41 3.25 3.98 5.26 5.99 5.61 6.27 7.38 7.32 2.49 3.52 6.75 0.00 6.36 0.00 0.00 4.63 0.00 5.21 6.92 3.80 5.02 7.04 3.72 3.59 7573786
4.55 3.63 5.29 2.67 6.44 7.84 3.64 5.17 3.22 3.67 5.44 5.89 5.51 6.23 7.43 7.32 2.92 3.45 6.61 8.81 6.46 8.03 0.00 4.73 0.00 0.00 7.11 3.95 5.01 6.57 3.71 3.62 7586876
4.61 3.60 5.23 2.87 6.53 8.12 3.51 5.43 3.20 3.37 5.32 5.97 5.32 6.39 7.44 7.68 0.00 3.66 6.43 8.84 0.00 7.95 0.00 4.52 0.00 5.16 7.04 3.80 5.10 6.36 3.73 3.65 7599966
4.57 3.62 5.21 2.91 6.34 8.08 3.65 5.24 3.32 3.98 5.37 5.89 5.91 6.37 7.41 7.41 0.00 3.56 6.37 8.86 5.18 7.81 0.00 4.55 0.00 5.71 7.18 3.84 5.03 6.41 3.65 3.61 7613056
4.92 3.60 5.31 2.89 6.57 7.64 3.31 5.89 3.25 2.70 5.48 5.98 5.44 6.22 7.64 7.41 2.24 3.58 6.54 8.93 6.48 0.00 2.22 0.00 0.00 5.33 7.31 3.88 4.47 6.50 3.97 3.62 7626146
4.63 3.62 5.13 3.37 7.11 7.67 3.76 5.52 3.25 3.98 5.40 0.00 5.39 6.30 7.53 7.24 2.75 3.48 6.17 8.95 0.00 7.63 0.00 4.53 0.00 5.51 7.24 3.76 4.74 6.33 3.66 3.69 7639236
4.65 3.57 5.27 2.69 6.41 7.63 3.27 5.49 3.10 4.02 5.51 6.71 5.27 6.42 7.43 7.42 2.01 3.56 6.56 0.00 6.35 0.00 9.96 4.62 0.00 0.00 7.32 4.01 5.13 6.34 3.65 3.64 7652326
4.97 3.59 5.14 2.32 7.05 7.63 3.16 0.00 3.15 4.12 5.47 6.03 5.18 6.53 7.46 7.33 2.51 3.38 6.97 8.85 0.00 0.00 9.98 4.82 0.00 5.62 7.34 3.71 5.10 6.55 3.69 3.77 7665416
5.06 3.66 5.12 0.00 6.40 6.96 3.52 0.00 3.20 4.03 5.35 6.01 5.20 6.45 7.66 7.26 0.00 3.37 7.06 8.83 0.00 0.00 0.00 5.03 0.00 5.50 7.40 3.82 5.31 6.42 3.67 3.77 7678506
4.54 3.58 5.25 3.01 6.39 7.06 3.25 0.00 3.27 4.01 5.41 6.08 5.10 6.39 7.39 7.50 2.50 3.44 6.80 9.48 0.00 0.00 5.41 4.66 0.00 5.49 7.46 3.79 5.27 6.73 3.65 3.54 7691596
4.62 3.60 5.21 2.74 6.40 7.00 3.50 5.56 3.14 4.03 6.05 6.11 5.94 6.46 7.57 7.25 2.02 3.49 6.51 8.80 6.44 7.71 0.00 4.91 0.00 5.87 7.68 4.02 5.20 6.38 3.68 3.91 7704686
4.53 3.62 5.37 2.88 6.47 7.00 3.66 5.58 3.25 3.63 5.32 6.11 4.96 6.38 7.49 7.59 2.72 3.48 6.52 0.00 0.00 0.00 9.94 0.00 0.00 5.32 7.61 4.27 5.09 6.40 3.69 3.77 7717776
4.58 3.59 4.97 2.98 6.50 7.04 3.35 5.56 3.18 4.15 5.45 6.08 5.18 4.35 7.43 7.20 2.10 3.88 6.33 8.91 6.27 0.00 0.00 5.14 0.00 5.54 7.61 4.09 4.06 6.35 3.63 3.52 7730866
4.49 3.58 5.10 3.27 6.34 6.83 3.12 5.53 3.22 4.09 5.36 6.84 4.87 4.90 7.42 7.21 2.10 3.46 6.58 8.82 6.30 0.00 5.77 4.33 0.00 5.50 7.65 4.11 5.20 6.44 3.67 3.63 7743956
4.45 3.60 5.13 2.90 6.49 6.68 3.20 0.00 3.20 4.10 5.16 6.04 4.88 5.03 7.44 7.34 2.25 3.46 6.71 8.92 6.37 0.00 0.00 4.35 0.00 5.37 7.73 3.94 5.06 6.47 3.67 3.54 7757046
4.51 3.59 5.46 2.77 6.31 6.66 3.23 0.00 3.23 3.85 5.65 6.77 5.14 6.73 7.52 7.22 2.89 3.52 6.86 0.00 6.38 0.00 0.00 4.91 0.00 5.35 7.82 3.86 5.18 6.45 3.98 3.56 7770136
4.51 3.56 5.27 0.00 6.00 6.73 3.21 0.00 3.32 3.67 5.35 6.08 4.97 6.39 7.50 7.18 2.29 3.89 7.33 9.17 0.00 0.00 4.02 0.00 0.00 5.76 7.79 4.01 4.64 6.40 3.70 3.59 7783226
4.42 3.59 4.98 0.00 5.98 6.42 3.13 5.43 2.98 3.76 5.52 6.05 4.73 4.22 7.51 7.24 2.23 3.40 6.30 8.80 6.47 0.00 0.00 0.00 0.00 5.50 7.87 3.75 5.32 6.43 3.71 3.57 7796316
4.45 3.58 0.00 2.96 5.84 6.24 3.17 0.00 3.16 3.09 5.24 6.19 4.77 6.55 7.42 7.47 2.26 3.73 6.39 8.83 0.00 7.80 0.00 4.73 0.00 5.52 7.98 3.75 5.29 5.00 3.70 3.61 7809406
4.43 3.59 5.20 0.00 5.87 6.33 3.28 0.00 2.76 4.19 5.38 6.27 4.70 5.00 7.46 7.16 2.04 3.64 6.41 9.44 0.00 0.00 4.35 4.63 0.00 0.00 7.39 4.45 4.89 6.50 3.72 3.61 7822496
4.47 3.56 5.33 0.00 6.16 6.26 3.23 5.30 3.24 4.07 5.50 6.61 4.80 6.70 7.44 7.05 2.90 3.67 5.83 9.10 6.18 0.00 9.86 5.44 0.00 5.74 8.09 3.86 5.29 6.43 3.50 3.61 7835586
4.62 3.51 5.46 2.74 5.48 5.90 3.38 0.00 2.84 3.21 5.36 6.65 5.19 6.59 7.41 7.75 2.13 3.73 6.33 8.77 0.00 0.00 7.20 4.58 0.00 0.00 8.12 4.13 5.27 6.69 3.72 3.66 7848676
4.59 3.55 4.92 2.68 5.58 4.35 3.36 0.00 3.15 3.85 5.44 6.29 4.72 3.88 7.49 7.05 2.07 3.75 6.58 7.45 4.75 0.00 4.05 4.44 0.00 5.82 4.05 3.96 5.39 6.48 3.76 3.57 7861766
4.67 3.58 5.32 2.86 5.19 3.59 3.22 0.00 3.05 4.39 5.31 6.30 4.63 5.60 7.52 7.09 2.04 3.93 6.07 9.01 6.41 7.73 2.69 4.14 0.00 5.78 8.18 3.90 4.46 6.53 3.78 3.82 7874856
4.65 3.57 5.22 2.86 5.23 2.77 3.39 0.00 2.87 3.85 5.39 6.52 4.37 3.60 6.55 7.21 2.09 3.40 3.99 8.99 6.35 0.00 0.00 4.58 0.00 6.03 8.16 4.16 4.80 6.57 3.79 3.79 7887946
4.72 3.47 5.31 2.72 4.61 4.79 3.36 5.47 2.62 2.52 3.58 6.37 4.70 2.30 7.65 6.44 2.28 3.66 6.17 8.89 3.76 0.00 3.34 5.21 0.00 5.76 8.19 4.05 2.64 6.52 3.97 3.84 7901036
4.87 3.12 3.26 2.20 4.28 3.18 2.75 3.36 2.56 2.38 3.11 5.62 3.49 2.58 4.81 2.26 2.99 3.35 3.37 5.49 4.47 6.64 3.16 3.24 0.00 6.18 5.80 4.31 4.31 4.01 3.81 3.92 7914126
3.40 2.49 2.97 3.12 2.38 2.89 3.35 4.22 2.60 2.23 3.11 4.83 2.64 2.31 2.79 6.01 2.87 3.59 4.04 2.15 2.71 6.16 2.53 3.22 0.00 6.12 6.01 4.25 3.79 5.28 3.83 3.31 7927216
2.34 2.87 4.86 2.21 2.54 2.66 2.87 3.55 2.46 2.41 2.74 3.12 2.82 2.87 3.93 4.29 2.09 2.78 2.35 2.22 2.43 0.00 2.56 2.22 0.00 3.51 2.36 2.98 3.45 4.17 3.68 4.01 7940306
3.72 2.32 3.78 2.76 2.88 2.12 2.80 2.66 2.61 3.13 3.33 2.79 2.94 2.79 2.22 3.39 2.16 2.22 2.68 2.91 3.77 5.74 2.42 2.12 0.00 3.21 2.62 4.75 2.74 2.60 2.81 3.04 7953396
4.15 2.55 2.61 2.51 4.50 2.51 2.46 2.20 2.39 2.84 2.56 2.61 2.43 2.40 2.37 2.16 2.25 3.66 2.88 2.64 2.28 2.53 2.77 2.38 0.00 2.18 2.83 4.09 2.83 3.06 2.95 2.47 7966486
0.00 3.25 2.06 2.44 3.06 2.43 2.84 3.15 2.40 2.26 3.89 2.59 2.63 2.27 2.38 3.08 2.52 3.51 2.82 2.94 2.99 0.00 2.56 2.36 0.00 0.00 2.69 2.37 2.22 3.07 2.48 2.46 7979576
2.32 2.16 2.47 2.33 3.36 2.40 2.11 2.28 2.35 2.44 3.41 2.48 2.20 2.60 2.65 2.21 2.27 2.45 2.61 3.14 2.57 2.11 2.52 2.37 0.00 2.67 2.23 2.46 2.66 3.05 2.70 2.37 7992666
2.83 2.28 2.47 2.48 2.42 2.67 2.56 2.26 2.31 2.15 2.81 2.54 2.37 2.44 2.87 2.20 2.15 2.54 2.95 2.33 2.22 0.00 2.38 2.42 0.00 2.98 2.45 2.04 3.61 2.55 2.49 2.30 8005756
2.82 2.67 2.80 2.43 2.31 2.52 2.35 2.58 2.17 2.28 2.56 2.21 2.66 2.44 2.13 2.24 2.07 2.57 3.12 2.71 2.48 2.67 2.46 2.05 0.00 2.10 2.63 0.00 2.26 2.51 2.29 2.47 8018846
2.41 2.45 2.46 2.49 2.77 2.73 2.32 2.43 2.32 2.26 2.19 2.76 2.19 2.29 3.26 2.15 2.13 2.44 2.63 2.62 2.54 3.11 2.75 2.33 0.00 2.76 2.72 0.00 2.63 3.59 2.20 2.61 8031936
2.35 2.24 2.25 2.74 2.56 2.15 2.32 2.54 2.19 2.52 2.37 2.58 2.42 2.23 2.42 3.26 2.37 2.41 2.31 2.54 2.64 0.00 2.70 2.11 0.00 3.61 2.48 3.05 2.30 2.35 2.59 4.12 8045026
2.57 2.31 2.39 2.55 3.21 2.27 2.61 2.72 2.53 2.48 2.32 2.34 2.37 2.45 2.57 2.15 2.34 2.37 2.70 2.30 2.50 0.00 2.09 2.42 0.00 2.06 2.36 2.65 2.38 3.23 2.59 2.70 8058116
2.51 2.37 2.03 2.38 2.16 2.28 2.23 3.11 2.45 2.26 2.31 2.74 3.22 2.56 3.15 2.29 2.71 3.75 2.27 2.56 2.72 0.00 3.50 2.63 0.00 0.00 2.75 2.27 2.46 2.49 2.47 2.61 8071206
2.50 2.52 2.60 2.51 2.65 2.65 2.41 2.65 2.40 2.90 2.56 2.40 3.03 2.25 2.38 2.38 2.22 2.15 3.05 2.60 3.25 0.00 2.29 2.07 0.00 3.61 2.21 2.22 2.98 2.52 2.25 2.25 8084296
2.63 2.42 2.49 2.85 2.30 2.13 2.90 2.34 2.97 2.30 2.73 2.66 2.32 2.56 2.44 2.28 2.40 3.18 2.62 3.88 2.61 5.85 2.18 2.19 0.00 2.74 2.88 2.42 2.18 3.93 2.21 2.36 8097386
2.25 2.62 2.31 2.12 3.55 2.41 2.45 2.76 3.05 2.23 2.50 2.76 2.52 2.23 3.05 2.65 2.21 2.31 2.70 4.44 2.50 2.12 2.24 2.70 0.00 3.28 3.22 2.14 2.64 2.16 3.16 2.58 8110476
2.56 2.19 2.28 2.47 2.63 2.98 2.87 2.57 2.61 2.08 2.10 3.04 2.30 2.30 2.12 3.16 2.23 2.51 3.22 2.27 2.94 2.81 2.23 2.56 0.00 4.04 2.32 2.75 2.61 2.68 2.80 2.23 8123566
2.82 2.35 2.44 2.88 3.67 2.44 2.35 2.31 2.52 2.43 2.80 2.78 2.39 2.51 2.93 2.67 2.11 2.54 2.32 2.42 2.26 2.28 2.57 2.38 0.00 4.05 2.34 2.42 2.60 2.52 2.92 3.48 8136656
2.10 2.57 2.64 2.71 2.84 2.50 2.41 2.19 2.55 2.29 3.28 2.52 3.17 2.19 2.38 2.79 2.32 2.52 2.61 3.10 2.29 2.20 2.59 2.37 0.00 2.05 2.30 2.37 2.18 2.75 2.26 2.87 8149746
2.07 2.39 3.36 2.48 2.91 2.38 2.69 3.32 2.58 2.54 2.96 2.38 2.53 2.26 2.79 2.38 2.22 2.65 2.77 2.56 2.71 2.61 2.47 2.85 0.00 3.55 2.42 2.12 3.04 2.25 2.86 2.25 8162836
3.30 2.46 2.98 2.67 4.15 2.47 2.79 2.65 2.27 2.47 2.45 2.13 2.40 2.42 5.19 3.07 2.40 2.32 2.41 2.86 2.66 2.15 2.92 2.74 0.00 2.78 3.41 2.59 2.45 2.93 2.29 3.73 8175926
2.07 2.35 5.08 2.73 2.28 2.16 2.56 2.39 2.36 2.40 2.35 2.63 2.37 3.08 2.68 2.55 2.13 3.21 2.40 3.21 2.31 2.44 2.35 2.19 0.00 3.61 2.21 2.35 2.78 2.70 2.44 2.63 8189016
2.60 2.44 2.93 2.24 6.17 3.68 2.78 3.35 2.36 2.19 2.53 3.27 4.95 2.17 2.93 2.54 2.21 2.56 2.52 5.60 2.40 0.00 2.38 2.49 0.00 2.75 2.10 2.29 2.22 3.07 2.37 0.00 8202106
4.82 3.18 4.06 2.65 2.17 2.38 3.16 3.62 2.55 2.34 3.46 3.36 2.95 2.86 2.37 2.63 2.26 3.57 2.67 2.68 2.72 5.33 2.30 2.13 0.00 3.71 2.83 2.27 2.25 2.76 2.44 3.20 8215196
3.35 3.36 3.31 2.40 5.00 3.18 3.40 3.20 2.54 2.26 2.60 3.44 4.54 2.55 2.48 3.90 2.07 2.73 2.51 4.86 2.66 6.28 3.06 2.25 0.00 3.37 2.74 2.94 2.63 2.59 2.54 2.72 8228286
3.03 2.59 4.43 2.39 6.42 2.57 2.69 3.22 2.58 2.24 3.38 2.21 2.25 3.00 2.96 2.31 2.04 3.30 2.11 3.48 2.96 3.43 2.29 3.09 0.00 3.41 2.21 4.56 2.19 2.95 2.66 3.42 8241376
5.33 3.48 3.99 2.47 3.83 4.36 3.50 4.43 2.20 2.35 2.30 4.96 5.16 2.50 7.25 2.65 2.23 3.60 2.80 3.04 2.47 0.00 2.54 2.19 0.00 3.87 2.98 2.82 2.52 2.50 2.64 2.54 8254466
5.11 2.77 5.04 2.31 5.98 4.12 3.70 4.88 2.91 3.16 3.36 5.26 5.48 2.86 7.30 5.77 2.05 2.40 2.36 2.52 2.53 6.10 2.67 2.59 0.00 3.17 2.79 0.00 3.33 2.75 2.53 5.94 8267556
5.36 3.51 4.70 2.66 6.33 3.26 3.32 4.28 3.42 2.61 3.67 4.97 5.49 3.36 4.17 7.50 2.11 3.32 5.12 4.69 2.32 6.09 2.38 2.78 0.00 3.42 4.06 0.00 2.62 5.86 3.65 4.89 8280646
5.41 3.32 4.78 2.67 6.25 7.45 3.41 4.18 5.11 2.67 4.61 4.91 2.43 3.23 7.33 5.45 2.15 3.59 3.50 2.58 3.15 6.35 4.01 3.64 0.00 3.39 2.75 2.32 3.60 3.82 4.59 5.62 8293736
0.00 3.19 5.10 2.39 6.27 4.88 3.40 4.85 5.03 2.82 5.16 5.04 5.59 2.14 7.36 7.41 2.16 3.25 4.38 9.14 3.87 0.00 4.71 4.30 0.00 3.60 3.26 3.45 2.67 2.96 2.69 6.51 8306826
0.00 3.61 4.86 2.48 6.28 3.62 3.18 3.80 3.61 2.64 4.07 4.98 5.49 4.45 7.35 7.42 2.58 3.53 6.08 9.72 3.90 6.11 2.33 4.10 0.00 3.60 3.75 0.00 3.83 6.93 2.73 2.57 8319916
2.54 2.93 5.01 3.15 6.36 5.29 3.53 4.90 4.26 2.98 4.18 4.99 5.45 3.57 7.47 3.94 2.15 3.73 4.53 0.00 3.95 6.44 2.96 2.27 0.00 3.39 4.02 0.00 6.60 6.03 5.39 5.46 8333006
0.00 3.59 4.98 2.93 6.75 7.56 3.46 5.04 5.16 3.47 5.07 4.98 5.86 3.79 7.69 8.04 2.10 3.49 4.78 8.85 3.47 6.38 4.35 2.90 0.00 3.46 4.07 0.00 5.15 6.60 4.98 6.40 8346096
5.61 3.70 5.16 3.22 6.31 7.80 3.26 4.86 4.22 5.96 5.10 5.04 5.52 6.07 7.49 7.44 2.28 3.55 6.03 8.91 4.23 6.24 2.06 4.15 0.00 3.40 3.98 0.00 7.30 6.73 4.23 6.51 8359186
0.00 3.60 5.04 2.86 3.66 7.62 3.16 4.77 5.12 5.73 5.08 4.94 0.00 6.69 7.42 7.39 2.38 3.54 6.88 8.96 4.52 6.41 0.00 5.76 0.00 3.40 4.00 0.00 7.31 7.11 6.19 6.56 8372276
0.00 3.55 5.02 3.15 6.22 7.57 3.35 4.58 5.38 6.09 5.11 4.95 5.46 5.58 7.64 7.73 2.27 3.77 6.64 8.79 4.14 6.35 2.36 5.78 0.00 3.79 4.05 0.00 7.56 6.73 6.32 7.15 8385366
0.00 3.54 5.10 2.65 6.19 7.64 3.10 4.87 0.00 6.25 5.11 4.96 5.16 6.20 7.46 7.51 2.58 3.75 6.54 8.91 4.40 6.55 3.99 5.14 0.00 3.42 4.26 0.00 6.10 6.88 6.29 6.56 8398456
0.00 3.57 4.93 0.00 6.62 7.79 3.28 4.88 5.11 5.84 5.12 5.24 5.47 6.05 7.42 7.86 2.13 3.78 6.66 8.82 4.60 0.00 0.00 0.00 0.00 3.55 3.97 0.00 7.01 4.29 6.20 7.11 8411546
0.00 3.58 4.90 2.78 6.02 7.74 3.29 4.85 0.00 5.69 5.13 4.97 5.70 6.38 7.65 8.17 2.09 3.36 6.82 8.88 4.48 0.00 0.00 4.76 0.00 3.40 2.66 0.00 7.47 0.00 6.19 6.81 8424636
0.00 3.60 5.05 3.06 6.10 7.64 3.49 5.05 0.00 6.01 5.15 0.00 5.34 6.17 7.47 7.38 2.12 3.47 6.50 0.00 4.40 0.00 0.00 4.58 0.00 3.57 4.08 0.00 7.33 6.94 6.08 6.66 8437726
0.00 3.96 5.07 3.00 6.16 7.63 3.13 5.23 0.00 5.56 5.07 5.05 5.26 5.31 7.56 7.56 2.03 3.50 6.95 9.04 4.56 6.89 0.00 5.03 0.00 3.41 4.07 0.00 7.89 6.82 6.17 6.81 8450816
0.00 3.56 4.92 2.79 6.12 7.75 3.24 4.83 5.16 5.83 5.06 5.05 5.35 6.31 7.42 7.47 2.10 3.53 5.45 8.85 4.76 6.30 0.00 4.65 0.00 3.40 3.79 0.00 7.36 6.77 6.24 6.69 8463906
0.00 3.61 4.96 0.00 6.23 7.72 3.10 5.45 5.22 5.81 5.08 5.02 5.28 6.34 7.61 0.00 2.40 3.62 6.76 9.01 4.60 6.53 0.00 5.44 0.00 3.39 3.98 0.00 7.41 6.87 6.22 6.38 8476996
0.00 3.66 5.01 3.04 6.24 7.69 3.17 5.08 5.17 6.07 5.12 5.25 5.25 6.32 7.79 7.82 2.01 3.54 6.67 9.19 4.70 6.50 9.80 0.00 0.00 3.43 3.97 0.00 7.58 6.87 6.23 6.60 8490086
0.00 3.62 5.65 0.00 0.00 7.70 3.15 4.95 0.00 5.49 5.29 5.10 5.19 6.15 7.69 8.01 2.09 3.51 6.45 0.00 4.63 6.46 0.00 4.21 0.00 3.42 3.98 0.00 8.02 6.89 6.27 6.58 8503176
0.00 3.67 4.92 2.76 6.22 7.75 3.60 4.94 0.00 6.04 5.07 5.02 5.16 6.08 7.56 7.41 2.13 3.57 6.63 9.45 4.66 6.35 0.00 4.57 0.00 3.42 3.99 0.00 7.41 0.00 6.08 6.67 8516266
0.00 3.57 4.95 0.00 6.15 7.77 3.05 4.91 5.24 6.12 5.04 5.04 5.15 6.19 7.56 0.00 2.08 3.52 6.79 8.84 4.56 6.33 9.72 4.53 0.00 3.42 3.97 0.00 7.41 7.57 6.24 6.49 8529356
0.00 3.62 4.94 2.69 6.11 7.79 0.00 4.95 0.00 6.02 5.06 5.02 5.18 6.12 7.51 7.59 2.13 3.65 6.67 9.27 4.57 6.67 0.00 5.16 0.00 3.41 3.97 0.00 7.43 6.83 6.20 6.53 8542446
0.00 3.61 4.93 2.81 6.37 7.63 3.22 5.02 5.27 6.07 5.14 5.01 5.16 6.13 7.58 7.49 2.15 3.49 6.53 0.00 4.65 0.00 0.00 0.00 0.00 3.41 3.96 0.00 7.41 6.84 6.30 6.42 8555536
0.00 3.60 4.82 2.99 6.39 7.63 3.72 5.15 5.14 6.02 5.06 5.03 5.18 6.13 7.56 0.00 2.15 3.76 0.00 8.89 4.58 6.35 0.00 0.00 0.00 3.42 3.96 0.00 7.77 6.83 6.30 6.70 8568626
0.00 3.76 4.98 2.89 6.19 7.63 3.21 5.23 0.00 5.96 5.04 5.05 5.19 6.17 7.45 0.00 2.16 3.70 6.65 9.07 4.49 6.36 0.00 0.00 0.00 3.42 3.97 0.00 7.89 0.00 6.19 6.59 8581716
0.00 3.60 4.97 2.98 6.32 7.63 3.21 5.08 5.10 6.07 5.09 5.03 5.16 6.23 7.46 8.18 2.15 3.68 6.56 9.02 4.58 0.00 0.00 0.00 0.00 3.41 3.97 0.00 7.66 6.92 6.19 6.56 8594806
0.00 3.60 4.96 2.89 6.35 7.63 3.74 0.00 5.16 6.12 5.09 5.02 5.17 6.23 7.48 0.00 2.15 3.61 6.42 8.94 4.55 6.40 0.00 4.20 0.00 3.41 3.97 0.00 0.00 6.86 6.23 6.49 8607896
0.00 3.60 4.97 3.02 6.34 7.62 0.00 0.00 5.12 6.06 5.06 5.04 5.18 6.15 7.56 0.00 2.15 3.76 6.38 8.71 4.54 0.00 0.00 0.00 0.00 3.41 3.96 0.00 7.56 6.94 6.22 6.51 8620986
0.00 3.57 4.90 2.80 6.36 7.64 0.00 0.00 5.18 6.13 5.08 5.03 5.17 6.11 7.54 8.16 2.19 3.90 6.49 8.96 4.78 6.87 0.00 0.00 0.00 3.40 3.97 0.00 7.51 6.84 6.26 6.51 8634076
0.00 3.60 4.96 2.92 6.37 7.64 0.00 5.28 0.00 6.15 5.07 5.02 5.16 6.10 7.50 0.00 2.21 3.84 6.48 8.67 4.85 0.00 0.00 0.00 0.00 3.40 3.96 0.00 7.56 6.87 6.29 6.69 8647166
0.00 3.61 4.98 2.70 6.36 7.63 0.00 5.08 5.20 6.15 5.06 5.02 5.17 6.10 7.50 0.00 2.19 3.89 6.50 9.02 4.64 6.35 0.00 0.00 0.00 3.39 3.95 0.00 7.44 6.85 6.21 6.72 8660256
0.00 3.62 4.97 2.87 6.37 7.63 3.12 5.07 5.16 6.14 5.08 5.03 5.19 6.65 0.00 0.00 2.20 3.90 6.47 8.95 4.77 6.35 0.00 0.00 0.00 3.41 3.96 0.00 7.45 6.87 6.51 6.75 8673346
0.00 3.61 4.95 2.72 6.37 7.64 3.06 5.08 0.00 6.12 5.07 5.02 5.19 6.14 7.50 0.00 2.20 3.69 6.56 9.01 4.99 6.35 0.00 0.00 0.00 3.40 3.96 0.00 7.45 6.87 6.21 7.19 8686436
0.00 3.60 4.95 2.96 6.35 7.64 0.00 5.07 0.00 6.11 5.06 5.01 5.18 6.33 7.50 0.00 2.25 3.59 0.00 8.94 4.89 6.38 0.00 0.00 0.00 3.40 3.98 0.00 7.44 6.86 6.31 6.77 8699526
0.00 3.63 4.95 2.99 6.35 7.64 0.00 5.06 0.00 6.11 5.07 5.02 5.18 6.28 7.50 0.00 2.18 3.86 7.13 8.94 4.94 6.33 0.00 0.00 0.00 3.40 3.97 0.00 7.43 6.86 0.00 6.78 8712616
0.00 3.59 4.96 2.97 6.38 7.64 0.00 5.26 0.00 6.10 5.06 5.02 5.18 6.35 7.49 0.00 2.29 3.75 6.88 8.95 4.61 6.29 0.00 0.00 0.00 3.40 3.97 0.00 7.45 6.86 6.50 7.11 8725706
0.00 3.61 4.97 3.00 6.38 7.63 0.00 0.00 0.00 6.10 5.06 5.02 5.17 6.34 7.49 0.00 2.20 3.83 6.79 8.93 4.80 6.35 0.00 0.00 0.00 3.40 3.96 0.00 7.43 6.87 6.29 6.55 8738796
0.00 3.59 4.96 3.00 6.40 7.63 0.00 5.08 0.00 6.11 5.07 5.02 5.18 6.13 7.48 8.14 2.17 3.91 6.78 8.94 4.61 6.34 0.00 5.30 0.00 3.39 3.97 0.00 7.44 6.86 6.34 6.56 8751886
0.00 3.59 4.96 3.02 6.40 7.64 0.00 0.00 0.00 6.09 5.05 5.02 5.19 6.13 7.50 8.16 2.20 3.79 6.83 8.94 4.57 6.46 0.00 5.29 0.00 3.41 3.97 0.00 7.67 6.87 6.35 6.53 8764976
0.00 3.61 4.96 3.00 6.40 7.64 0.00 5.07 0.00 6.09 5.06 5.02 5.17 6.13 7.48 8.15 2.30 3.76 0.00 8.96 4.65 6.46 0.00 0.00 0.00 3.40 3.96 0.00 7.45 6.89 6.31 6.68 8778066
0.00 3.59 4.97 2.94 6.41 7.63 0.00 5.06 0.00 6.11 5.06 5.03 5.17 6.13 7.48 8.18 2.22 3.78 6.99 8.95 4.67 6.38 0.00 0.00 0.00 3.41 3.96 0.00 7.50 6.88 6.22 6.67 8791156
0.00 3.59 4.96 2.91 6.41 7.63 3.80 5.09 0.00 6.09 5.06 5.03 5.17 6.13 7.47 0.00 2.39 3.74 0.00 9.02 4.60 6.39 0.00 0.00 0.00 3.41 3.97 0.00 7.53 6.85 6.18 6.69 8804246
0.00 3.59 4.96 2.89 6.38 7.64 0.00 5.06 0.00 6.09 5.05 5.02 5.18 6.13 7.48 0.00 2.31 3.64 0.00 8.99 4.65 6.39 0.00 5.30 0.00 3.40 3.97 0.00 7.48 6.86 6.83 6.49 8817336
0.00 3.61 4.96 2.92 6.39 7.63 3.69 5.01 0.00 6.09 5.06 5.02 5.18 6.11 7.47 0.00 2.24 3.67 0.00 8.93 4.68 6.40 0.00 0.00 0.00 3.40 3.96 0.00 0.00 6.91 6.20 6.46 8830426
0.00 3.59 4.97 2.94 6.39 7.64 3.77 5.12 0.00 6.09 5.06 5.02 5.18 6.15 7.48 0.00 2.23 3.63 6.82 8.90 4.61 0.00 0.00 5.42 0.00 3.41 3.97 0.00 7.45 6.95 6.26 6.47 8843516
0.00 0.00 4.95 2.94 6.38 7.63 3.44 5.00 0.00 6.09 5.06 5.02 5.19 6.17 7.48 0.00 2.14 3.64 6.65 8.91 4.65 6.55 0.00 0.00 0.00 3.40 3.96 0.00 7.94 6.87 6.53 6.65 8856606
0.00 3.61 4.96 2.77 6.34 7.63 3.67 5.03 0.00 6.09 5.07 5.03 5.19 6.13 7.47 0.00 2.13 3.93 6.81 8.95 4.65 6.86 0.00 5.43 0.00 3.40 3.97 0.00 0.00 6.90 6.26 6.64 8869696
0.00 3.67 4.96 2.77 6.36 7.64 3.70 5.06 0.00 6.10 5.07 5.06 5.18 6.17 7.46 0.00 2.12 4.02 7.36 9.02 4.62 0.00 0.00 5.94 0.00 3.41 3.97 0.00 0.00 6.89 6.24 6.69 8882786
0.00 3.62 4.96 2.95 6.37 7.65 3.74 5.05 0.00 6.10 5.07 5.06 5.19 6.14 7.51 0.00 2.22 3.71 6.60 9.00 4.64 0.00 0.00 5.00 0.00 3.41 3.96 0.00 0.00 6.87 6.23 6.59 8895876
0.00 3.61 4.95 2.95 6.35 0.00 3.55 5.08 0.00 6.09 5.07 5.07 5.19 6.30 7.49 0.00 2.24 3.62 6.73 8.98 4.62 0.00 0.00 4.96 0.00 3.40 3.97 0.00 7.41 6.86 6.27 6.54 8908966
0.00 3.61 4.95 2.94 6.37 7.69 0.00 5.06 0.00 6.10 5.07 5.06 5.17 6.21 7.49 0.00 2.15 3.66 6.59 8.95 4.99 6.45 0.00 4.99 0.00 3.41 3.97 0.00 7.41 7.07 6.25 6.45 8922056
0.00 3.65 4.96 2.95 6.36 0.00 3.40 4.91 5.13 6.11 5.07 5.04 5.15 6.20 7.48 0.00 2.24 3.90 7.09 8.93 4.59 6.55 0.00 4.99 0.00 3.42 3.96 0.00 0.00 6.95 6.18 6.49 8935146
0.00 3.61 4.95 2.93 6.37 0.00 3.44 0.00 0.00 6.11 5.06 5.04 5.20 6.30 7.47 0.00 2.15 3.86 6.70 8.94 4.62 0.00 0.00 5.04 0.00 3.41 3.96 0.00 0.00 7.55 6.20 7.17 8948236
0.00 4.25 4.95 2.95 6.38 7.64 3.35 0.00 5.16 6.12 5.07 5.05 5.19 6.28 7.46 0.00 2.16 3.93 6.67 8.94 4.64 6.38 0.00 5.00 0.00 3.42 3.97 0.00 8.11 7.02 6.21 6.64 8961326
0.00 3.68 4.94 2.96 6.38 7.64 3.68 4.88 5.21 6.12 5.07 5.05 5.18 6.28 7.47 0.00 2.16 3.93 6.68 8.93 4.66 6.34 0.00 5.00 0.00 3.41 3.97 0.00 7.94 6.90 6.22 6.57 8974416
0.00 3.62 4.94 2.93 6.36 7.65 3.54 4.88 0.00 6.10 5.06 5.04 5.17 6.33 7.49 0.00 2.16 3.89 6.71 8.93 4.93 0.00 0.00 5.16 0.00 3.42 3.96 0.00 7.63 6.93 6.18 6.65 8987506
0.00 3.67 4.94 2.94 6.38 7.65 3.31 4.88 5.18 6.13 5.07 5.03 5.18 6.33 7.48 0.00 2.15 3.96 0.00 8.94 4.63 0.00 0.00 5.05 0.00 3.41 3.96 0.00 7.78 7.09 6.19 6.65 9000596
0.00 0.00 4.94 2.94 6.38 7.65 3.72 4.88 0.00 6.12 5.07 5.04 5.17 6.76 7.48 0.00 2.14 3.98 0.00 8.94 4.72 0.00 0.00 5.04 0.00 3.41 3.97 0.00 0.00 7.08 6.20 6.52 9013686
0.00 3.67 4.94 2.94 6.37 7.64 3.72 4.89 5.17 6.10 5.06 5.04 5.19 6.69 7.48 0.00 2.15 4.40 0.00 8.94 4.79 0.00 0.00 4.99 0.00 3.41 3.97 0.00 7.44 7.12 6.20 6.57 9026776
0.00 3.65 4.94 2.94 6.37 7.65 3.73 4.89 5.17 6.09 5.07 5.04 5.19 6.33 7.48 8.13 2.15 4.07 0.00 8.93 4.60 0.00 0.00 5.13 0.00 3.42 3.96 0.00 7.46 7.03 6.23 6.51 9039866
0.00 0.00 4.95 2.92 6.38 7.65 3.76 5.06 0.00 6.10 5.06 5.04 5.20 6.33 7.48 0.00 2.15 4.40 0.00 8.91 4.70 0.00 0.00 5.11 0.00 3.41 3.97 0.00 7.46 7.13 6.26 6.50 9052956
0.00 3.68 4.95 2.93 6.38 7.63 3.82 5.06 0.00 6.09 5.06 5.04 5.18 6.33 7.47 0.00 2.15 4.41 0.00 8.92 4.83 0.00 0.00 5.08 0.00 3.41 3.96 0.00 7.45 7.14 6.19 6.53 9066046
0.00 3.67 4.96 2.94 6.38 7.65 0.00 5.06 5.24 6.11 5.07 5.04 5.21 6.32 7.47 8.13 2.16 4.43 0.00 8.92 4.64 0.00 0.00 5.14 0.00 3.41 3.96 0.00 7.49 7.01 6.19 6.49 9079136
0.00 3.66 4.96 2.94 6.37 7.64 3.83 5.06 0.00 6.11 5.07 5.04 5.19 6.28 7.48 8.13 2.14 4.41 0.00 8.91 4.61 0.00 0.00 5.11 0.00 3.42 3.97 0.00 7.46 6.95 6.30 0.00 9092226
0.00 3.65 4.95 2.98 6.38 7.64 3.82 5.07 0.00 6.10 5.06 5.05 5.20 6.30 7.48 0.00 2.15 4.44 0.00 8.92 4.63 0.00 0.00 5.02 0.00 3.42 3.97 0.00 7.45 6.88 6.20 6.74 9105316
0.00 3.66 4.95 3.00 6.36 7.65 3.59 5.08 0.00 6.09 5.06 5.05 5.19 6.30 7.48 0.00 2.14 4.03 7.27 8.98 4.64 0.00 0.00 5.00 0.00 3.42 3.97 0.00 7.48 6.96 6.20 6.76 9118406
0.00 3.66 4.95 3.07 6.38 7.65 0.00 5.09 0.00 6.08 5.06 5.04 5.18 6.30 7.49 0.00 2.16 4.01 7.25 0.00 4.63 0.00 0.00 4.98 0.00 3.41 3.97 0.00 7.45 6.96 6.92 6.75 9131496
0.00 3.66 4.95 0.00 6.37 7.65 0.00 5.07 0.00 6.09 5.06 5.05 5.19 6.28 7.48 0.00 2.26 4.05 7.23 9.04 4.62 0.00 0.00 4.97 0.00 3.41 3.98 0.00 7.46 6.97 6.92 6.74 9144586
0.00 3.66 4.97 0.00 6.39 7.65 3.58 5.06 0.00 5.99 5.07 5.06 5.20 6.30 7.48 0.00 2.26 0.00 7.27 8.56 4.63 0.00 0.00 5.04 0.00 3.42 3.97 0.00 7.44 6.96 6.24 6.76 9157676
0.00 3.65 4.95 0.00 6.42 7.64 3.55 5.07 0.00 5.98 5.07 5.06 5.19 6.30 7.49 0.00 2.25 4.13 7.27 8.97 4.64 0.00 0.00 5.05 0.00 3.42 3.98 0.00 7.45 6.97 6.23 6.76 9170766