0.00 3.56 3.95 0.00 8.35 7.94 3.70 4.96 0.00 5.46 4.93 5.52 5.23 7.38 8.27 7.77 2.11 3.69 6.51 8.71 0.00 4.07 0.00 0.00 0.00 2.67 2.85 0.00 3.19 3.60 6.60 6.09 1734540
0.00 3.55 3.96 0.00 8.29 7.94 3.70 5.14 0.00 5.45 4.97 5.52 5.24 7.76 8.27 7.78 2.10 3.70 6.51 8.33 0.00 4.06 0.00 4.99 0.00 0.00 2.86 3.88 3.19 3.60 6.59 6.04 1747630
0.00 4.15 3.94 2.70 8.18 8.20 3.71 5.11 0.00 5.44 5.24 5.54 5.26 7.42 8.28 7.78 2.09 3.68 6.51 8.39 0.00 4.07 0.00 0.00 0.00 2.54 2.95 3.38 3.20 3.82 6.57 6.06 1760720
0.00 3.50 3.94 3.56 8.33 7.92 3.69 5.11 0.00 5.35 4.88 5.54 5.21 7.22 8.27 7.77 2.11 3.70 6.54 8.15 0.00 4.04 0.00 3.51 0.00 2.14 2.75 3.45 3.25 3.58 6.50 6.29 1773810
0.00 3.55 3.94 2.95 8.35 7.93 3.72 5.20 0.00 5.45 5.49 5.54 5.29 7.22 8.27 7.76 2.11 0.00 6.56 8.09 0.00 4.07 0.00 4.72 0.00 2.67 2.86 4.07 3.23 3.58 6.50 6.15 1786900
0.00 3.66 3.89 0.00 8.37 0.00 3.68 4.89 0.00 5.43 4.87 6.27 5.10 7.22 8.26 7.76 2.09 3.81 6.52 8.69 0.00 4.18 0.00 4.25 0.00 2.66 2.76 3.73 3.20 3.63 0.00 6.04 1799990
0.00 3.47 3.67 2.87 8.19 8.22 3.71 5.05 0.00 5.26 4.81 5.72 5.32 7.23 0.00 7.76 2.09 3.70 6.63 8.29 0.00 4.02 0.00 0.00 0.00 2.64 2.80 3.58 3.23 3.62 6.50 6.05 1813080
0.00 3.46 3.73 5.33 8.34 7.92 3.69 4.75 0.00 5.27 4.78 5.54 5.24 7.37 8.33 7.78 2.08 0.00 6.40 8.26 3.77 3.94 0.00 4.32 0.00 2.61 2.87 3.39 3.19 3.69 6.60 6.06 1826170
0.00 3.53 3.72 0.00 8.28 8.18 0.00 5.00 0.00 5.29 4.71 5.37 5.14 7.54 8.28 7.76 2.10 4.20 6.54 8.21 4.21 3.91 0.00 4.57 0.00 0.00 2.83 3.30 3.16 3.69 6.62 6.01 1839260
5.65 4.23 3.70 2.93 8.34 8.18 3.70 4.83 0.00 5.41 4.98 5.33 5.25 7.35 8.25 7.76 2.12 3.68 6.51 8.18 4.12 3.90 0.00 0.00 0.00 0.00 2.81 3.56 3.11 3.61 6.57 6.01 1852350
0.00 3.61 3.66 0.00 8.34 0.00 3.74 4.61 0.00 5.17 4.61 5.26 5.14 7.20 8.27 7.72 2.12 3.64 6.35 8.03 4.47 3.95 0.00 4.89 0.00 2.49 2.92 3.31 3.15 3.62 7.21 6.16 1865440
5.84 3.52 3.65 0.00 8.29 7.91 3.76 4.63 0.00 5.22 4.63 5.30 5.28 7.38 0.00 7.79 2.08 0.00 6.32 8.03 0.00 3.92 0.00 4.62 0.00 2.37 2.82 3.44 3.21 3.66 6.53 6.78 1878530
0.00 0.00 3.71 0.00 8.32 7.87 3.69 4.90 0.00 5.17 4.70 6.02 5.15 7.22 8.94 7.78 2.08 3.71 6.35 8.32 4.15 4.07 0.00 0.00 0.00 2.56 3.02 3.65 3.26 3.68 6.50 6.07 1891620
0.00 3.53 3.68 0.00 8.16 7.89 3.69 4.74 0.00 5.28 4.53 5.14 5.20 7.31 8.39 7.82 2.14 3.71 6.67 8.81 0.00 3.87 0.00 0.00 0.00 0.00 2.95 3.28 3.28 3.82 6.54 0.00 1904710
0.00 0.00 3.69 0.00 8.31 7.84 3.98 4.63 0.00 5.14 4.59 5.32 5.21 7.35 8.40 7.89 2.14 3.90 6.46 8.34 0.00 4.01 0.00 0.00 0.00 0.00 3.18 3.01 3.28 4.08 6.48 6.57 1917800
0.00 0.00 3.91 0.00 8.26 7.85 3.77 4.39 0.00 5.34 4.30 5.02 5.61 7.33 8.81 7.91 2.18 3.89 6.36 8.34 4.05 4.09 0.00 0.00 0.00 2.55 3.04 3.15 3.41 3.76 6.44 6.16 1930890
0.00 3.64 3.75 2.94 8.17 7.80 3.75 4.28 0.00 5.35 4.39 4.94 5.47 7.24 8.17 7.89 2.16 3.99 6.39 8.75 4.04 3.94 0.00 0.00 0.00 0.00 3.28 2.99 3.44 3.83 6.60 6.24 1943980
5.90 3.82 3.79 0.00 8.31 7.91 3.89 4.35 0.00 5.08 4.31 4.82 5.39 7.36 8.13 7.81 2.11 3.71 6.34 8.08 4.05 3.89 9.93 3.93 0.00 0.00 3.05 3.18 3.31 4.07 6.47 6.41 1957070
0.00 3.63 3.74 5.70 8.32 7.76 4.12 4.54 0.00 5.18 4.46 4.87 5.55 7.34 8.07 7.81 2.11 3.61 6.37 8.24 4.28 3.93 9.98 3.96 0.00 0.00 3.28 3.31 3.35 3.80 6.53 6.07 1970160
0.00 3.46 3.76 0.00 8.26 7.89 3.77 4.13 0.00 5.20 4.58 4.82 5.67 7.28 8.09 7.80 2.07 4.00 6.33 8.53 4.07 3.97 0.00 4.20 0.00 2.04 3.29 3.16 3.44 3.95 6.55 6.45 1983250
0.00 4.19 3.91 0.00 8.31 8.01 3.93 4.31 0.00 4.95 4.26 4.69 5.39 7.21 8.02 7.79 2.12 3.64 6.45 8.29 3.98 4.08 0.00 0.00 0.00 0.00 3.11 3.23 3.46 3.93 6.84 5.97 1996340
0.00 0.00 3.80 5.28 8.08 8.09 0.00 4.11 0.00 5.19 4.24 4.85 5.35 7.23 7.95 7.81 2.36 3.74 6.28 8.29 3.95 3.90 0.00 3.46 0.00 0.00 2.98 2.90 3.37 3.84 6.47 6.67 2009430
0.00 3.61 3.75 0.00 8.33 7.97 3.63 4.20 0.00 5.11 4.28 4.75 5.76 7.38 7.96 7.94 2.12 3.72 6.27 8.45 3.92 0.00 0.00 5.44 0.00 0.00 3.38 2.91 3.41 3.96 6.47 6.01 2022520
0.00 3.64 3.74 0.00 8.25 7.88 3.63 4.05 2.70 5.13 4.24 4.53 5.52 7.23 7.92 7.96 2.11 3.68 6.32 8.73 3.89 3.86 0.00 4.06 0.00 0.00 3.11 3.27 3.49 4.26 5.05 6.04 2035610
5.34 3.51 3.76 0.00 8.08 7.98 3.64 4.02 0.00 5.08 4.21 4.65 5.25 7.39 8.02 7.81 2.13 3.73 6.25 8.76 3.97 3.97 9.79 4.81 0.00 2.65 3.06 3.25 3.61 3.91 6.49 6.26 2048700
0.00 0.00 3.74 0.00 8.33 7.89 3.68 3.95 6.01 3.99 4.21 4.71 6.09 7.24 7.88 7.65 2.05 0.00 6.27 8.15 3.92 4.11 9.99 5.02 0.00 0.00 3.11 2.97 3.52 4.02 6.55 5.98 2061790
0.00 3.68 3.75 0.00 8.26 7.90 3.74 3.79 6.12 5.06 4.30 5.43 5.46 7.51 7.84 7.66 2.06 3.66 6.43 8.25 3.81 3.97 9.64 4.90 0.00 0.00 3.04 3.04 3.44 4.04 6.41 5.91 2074880
0.00 3.61 3.68 0.00 8.18 7.86 3.50 3.55 0.00 5.02 4.21 4.50 5.50 7.37 7.88 7.62 2.12 4.02 6.32 8.40 3.78 0.00 9.71 0.00 0.00 0.00 3.35 3.29 3.48 4.13 6.48 5.88 2087970
0.00 3.47 3.79 0.00 8.28 7.76 3.63 3.86 0.00 4.87 4.34 4.52 5.37 7.33 7.82 7.83 2.06 3.78 6.45 9.03 4.09 0.00 9.75 3.60 0.00 0.00 3.11 2.92 3.53 4.07 6.48 5.91 2101060
0.00 3.59 3.86 0.00 8.27 7.87 3.76 3.91 0.00 4.91 4.22 4.45 5.35 7.42 7.88 7.66 2.08 3.66 6.35 8.87 4.34 0.00 9.62 3.80 0.00 0.00 3.04 3.60 3.56 4.12 6.51 6.07 2114150
0.00 3.53 3.70 4.11 8.28 7.89 3.74 3.63 0.00 4.89 4.24 4.45 5.51 7.21 7.81 7.69 2.07 0.00 6.42 8.46 3.65 4.22 9.63 3.96 0.00 0.00 3.25 2.88 3.63 4.10 6.39 5.92 2127240
0.00 3.59 3.68 5.23 8.31 7.85 3.80 3.80 6.08 4.78 4.28 5.18 5.50 7.32 7.77 7.77 2.06 3.69 6.44 8.51 3.72 3.94 9.71 0.00 0.00 0.00 3.16 2.90 3.68 4.04 6.43 5.96 2140330
0.00 3.63 3.71 5.20 8.29 8.02 3.63 3.72 0.00 5.00 4.26 4.40 5.71 7.43 7.78 7.63 2.04 3.77 6.36 8.53 3.68 4.14 9.73 0.00 0.00 0.00 3.18 2.85 3.71 4.13 6.49 0.00 2153420
5.89 3.63 3.78 5.17 8.28 7.89 3.64 3.70 0.00 5.02 4.14 4.48 5.50 7.17 7.81 7.83 2.30 4.36 6.34 9.23 3.81 4.08 9.51 0.00 0.00 0.00 3.23 2.88 3.60 4.21 6.51 5.92 2166510
0.00 3.65 3.81 0.00 8.06 7.88 3.58 3.64 0.00 4.81 4.13 5.07 5.46 7.16 7.82 7.66 2.30 3.69 6.71 8.48 3.81 4.57 9.62 0.00 0.00 0.00 3.25 2.90 3.55 4.16 6.42 6.03 2179600
0.00 3.71 3.69 0.00 8.32 7.90 3.77 3.71 5.96 4.81 4.21 4.41 5.46 7.15 7.89 7.73 2.24 3.71 6.91 8.41 3.70 4.01 9.67 0.00 0.00 2.52 3.22 2.85 3.86 4.11 6.37 5.89 2192690
0.00 3.63 3.70 0.00 8.35 7.91 3.51 3.59 6.12 4.77 4.19 4.40 5.35 7.15 0.00 7.83 2.22 3.75 6.64 8.47 3.62 4.06 9.66 0.00 0.00 0.00 3.25 2.87 3.63 4.17 6.37 5.96 2205780
0.00 4.22 3.70 0.00 8.07 7.76 3.68 3.53 0.00 4.71 4.13 4.39 5.85 7.13 0.00 7.84 2.30 3.73 6.38 9.28 3.66 4.02 9.65 4.10 0.00 0.00 3.34 2.93 3.55 4.28 6.40 0.00 2218870
0.00 0.00 3.71 0.00 8.39 7.83 3.47 3.58 0.00 4.75 4.11 4.42 5.75 7.34 7.78 7.75 2.15 3.80 6.33 8.60 3.67 3.98 9.82 0.00 0.00 0.00 3.31 2.89 3.58 4.88 6.50 5.90 2231960
0.00 0.00 3.70 0.00 8.38 8.10 3.72 3.61 0.00 4.70 4.12 4.43 5.69 7.15 7.87 7.76 2.15 0.00 6.41 8.51 3.86 0.00 0.00 0.00 0.00 0.00 3.28 2.93 3.57 4.25 6.56 6.25 2245050
0.00 0.00 3.69 0.00 8.35 7.88 3.67 3.85 0.00 4.92 4.11 4.43 5.93 7.12 7.94 7.74 2.15 3.55 6.28 8.85 3.68 0.00 0.00 4.98 0.00 0.00 3.44 2.87 3.65 4.25 6.40 6.28 2258140
0.00 0.00 3.72 0.00 8.09 7.91 3.53 3.57 0.00 4.82 4.20 4.43 5.90 7.22 7.86 7.75 2.14 0.00 6.36 8.63 3.68 4.02 9.87 0.00 0.00 0.00 3.20 2.88 3.74 4.19 6.38 5.98 2271230
0.00 0.00 3.69 0.00 8.06 7.85 3.69 3.83 0.00 4.93 4.24 4.52 5.50 7.19 7.85 7.74 2.15 0.00 6.35 8.60 3.75 4.00 0.00 3.56 0.00 0.00 3.19 2.86 3.68 4.17 6.40 6.57 2284320
0.00 4.27 3.72 0.00 8.58 7.80 3.68 3.52 0.00 4.78 4.18 4.59 5.67 7.28 7.91 7.77 2.15 0.00 6.40 8.45 3.73 4.01 0.00 0.00 0.00 0.00 3.20 2.95 3.67 4.16 6.66 5.97 2297410
0.00 4.25 3.70 0.00 7.94 7.86 3.77 3.59 0.00 4.75 4.33 4.47 5.79 7.26 7.96 7.79 2.15 0.00 6.41 8.52 3.76 0.00 0.00 0.00 0.00 0.00 3.25 2.95 3.57 4.24 0.00 5.86 2310500
0.00 0.00 3.71 0.00 8.03 7.88 3.73 3.73 0.00 4.80 4.19 4.44 6.04 7.25 7.94 7.79 2.13 0.00 6.56 8.57 3.75 4.66 9.73 0.00 0.00 0.00 3.24 2.93 3.58 4.23 6.55 0.00 2323590
0.00 0.00 3.69 0.00 8.16 7.89 3.72 3.64 0.00 4.82 4.18 4.56 5.53 7.26 8.51 7.65 2.12 3.76 6.43 8.60 3.74 4.06 0.00 0.00 0.00 0.00 3.35 2.82 3.69 4.25 6.45 5.87 2336680
0.00 3.83 3.69 0.00 8.06 7.85 3.72 3.71 0.00 4.73 4.33 4.43 5.51 7.29 7.95 7.75 2.12 3.65 6.45 8.60 3.75 4.06 9.71 4.20 0.00 0.00 3.34 2.86 3.59 4.26 6.41 5.88 2349770
0.00 4.16 3.71 0.00 8.08 7.87 3.69 3.58 0.00 4.81 4.09 4.48 5.48 7.29 7.81 7.72 2.12 3.60 6.30 8.80 3.75 0.00 0.00 0.00 0.00 0.00 3.38 2.85 3.55 4.22 6.46 0.00 2362860
0.00 0.00 3.70 0.00 8.07 7.89 3.58 3.33 0.00 4.72 4.20 4.44 5.44 7.25 7.80 7.73 2.11 3.61 6.29 8.83 3.77 4.05 9.80 0.00 0.00 0.00 3.40 3.42 3.55 4.23 6.45 0.00 2375950
0.00 3.63 3.70 0.00 8.32 7.86 3.58 3.62 0.00 4.81 4.12 4.42 5.31 7.25 7.77 7.74 2.08 4.40 6.29 8.53 3.77 0.00 9.76 0.00 0.00 0.00 3.39 3.08 3.57 4.20 6.47 0.00 2389040
0.00 4.19 3.70 0.00 8.37 7.88 3.58 4.31 0.00 4.81 4.11 4.48 5.37 7.26 7.79 7.74 2.08 3.63 6.31 8.34 3.76 0.00 0.00 0.00 0.00 2.31 3.25 0.00 3.61 4.21 6.38 5.94 2402130
0.00 0.00 3.70 0.00 8.07 7.88 3.58 3.33 0.00 4.83 4.15 4.48 5.37 7.25 7.78 7.73 2.08 3.62 6.41 8.53 3.74 0.00 9.78 0.00 0.00 2.02 3.32 2.88 3.59 4.24 6.35 6.13 2415220
0.00 0.00 3.70 0.00 8.33 7.88 3.56 3.82 0.00 4.80 4.20 4.42 5.41 7.29 7.78 7.74 2.09 3.64 6.44 8.36 3.75 0.00 0.00 0.00 0.00 2.01 3.36 0.00 3.57 4.27 6.37 0.00 2428310
0.00 4.18 3.70 0.00 8.40 7.86 3.58 3.44 0.00 4.89 4.20 4.52 5.39 7.29 7.75 7.75 2.08 3.72 6.33 8.35 3.72 0.00 10.00 0.00 0.00 2.21 3.50 3.18 3.76 4.26 6.37 5.86 2441401
0.00 3.70 3.69 0.00 7.97 7.87 3.43 3.41 0.00 4.86 4.11 4.51 5.53 7.22 7.76 7.74 2.07 3.64 6.30 8.38 3.70 4.21 9.69 0.00 0.00 2.06 3.36 2.84 3.76 4.22 6.40 5.84 2454490
0.00 4.21 3.70 0.00 8.04 7.86 3.46 3.30 0.00 4.76 4.17 4.87 5.42 7.32 7.76 7.74 2.08 3.63 6.32 8.39 3.70 3.96 9.97 0.00 0.00 2.00 3.29 3.09 3.75 4.23 6.30 5.84 2467580
0.00 0.00 3.72 0.00 8.20 7.86 3.55 3.48 0.00 4.81 4.19 4.52 5.54 7.22 7.76 7.75 2.08 3.81 6.29 8.23 3.66 4.60 9.73 0.00 0.00 0.00 3.27 2.89 3.68 4.24 6.40 5.90 2480670
0.00 3.69 3.70 0.00 8.13 7.86 3.42 3.31 0.00 4.72 4.25 4.45 5.51 7.35 7.70 7.78 2.08 3.72 6.26 8.35 3.68 0.00 9.71 0.00 0.00 0.00 3.26 2.89 3.63 4.24 6.37 5.87 2493760
0.00 3.74 3.68 0.00 7.98 7.88 3.45 3.49 0.00 4.89 4.15 4.50 5.36 7.33 7.87 7.78 2.08 3.68 6.27 8.36 3.67 4.66 9.94 3.82 0.00 0.00 3.36 3.01 3.62 4.35 6.37 5.86 2506850
0.00 3.63 3.71 0.00 8.37 7.87 3.43 3.53 0.00 4.90 4.08 4.59 5.51 7.10 7.82 7.66 2.07 3.68 6.28 8.22 3.64 0.00 9.91 0.00 0.00 0.00 3.56 2.88 3.82 4.13 6.33 5.86 2519940
0.00 3.65 3.70 0.00 8.28 7.89 3.44 3.31 0.00 4.84 4.12 4.46 6.12 7.22 7.76 7.74 2.08 3.70 6.29 8.62 3.65 0.00 9.94 0.00 0.00 0.00 3.24 2.90 3.61 4.34 6.35 6.01 2533030
0.00 0.00 3.68 0.00 8.76 7.86 3.51 3.90 0.00 4.80 4.19 4.45 5.54 7.23 7.77 0.00 2.09 3.68 6.49 8.42 3.58 4.64 0.00 4.99 0.00 0.00 3.59 3.11 3.62 4.19 6.34 5.84 2546120
0.00 3.67 3.74 0.00 8.09 7.86 4.47 3.24 0.00 4.78 4.13 5.05 5.45 7.12 8.19 7.83 2.09 4.21 6.33 8.41 3.61 0.00 0.00 0.00 0.00 2.01 3.45 3.11 3.71 4.35 6.39 6.11 2559210
0.00 3.56 3.73 0.00 8.13 7.88 3.52 3.12 6.14 4.76 4.19 4.50 5.61 7.07 7.76 0.00 2.07 3.70 6.47 8.62 3.60 3.98 0.00 3.94 0.00 2.03 3.30 3.30 3.68 4.21 6.48 5.82 2572300
0.00 3.77 3.79 0.00 8.00 7.88 3.37 3.26 6.13 3.48 4.28 4.47 5.70 7.12 7.82 7.74 2.05 3.87 6.30 8.39 3.72 3.98 9.78 0.00 0.00 0.00 3.32 2.93 3.64 4.22 6.20 5.83 2585390
0.00 3.57 3.74 0.00 8.23 7.87 3.43 3.39 6.10 2.28 4.39 4.46 5.53 6.96 7.76 7.93 2.07 3.63 6.34 8.30 3.71 0.00 0.00 4.95 0.00 0.00 3.29 2.89 3.74 4.16 6.26 5.86 2598480
0.00 0.00 3.83 0.00 8.29 7.89 3.20 3.19 7.21 4.41 4.12 4.42 5.63 6.97 7.86 8.34 2.05 3.91 6.54 8.71 3.75 0.00 0.00 4.01 0.00 2.14 3.30 2.92 3.86 4.30 6.33 5.84 2611570
0.00 4.19 3.68 0.00 8.31 7.88 3.10 2.69 5.98 3.98 4.12 4.39 5.60 6.94 7.76 7.78 2.02 3.66 6.50 8.73 3.58 3.98 9.73 4.99 0.00 2.60 3.29 2.91 3.82 4.29 6.42 5.93 2624660
0.00 3.64 3.83 0.00 8.07 7.89 3.15 2.69 5.84 4.16 4.27 4.43 5.82 7.03 7.76 7.68 0.00 3.63 6.47 8.27 3.20 4.70 9.05 3.75 0.00 0.00 3.38 3.19 3.88 4.26 6.30 6.16 2637750
0.00 3.59 3.67 0.00 7.99 7.91 2.70 2.75 5.62 4.29 4.32 4.46 5.60 6.86 8.09 7.63 2.19 0.00 6.68 8.43 3.41 0.00 9.74 4.21 0.00 2.59 3.32 2.98 3.97 4.48 6.33 0.00 2650840
5.37 3.64 3.71 3.03 8.05 7.84 3.08 2.84 5.69 3.79 4.38 4.49 5.57 6.99 7.78 7.67 2.13 3.61 6.20 8.50 3.31 4.16 9.82 2.81 0.00 2.49 3.31 2.98 3.87 4.39 6.28 5.88 2663930
0.00 3.57 3.77 4.12 8.28 8.15 2.99 2.72 5.46 3.30 4.31 4.50 5.68 6.99 7.72 7.79 2.44 3.75 6.62 9.13 3.29 4.19 9.69 3.32 0.00 2.25 3.44 3.15 4.00 4.51 6.26 5.98 2677020
0.00 3.60 3.69 0.00 8.28 8.04 3.08 2.74 5.52 3.72 4.27 4.53 5.31 6.25 7.81 8.02 2.14 3.86 6.46 8.74 3.30 4.12 5.86 4.90 0.00 2.06 3.23 3.67 4.03 4.51 6.37 5.92 2690110
0.00 3.56 3.83 4.10 8.12 7.47 3.07 2.67 2.20 3.86 4.22 4.53 5.38 6.93 7.73 7.59 2.02 3.56 4.46 8.77 3.18 4.15 9.85 0.00 0.00 2.03 3.05 3.39 3.36 4.73 4.77 5.86 2703200
0.00 3.37 3.81 2.84 8.09 7.06 2.74 2.57 5.13 2.75 4.38 4.58 5.29 5.47 7.74 7.64 2.13 3.07 2.34 9.24 3.17 3.50 8.66 4.04 0.00 2.25 3.30 3.26 4.21 4.91 3.63 5.82 2716290
0.00 3.47 3.94 2.67 7.43 4.30 2.78 2.80 3.16 2.37 4.31 4.58 5.21 7.01 7.88 8.31 2.18 3.79 6.87 8.83 3.09 4.02 6.00 2.19 0.00 2.06 3.28 3.28 4.16 4.80 5.68 5.60 2729380
5.25 2.93 4.13 2.77 3.28 5.75 2.77 2.76 2.49 2.23 3.51 4.72 5.61 3.95 7.92 7.82 2.07 3.49 6.04 0.00 3.09 0.00 3.39 3.11 0.00 0.00 2.67 3.35 4.41 4.69 3.89 5.90 2742470
0.00 2.54 4.12 2.26 4.72 5.07 2.87 2.81 2.59 2.67 3.78 4.74 4.73 2.90 5.90 7.71 2.10 3.19 5.30 9.01 2.95 4.31 3.93 3.01 0.00 2.03 3.09 3.51 4.50 4.29 2.76 5.42 2755560
5.79 3.46 4.09 2.52 8.47 7.04 2.64 2.79 4.59 2.74 4.14 4.90 4.78 3.04 8.07 7.69 2.68 3.68 5.42 8.99 2.92 4.29 3.53 3.15 0.00 2.03 3.12 3.54 4.45 5.07 3.85 3.99 2768650
0.00 2.70 4.22 2.65 3.13 3.21 2.25 2.89 4.22 2.47 3.61 4.93 5.55 2.30 8.00 7.72 2.15 3.32 5.45 9.12 3.09 4.34 5.35 2.24 0.00 2.22 3.34 3.97 4.14 5.18 2.90 5.74 2781740
2.35 3.43 3.70 3.01 7.10 3.55 2.83 2.86 2.89 2.46 4.44 5.11 5.79 2.29 8.05 7.67 2.28 3.52 5.38 8.90 2.93 4.39 3.11 2.50 0.00 0.00 3.36 3.83 3.28 5.05 4.69 5.41 2794830
5.83 2.99 4.31 2.56 8.28 2.19 2.38 2.62 2.42 3.41 4.62 5.14 4.63 2.43 8.15 6.85 2.06 3.34 6.19 0.00 2.53 4.23 2.72 2.82 0.00 2.06 3.14 3.77 4.37 5.29 3.82 2.23 2807920
5.60 3.31 4.36 2.69 6.57 4.28 2.49 2.76 3.71 2.57 4.62 5.24 5.54 2.22 6.94 7.95 2.05 3.62 5.63 8.95 2.84 0.00 5.26 3.62 0.00 2.10 2.93 3.68 3.49 5.34 4.53 4.34 2821010
4.60 3.16 4.34 3.58 3.64 4.64 2.73 2.94 3.15 2.45 3.93 5.23 3.80 2.21 8.06 7.74 2.08 3.21 3.46 8.89 2.88 4.31 2.38 3.12 0.00 2.43 2.32 3.82 4.87 4.54 3.97 5.56 2834100
0.00 3.23 4.57 2.20 8.18 5.30 2.71 2.82 2.87 2.58 2.57 5.22 3.98 3.09 8.15 8.51 2.10 3.30 6.07 9.03 2.50 4.22 3.77 4.03 0.00 2.09 2.81 3.74 3.72 5.69 5.28 4.96 2847190
0.00 3.69 4.34 3.08 7.69 4.39 2.75 2.83 3.18 2.48 4.16 5.42 5.74 2.74 8.30 7.90 2.14 2.75 5.99 9.14 2.87 4.21 2.15 3.43 0.00 2.24 2.85 3.82 3.38 4.64 3.91 4.95 2860280
5.87 2.92 4.43 3.30 7.66 3.89 2.75 2.94 2.43 2.72 4.01 5.44 5.80 2.34 8.23 7.68 2.07 3.26 5.61 8.93 2.85 4.34 4.39 3.87 0.00 2.04 2.89 4.47 5.34 6.05 4.58 4.33 2873370
0.00 3.55 4.40 3.13 8.02 6.14 2.89 2.89 2.31 2.37 4.53 5.65 5.73 3.36 8.25 7.91 2.09 3.26 4.14 8.98 2.89 4.27 4.71 0.00 0.00 2.11 2.70 3.80 3.70 5.17 3.91 4.76 2886460
4.67 3.53 4.27 2.21 7.83 6.70 2.47 2.85 3.07 2.95 4.52 5.47 5.62 3.05 8.21 8.37 2.05 3.29 3.10 9.07 2.16 4.38 3.00 4.20 0.00 2.01 2.75 4.21 4.30 6.23 3.22 4.77 2899550
0.00 3.48 4.30 2.28 8.57 6.72 2.79 2.99 3.17 2.98 4.98 5.58 5.86 3.73 8.17 6.70 2.09 3.36 3.30 8.99 2.91 4.51 2.90 3.75 0.00 2.01 2.88 4.04 4.76 6.17 4.11 4.25 2912640
0.00 3.39 4.28 2.27 6.98 7.41 2.46 3.03 2.78 3.16 4.99 5.59 5.15 2.51 8.40 7.83 2.13 3.21 0.00 8.86 2.92 4.68 3.17 4.44 0.00 0.00 2.77 4.00 3.91 6.33 3.44 4.02 2925730
0.00 3.41 4.45 2.51 7.52 6.79 2.51 3.05 3.42 3.31 4.92 5.72 4.57 4.32 8.36 7.87 2.20 3.26 5.43 8.97 2.81 4.66 3.21 3.27 0.00 2.08 2.86 4.03 3.61 6.54 4.38 4.12 2938820
0.00 3.60 4.33 2.89 7.78 4.53 2.56 3.11 3.62 3.37 4.38 5.65 5.73 7.79 0.00 7.81 2.20 3.37 5.10 8.88 2.89 4.69 4.66 4.06 0.00 2.03 3.11 4.06 3.58 6.28 4.02 3.99 2951910
0.00 3.54 4.12 2.29 8.14 5.61 2.45 3.16 3.46 2.96 5.04 5.67 6.79 6.58 8.24 8.17 2.27 3.22 5.11 8.92 3.02 4.66 2.67 4.05 0.00 2.12 2.97 4.24 5.73 6.45 4.60 3.75 2965000
0.00 3.54 4.21 2.55 7.75 7.65 2.50 3.15 3.21 2.55 4.98 5.67 5.96 3.08 8.34 7.91 2.29 3.42 6.70 8.91 2.98 5.47 5.18 4.03 0.00 2.14 2.94 4.21 5.52 6.43 3.86 3.69 2978090
5.45 3.52 4.07 2.86 7.68 7.93 2.68 3.31 3.24 3.15 5.00 5.70 6.17 7.93 8.28 7.98 2.12 3.56 6.81 8.94 3.21 5.01 5.01 3.48 0.00 2.01 2.95 4.53 5.21 6.43 3.13 3.65 2991180
0.00 4.18 4.23 2.70 7.67 6.94 2.69 3.25 3.10 2.50 4.89 5.87 6.24 3.46 8.36 7.97 2.25 3.40 6.34 8.93 2.88 5.37 3.59 2.67 0.00 2.10 2.95 4.50 5.57 6.39 4.48 3.44 3004270
0.00 3.35 4.27 2.33 7.39 7.76 2.69 3.21 3.45 3.04 5.12 5.85 0.00 6.76 8.48 7.85 2.05 3.23 6.28 8.97 3.34 5.18 3.49 3.73 0.00 2.16 3.08 0.00 5.36 6.48 4.06 3.26 3017360
0.00 3.46 4.19 2.77 7.39 7.84 2.57 3.33 3.82 3.19 5.24 5.74 6.20 7.02 8.30 8.00 2.10 3.36 0.00 8.85 3.13 4.90 2.79 4.58 0.00 2.58 2.91 4.71 5.29 6.48 3.83 3.22 3030450
0.00 3.49 4.23 2.21 7.73 8.11 2.59 3.19 3.34 3.07 5.05 5.98 6.13 7.87 8.37 7.88 2.18 3.33 6.64 8.81 3.22 4.96 5.65 3.88 0.00 2.64 3.13 5.40 5.32 6.47 3.88 3.20 3043540
5.94 3.41 4.20 0.00 7.60 7.90 2.65 3.25 3.27 3.13 4.98 5.81 6.13 7.81 8.24 8.00 2.09 3.55 6.13 8.82 2.93 0.00 0.00 0.00 0.00 2.24 2.94 4.82 4.91 6.89 3.74 3.01 3056630
0.00 3.45 4.11 2.92 7.47 7.81 2.63 3.17 3.25 3.08 4.98 5.82 6.24 7.83 8.28 7.88 2.04 3.43 0.00 8.83 2.98 5.45 9.67 3.88 0.00 2.26 2.98 4.87 5.25 6.48 4.09 3.47 3069720
0.00 3.47 4.08 4.23 7.55 7.81 2.75 3.26 3.42 2.99 4.98 5.79 6.10 7.72 8.29 7.86 2.02 3.40 6.26 8.75 3.06 5.00 9.72 4.39 0.00 2.16 3.02 4.96 5.23 6.49 3.70 3.06 3082810
0.00 3.45 4.17 2.42 8.16 7.77 2.76 3.26 3.40 2.97 4.89 5.71 0.00 7.80 8.31 8.30 2.16 3.36 6.58 9.44 3.07 5.06 0.00 4.36 0.00 2.37 2.93 0.00 5.17 6.49 3.64 2.88 3095900
0.00 3.49 4.11 2.57 7.38 7.90 2.62 3.28 3.25 3.02 4.95 5.73 5.91 7.70 8.30 7.92 2.14 3.43 0.00 8.91 2.97 5.01 0.00 4.01 0.00 2.80 3.04 5.65 5.23 6.62 3.68 2.91 3108990
0.00 3.48 4.06 2.92 7.57 7.87 2.67 3.29 3.27 3.08 4.98 5.76 5.80 7.67 8.38 7.91 2.04 3.54 6.10 8.91 3.07 5.04 0.00 4.21 0.00 2.28 3.00 0.00 5.18 6.50 3.62 2.88 3122080
0.00 3.45 4.13 0.00 7.43 7.81 2.63 3.24 3.38 3.16 4.97 5.83 0.00 7.55 8.31 7.94 2.22 3.75 0.00 8.90 3.04 4.91 0.00 0.00 0.00 2.51 3.04 4.95 5.14 6.66 3.38 3.07 3135170
0.00 0.00 4.78 2.95 7.49 7.75 2.67 3.23 3.28 3.04 4.92 5.69 0.00 7.79 8.78 7.91 2.12 3.38 0.00 9.44 3.24 0.00 0.00 5.03 0.00 2.25 2.94 5.04 5.16 6.56 3.59 2.93 3148260
0.00 3.55 4.07 0.00 7.68 8.09 2.65 3.53 3.26 3.02 4.87 5.76 0.00 7.52 8.36 8.31 2.27 3.49 0.00 8.93 3.52 5.16 0.00 0.00 0.00 2.16 2.92 4.88 5.17 6.47 3.34 3.58 3161350
0.00 3.45 4.07 0.00 7.58 8.02 2.79 3.25 3.27 3.09 4.91 5.79 0.00 7.65 8.39 7.90 2.35 3.81 0.00 9.04 3.09 5.51 0.00 3.73 0.00 2.34 2.94 4.95 5.93 6.45 3.41 3.14 3174440
0.00 3.59 4.04 0.00 7.76 7.92 3.30 3.23 3.26 3.03 4.98 5.80 6.70 7.56 8.44 8.46 2.23 3.42 0.00 9.45 3.13 0.00 0.00 3.98 0.00 2.27 2.96 0.00 5.29 6.67 3.23 2.84 3187530
0.00 3.46 4.10 0.00 0.00 7.94 2.68 3.16 3.25 3.01 5.08 5.96 0.00 7.50 9.10 8.70 2.20 3.47 0.00 9.48 3.43 0.00 0.00 0.00 0.00 2.20 2.96 4.99 5.23 6.74 3.21 3.15 3200620
0.00 3.44 4.30 0.00 7.57 7.87 2.77 3.31 3.33 3.02 4.90 5.81 0.00 7.51 8.32 8.59 2.17 3.62 6.95 9.61 3.17 5.15 0.00 0.00 0.00 0.00 2.94 5.16 5.21 6.54 3.28 2.92 3213710
0.00 3.52 4.08 0.00 7.61 7.86 2.67 3.42 2.95 3.14 4.87 5.76 0.00 7.65 8.36 7.94 2.16 3.51 6.57 9.04 3.09 0.00 0.00 3.85 0.00 2.24 2.93 5.17 5.26 6.47 3.19 2.84 3226800
0.00 3.46 4.17 0.00 0.00 7.90 2.68 3.22 2.54 3.00 4.94 5.87 0.00 7.65 8.34 7.88 2.14 3.63 6.97 8.99 3.11 0.00 0.00 0.00 0.00 2.35 2.98 5.01 5.35 6.44 2.99 3.12 3239890
0.00 4.24 4.21 3.08 7.55 7.89 2.67 3.18 3.07 3.07 4.92 6.01 6.31 7.56 8.32 7.92 2.14 3.74 0.00 9.47 3.10 5.42 0.00 4.02 0.00 2.28 2.97 5.11 5.13 6.61 3.00 2.82 3252980
0.00 3.49 4.14 0.00 7.50 7.76 2.63 3.26 3.43 2.90 4.89 5.77 6.02 7.84 8.33 7.88 2.06 3.83 6.68 9.08 3.31 5.63 0.00 3.68 0.00 2.25 2.93 5.12 5.20 6.54 3.04 2.95 3266070
0.00 3.45 4.08 0.00 7.73 7.87 2.67 3.14 3.14 2.90 4.98 5.93 0.00 7.70 8.35 8.35 2.08 3.56 6.94 8.78 3.49 0.00 0.00 3.98 0.00 2.22 2.97 5.14 5.27 6.52 3.41 2.85 3279160
0.00 3.47 4.07 0.00 8.08 7.78 2.73 3.30 2.99 2.93 4.91 5.71 0.00 7.68 8.39 8.12 2.07 3.38 7.10 9.47 3.22 5.19 0.00 4.41 0.00 2.21 2.92 5.04 5.20 6.49 2.95 2.79 3292250
0.00 3.48 4.53 0.00 7.68 7.87 2.64 3.24 2.96 2.49 5.00 6.38 0.00 7.62 8.38 0.00 2.47 3.54 0.00 8.79 3.14 5.17 0.00 4.20 0.00 2.26 2.95 0.00 5.23 6.44 2.93 2.78 3305340
0.00 3.44 4.08 0.00 8.30 8.07 2.59 3.33 2.96 2.84 4.97 5.86 0.00 7.49 8.45 7.94 2.39 3.62 7.07 8.89 3.22 0.00 0.00 4.33 0.00 2.20 3.02 0.00 5.34 6.40 2.83 2.75 3318430
0.00 3.40 4.04 0.00 7.47 7.88 2.55 3.20 2.99 2.91 5.08 6.10 0.00 7.72 8.44 7.98 2.14 3.43 0.00 8.98 3.15 5.36 0.00 4.04 0.00 0.00 3.00 5.10 5.24 7.13 2.92 2.92 3331520
0.00 3.45 4.08 0.00 7.95 7.90 2.59 3.14 3.03 2.85 5.15 5.83 0.00 7.88 8.37 8.20 2.08 3.45 0.00 8.89 3.21 5.43 0.00 3.67 0.00 2.61 2.91 5.05 0.00 6.44 3.01 2.85 3344610
0.00 3.43 4.06 0.00 7.35 7.88 2.63 3.16 3.18 2.97 5.17 5.95 0.00 7.81 8.34 8.13 2.17 3.53 6.67 8.95 3.25 5.39 0.00 5.14 0.00 0.00 2.95 5.73 5.26 6.39 2.86 2.83 3357700
0.00 3.45 4.08 0.00 7.53 7.90 2.52 3.42 3.17 2.95 5.01 6.33 0.00 7.60 8.35 8.01 2.23 3.62 0.00 8.90 3.41 5.45 0.00 3.67 0.00 2.27 3.01 5.32 5.24 6.75 3.00 2.84 3370790
0.00 3.54 4.07 0.00 7.38 7.88 2.51 3.34 2.90 2.91 5.05 5.98 0.00 7.79 8.40 7.97 2.68 3.52 0.00 8.82 3.30 5.49 0.00 0.00 0.00 2.34 3.00 0.00 5.31 6.47 3.04 2.86 3383880
0.00 4.09 4.09 5.45 7.66 7.87 2.58 3.20 3.03 2.92 5.00 5.97 0.00 7.58 8.37 8.00 2.22 3.63 0.00 8.74 3.37 5.34 0.00 0.00 0.00 2.94 3.12 5.25 5.31 6.25 2.91 3.39 3396970
0.00 3.52 4.16 0.00 7.44 7.85 2.73 3.33 2.99 2.97 5.09 6.36 0.00 7.46 8.38 8.46 2.21 3.49 0.00 9.46 3.23 5.35 0.00 4.44 0.00 2.29 2.99 5.10 5.30 6.25 2.80 2.89 3410060
0.00 3.68 4.09 0.00 7.40 7.78 2.58 3.15 2.99 3.06 5.02 5.94 0.00 5.36 8.38 8.05 2.03 3.39 0.00 9.03 3.27 0.00 0.00 4.13 0.00 2.31 3.53 5.10 5.33 6.24 2.80 2.92 3423150
0.00 3.52 4.10 0.00 7.61 7.97 2.48 3.15 2.93 2.88 5.17 6.09 0.00 7.54 8.38 7.99 2.03 3.50 0.00 8.88 3.43 5.49 0.00 0.00 0.00 2.28 2.99 0.00 5.27 6.29 2.78 2.86 3436240
0.00 3.40 0.00 0.00 7.51 7.84 2.57 3.20 2.91 3.00 4.88 5.91 0.00 7.48 8.39 8.15 2.11 3.71 6.91 9.05 3.32 5.50 0.00 0.00 0.00 2.24 3.05 0.00 5.30 6.52 2.96 3.29 3449330
0.00 3.46 4.12 0.00 7.56 7.87 2.52 3.80 3.02 3.09 5.15 6.02 6.25 7.41 8.42 8.26 2.18 3.53 0.00 8.82 3.50 0.00 0.00 4.52 0.00 0.00 3.47 0.00 5.28 6.18 2.81 2.84 3462420
0.00 3.55 4.07 0.00 7.43 7.77 2.53 3.27 2.92 3.07 5.03 5.95 0.00 7.53 8.41 8.49 2.05 3.51 0.00 8.89 3.35 5.55 0.00 4.20 0.00 2.23 3.00 5.17 5.26 6.56 2.72 2.80 3475510
0.00 3.45 4.09 0.00 7.58 7.86 2.56 3.35 2.88 3.03 5.16 5.94 0.00 7.49 8.40 8.65 2.04 3.50 7.07 8.74 3.81 5.90 0.00 4.36 0.00 2.28 3.11 0.00 5.35 6.45 2.76 2.80 3488600
0.00 3.43 4.08 0.00 0.00 7.81 2.55 3.27 2.93 3.17 5.14 5.91 0.00 7.38 8.42 0.00 2.03 3.81 0.00 8.79 3.48 5.51 0.00 0.00 0.00 2.31 3.01 5.16 4.20 6.14 2.77 2.74 3501690
0.00 3.55 4.08 0.00 7.54 7.85 2.63 3.39 2.84 3.05 5.05 6.15 0.00 7.49 8.41 8.49 2.03 3.67 0.00 8.82 3.48 5.40 0.00 0.00 0.00 2.55 3.00 5.21 5.89 6.07 2.82 2.76 3514780
0.00 3.45 4.21 0.00 0.00 7.85 2.57 3.34 2.75 2.97 5.14 5.87 6.31 7.41 8.40 0.00 2.03 3.72 0.00 8.76 3.41 5.49 0.00 4.83 0.00 0.00 2.91 5.44 5.31 6.04 2.77 3.13 3527870
0.00 3.45 4.10 0.00 8.06 7.77 2.64 3.25 2.81 3.01 5.29 5.86 0.00 7.46 8.44 8.31 2.03 3.71 6.41 8.81 3.54 5.47 0.00 0.00 0.00 2.92 2.92 0.00 5.30 5.99 2.72 2.80 3540960
0.00 3.47 4.09 0.00 7.52 7.88 2.63 3.42 2.85 3.14 5.02 5.89 0.00 7.41 8.37 0.00 2.06 3.59 6.41 8.79 3.66 5.41 0.00 3.63 0.00 2.25 2.99 5.32 5.33 0.00 2.75 2.76 3554050
0.00 3.45 4.10 0.00 7.56 7.86 2.81 3.33 3.12 3.07 4.99 6.02 0.00 7.57 8.38 0.00 2.07 3.86 6.56 8.77 3.52 5.85 0.00 3.80 0.00 2.23 3.03 0.00 5.31 5.99 2.87 3.16 3567140
0.00 3.44 4.10 0.00 7.70 7.88 2.65 3.29 2.75 3.05 5.02 6.55 0.00 7.50 8.39 8.05 2.05 4.48 6.96 8.74 3.43 5.96 0.00 4.15 0.00 0.00 3.01 5.36 5.34 6.04 2.88 3.01 3580230
0.00 3.44 4.08 0.00 0.00 7.85 2.60 3.50 2.77 3.05 5.06 5.99 0.00 7.50 8.40 8.60 2.15 3.60 0.00 8.78 3.37 5.39 0.00 0.00 0.00 2.21 3.02 0.00 3.91 6.04 2.69 2.76 3593320
0.00 3.42 4.13 0.00 7.53 8.06 2.66 3.35 2.61 2.56 4.98 5.96 0.00 7.81 8.38 0.00 2.04 3.38 6.66 8.80 3.46 5.54 0.00 0.00 0.00 2.22 2.94 5.87 5.28 5.83 2.73 2.73 3606410
0.00 3.81 4.18 0.00 8.14 7.90 2.62 3.31 2.76 2.73 5.05 6.00 0.00 7.52 8.42 8.14 2.15 3.61 6.76 8.83 3.51 5.48 0.00 3.80 0.00 2.23 3.06 5.44 4.90 5.94 2.67 2.66 3619500
0.00 3.46 4.20 0.00 7.62 7.90 2.54 3.37 2.64 3.04 5.08 5.97 0.00 8.00 8.39 0.00 2.02 3.32 6.58 8.80 3.40 0.00 0.00 0.00 0.00 2.23 2.92 5.34 4.50 5.86 2.67 2.72 3632590
0.00 3.61 4.09 0.00 7.51 7.90 2.61 3.49 2.72 3.14 5.20 6.05 5.92 7.55 8.41 0.00 2.06 3.35 6.29 8.87 3.86 5.73 9.96 3.81 0.00 2.22 3.04 6.06 5.27 5.73 2.68 2.70 3645680
0.00 3.48 4.11 2.95 7.32 7.81 2.68 3.35 2.90 3.06 5.31 6.15 0.00 7.54 8.41 8.16 2.08 3.39 6.86 8.78 3.54 0.00 0.00 4.45 0.00 2.22 2.96 0.00 5.28 5.69 2.69 2.91 3658770
0.00 0.00 4.15 0.00 7.32 7.89 2.69 3.47 2.75 3.02 5.14 6.08 0.00 7.61 8.39 0.00 2.04 3.37 6.44 8.90 3.56 5.59 0.00 3.37 0.00 2.29 2.95 5.69 4.88 5.84 2.70 2.64 3671860
0.00 3.48 4.08 0.00 7.72 7.95 2.75 3.46 2.67 3.15 5.25 6.01 6.06 7.61 8.41 0.00 2.06 3.20 6.06 8.87 3.54 5.68 9.92 4.24 0.00 2.27 2.92 5.94 4.98 6.03 2.64 3.24 3684950
0.00 3.51 4.16 2.93 7.38 7.87 2.95 3.58 2.75 3.30 5.16 6.19 6.47 7.58 8.40 8.41 2.03 3.51 6.54 8.92 3.42 0.00 9.50 3.94 0.00 2.28 2.96 5.53 4.73 5.37 2.73 2.74 3698040
0.00 3.54 4.14 2.54 7.48 7.90 2.94 3.73 2.65 3.33 5.18 6.08 5.71 7.87 8.51 0.00 2.06 3.30 6.53 8.89 3.57 5.86 0.00 3.15 0.00 2.22 2.94 5.88 4.97 5.50 2.75 2.72 3711130
5.76 3.61 4.16 3.69 7.59 7.84 2.96 3.64 2.68 3.37 5.28 6.24 0.00 7.60 8.43 0.00 2.13 3.26 6.57 8.90 3.56 5.61 9.49 4.47 0.00 2.29 2.95 5.70 4.41 5.23 2.69 2.84 3724220
0.00 3.56 4.35 5.89 7.41 7.89 3.34 3.84 2.75 3.26 5.55 6.37 0.00 7.65 8.41 0.00 2.10 2.95 6.24 8.93 3.39 5.81 0.00 3.95 0.00 2.60 3.09 5.85 3.98 4.92 2.71 3.02 3737310
0.00 3.59 4.27 2.43 7.49 7.88 3.41 4.36 2.40 3.06 5.47 6.16 6.34 6.29 8.40 8.44 2.07 3.13 6.30 8.84 4.05 5.75 9.98 4.26 0.00 2.66 3.07 0.00 4.49 4.48 2.72 2.70 3750400
5.79 0.00 4.23 3.20 7.44 7.33 3.39 4.08 2.55 3.37 5.43 6.27 0.00 6.65 8.40 0.00 2.22 3.56 7.00 8.97 3.66 5.83 0.00 3.37 0.00 2.44 3.19 5.46 4.05 4.45 2.76 2.75 3763490
0.00 3.51 4.22 2.47 7.55 8.23 3.57 4.17 2.51 3.71 5.58 6.22 0.00 6.68 8.42 0.00 2.11 3.28 6.07 8.97 3.65 0.00 0.00 3.85 0.00 2.36 3.14 5.48 3.97 4.35 2.81 2.72 3776580
0.00 3.49 4.30 2.26 7.74 4.82 3.50 4.60 2.13 3.54 5.61 6.31 0.00 6.10 8.39 0.00 2.06 3.15 6.03 8.87 3.46 2.34 9.01 3.48 0.00 2.37 3.26 5.29 3.67 4.43 2.89 2.73 3789670
0.00 3.48 4.31 2.25 7.54 5.27 3.66 4.46 2.74 2.59 5.60 6.31 0.00 6.55 8.38 0.00 2.11 3.20 6.94 9.54 3.58 5.82 2.89 3.51 0.00 2.28 3.18 5.22 3.31 4.41 2.86 2.72 3802760
5.68 3.03 4.23 2.96 7.55 5.15 3.37 4.69 2.28 3.36 5.16 6.42 0.00 4.98 8.40 3.60 2.09 3.15 5.90 9.55 3.71 6.14 5.91 3.07 0.00 2.45 3.17 5.03 3.84 4.39 2.99 2.96 3815850
5.00 3.12 4.31 2.42 5.81 3.99 3.36 4.93 2.69 3.28 4.97 6.56 6.40 3.31 8.41 2.36 2.10 2.86 5.28 8.93 3.56 6.09 3.37 3.74 0.00 2.30 3.36 4.98 3.84 4.38 2.81 2.93 3828940
5.26 3.42 4.32 2.91 4.01 4.20 2.89 4.51 2.72 3.26 5.91 6.61 5.90 6.85 8.41 0.00 2.07 3.23 4.21 8.84 3.58 5.93 3.82 4.23 0.00 2.16 3.25 4.67 3.75 4.49 2.93 2.90 3842030
5.29 2.95 3.70 2.61 6.38 4.66 2.31 5.12 2.65 3.40 4.49 6.69 2.13 3.08 5.19 8.19 2.18 3.12 6.59 8.92 3.62 0.00 2.77 3.35 0.00 2.18 3.28 4.52 3.90 4.47 2.91 3.09 3855120
4.80 2.66 4.34 2.34 6.96 2.76 3.13 4.89 2.61 2.35 6.29 6.76 4.40 2.44 8.43 0.00 2.15 3.06 5.38 9.10 2.10 0.00 7.13 3.50 0.00 2.18 3.06 4.51 4.00 4.52 3.09 3.06 3868210
3.86 3.37 4.29 2.34 3.96 3.48 3.51 5.13 2.66 2.85 5.25 0.00 4.43 2.90 7.02 8.20 2.05 3.13 3.47 9.53 3.09 0.00 4.87 3.09 0.00 2.03 3.11 4.23 3.87 4.53 2.98 3.00 3881300
4.86 2.64 4.31 2.53 5.32 2.27 3.44 4.44 2.07 2.68 4.94 6.80 5.97 2.70 8.42 0.00 2.18 3.14 6.54 8.96 2.36 0.00 5.07 2.06 0.00 2.30 3.00 4.01 4.02 4.81 2.84 3.04 3894390
2.91 2.46 4.35 2.16 3.08 2.43 3.76 5.67 2.48 2.39 3.01 5.54 2.30 3.00 8.39 2.18 2.07 3.40 3.07 8.95 3.25 0.00 4.10 2.47 0.00 2.19 2.92 4.23 3.99 4.71 2.92 3.00 3907480
2.29 2.47 4.43 2.21 4.04 5.28 3.52 3.01 2.28 3.64 5.60 6.88 4.79 5.26 8.44 3.75 2.27 3.08 3.29 6.84 2.59 5.88 2.36 4.33 0.00 2.22 2.69 0.00 3.15 4.77 3.07 3.10 3920570
3.14 3.42 4.39 2.30 5.29 2.30 3.48 5.10 2.83 3.20 6.49 6.96 2.07 2.74 2.79 4.26 2.30 3.36 5.15 9.48 3.95 5.24 3.05 2.15 0.00 2.15 2.68 4.50 3.93 4.75 3.14 3.11 3933660
5.11 2.82 4.48 2.45 5.17 4.34 3.57 5.96 2.78 2.81 6.16 7.17 0.00 3.07 8.41 2.01 2.10 3.16 6.48 6.67 3.08 4.87 2.68 3.51 0.00 2.44 2.25 3.78 3.59 4.01 3.23 3.10 3946750
5.75 3.42 3.63 2.51 6.26 4.71 3.59 6.13 2.72 3.07 6.50 6.89 3.50 3.05 8.34 2.61 2.16 3.46 2.80 8.99 3.21 5.10 3.05 3.16 0.00 2.60 2.09 3.73 2.72 4.83 3.24 3.15 3959840
5.63 3.26 4.36 2.45 6.25 6.97 3.43 4.34 2.51 2.16 6.79 7.36 0.00 6.52 8.84 0.00 2.05 3.07 5.18 8.87 3.38 4.93 5.40 3.59 0.00 2.18 2.51 3.57 3.84 4.93 3.16 3.18 3972930
5.80 3.55 4.40 2.63 6.15 6.50 3.73 6.37 2.49 2.84 6.75 7.04 0.00 3.27 8.45 0.00 2.11 3.13 5.05 8.95 3.49 4.75 3.80 2.95 0.00 2.42 2.58 3.52 4.11 5.03 3.31 3.30 3986020
0.00 3.44 4.34 2.40 6.19 4.77 2.54 6.24 2.83 3.60 6.63 6.99 0.00 7.78 8.56 0.00 2.16 3.17 7.06 8.81 3.83 5.29 2.24 3.91 0.00 2.39 2.63 3.40 4.22 5.02 2.64 3.17 3999110
0.00 3.29 4.26 2.88 6.25 6.02 3.74 6.43 2.65 3.81 6.61 7.02 0.00 6.42 8.71 0.00 2.08 3.33 4.36 8.99 0.00 5.43 3.61 3.67 0.00 2.42 2.63 3.33 4.36 3.77 3.25 3.16 4012200
0.00 3.53 4.28 0.00 6.11 5.96 3.55 0.00 2.86 3.65 4.95 7.05 6.15 5.90 8.33 0.00 2.43 3.44 4.96 9.35 3.10 4.51 3.15 4.15 0.00 2.14 2.74 3.33 4.39 5.28 3.44 3.19 4025290
5.90 3.52 4.30 2.84 6.10 4.88 3.77 6.08 2.86 4.28 6.61 7.25 0.00 7.76 8.28 8.20 2.06 3.46 4.48 9.16 0.00 0.00 0.00 3.99 0.00 2.02 2.57 3.32 4.50 5.30 3.41 3.28 4038380
0.00 3.64 4.25 0.00 6.08 6.26 3.65 6.12 3.05 4.10 6.68 7.02 0.00 7.99 8.32 7.95 2.01 3.43 6.93 8.81 3.84 0.00 2.77 3.66 0.00 0.00 2.70 3.34 4.69 5.38 3.43 3.17 4051470
5.61 3.50 4.26 0.00 6.28 5.53 3.57 6.09 3.04 2.63 5.75 7.21 0.00 8.05 8.22 0.00 2.20 3.51 6.89 8.78 4.49 4.35 0.00 3.32 0.00 2.02 2.61 3.44 4.61 5.47 3.41 3.19 4064560
0.00 3.47 4.23 4.06 6.10 6.40 3.66 6.11 2.25 3.78 6.59 7.12 0.00 7.61 8.35 0.00 2.22 3.49 0.00 9.08 0.00 0.00 3.82 3.48 0.00 2.37 2.62 3.49 4.64 5.80 3.45 3.41 4077650
0.00 3.39 4.22 2.28 6.14 6.31 3.60 6.15 3.02 2.56 6.70 7.10 0.00 7.68 8.16 8.42 2.34 3.58 0.00 8.85 0.00 4.34 4.06 3.67 0.00 2.65 2.60 3.50 4.84 5.62 3.41 3.30 4090740
0.00 3.54 4.24 2.17 6.77 6.32 3.85 6.11 3.39 4.46 6.72 7.23 6.08 7.75 8.23 0.00 2.67 3.44 6.89 9.37 0.00 4.59 0.00 0.00 0.00 2.44 2.70 3.42 4.86 6.01 3.50 3.31 4103830
0.00 3.54 4.28 2.50 6.14 6.46 4.06 6.07 3.05 4.48 7.15 7.16 0.00 7.69 8.86 0.00 2.05 3.43 6.64 8.89 0.00 4.50 3.02 3.42 0.00 2.44 2.78 3.41 4.83 5.83 3.45 3.26 4116920
0.00 3.60 4.23 2.37 6.30 6.31 3.46 0.00 3.24 4.45 6.80 7.00 0.00 7.77 8.17 8.69 2.01 3.54 6.67 8.82 0.00 4.42 0.00 3.68 0.00 2.10 2.68 3.50 4.97 5.93 3.54 3.30 4130010
0.00 3.57 4.19 2.43 6.30 6.40 3.62 6.00 3.31 4.41 6.81 7.12 6.42 7.91 8.22 0.00 2.05 3.48 6.62 9.06 0.00 4.33 2.68 4.38 0.00 2.69 2.75 3.39 5.07 5.94 3.62 3.45 4143100
0.00 3.61 4.24 2.18 6.10 6.48 3.66 0.00 3.10 3.27 6.93 7.16 0.00 7.81 8.18 8.71 2.64 3.48 6.93 9.08 4.14 4.54 0.00 3.71 0.00 2.02 2.64 3.65 5.31 6.19 3.47 3.47 4156190
0.00 3.50 4.25 2.20 6.37 6.32 3.63 6.05 3.15 3.89 6.87 7.14 0.00 7.76 8.28 0.00 2.36 3.59 6.19 8.91 0.00 4.39 0.00 3.49 0.00 2.17 2.61 3.50 5.25 6.18 3.20 3.48 4169280
0.00 3.45 4.30 0.00 6.12 6.35 3.71 0.00 3.10 4.31 6.69 7.04 0.00 7.60 8.15 0.00 2.17 3.47 5.74 0.00 3.98 4.91 3.11 4.34 0.00 2.02 2.60 3.58 3.69 6.18 3.57 3.45 4182370
0.00 3.51 4.23 2.25 6.75 6.60 3.71 6.30 3.19 4.18 6.79 7.09 0.00 7.69 8.31 8.29 2.03 3.48 6.83 8.90 4.11 4.11 0.00 3.88 0.00 2.03 2.63 3.53 5.32 6.27 3.48 3.39 4195460
0.00 0.00 4.32 0.00 6.11 6.42 0.00 6.61 3.02 4.60 6.87 7.21 0.00 7.61 8.21 0.00 2.03 3.40 6.63 8.94 0.00 4.34 2.64 3.52 0.00 2.02 2.65 3.96 5.60 6.31 3.61 3.34 4208550
0.00 3.51 4.25 4.05 6.41 6.37 0.00 6.16 3.15 4.14 6.84 7.11 0.00 7.63 8.09 8.18 2.08 3.45 6.83 8.95 0.00 4.30 4.53 3.93 0.00 0.00 2.65 4.20 5.43 6.28 3.63 3.46 4221640
0.00 0.00 4.25 2.57 6.67 6.30 0.00 6.47 3.02 3.32 6.79 7.17 0.00 7.59 8.23 8.17 2.04 3.65 6.70 8.85 0.00 4.29 0.00 0.00 0.00 2.26 2.65 3.76 5.49 6.33 3.54 3.62 4234730
0.00 3.52 4.39 4.14 6.17 6.28 3.79 6.17 3.02 4.58 6.94 7.14 0.00 7.59 8.09 0.00 2.04 4.02 6.81 8.84 0.00 4.26 0.00 4.06 0.00 0.00 2.67 4.11 5.51 6.27 3.61 3.56 4247820
0.00 3.60 4.48 2.65 6.33 6.34 3.57 6.23 3.04 4.11 7.03 7.33 6.53 7.56 8.12 0.00 2.99 3.51 6.67 8.96 3.82 4.48 0.00 3.81 0.00 0.00 2.68 3.89 5.50 6.49 3.65 3.42 4260910
0.00 3.47 4.30 0.00 6.02 6.25 0.00 6.13 2.96 4.63 6.94 7.14 0.00 7.55 7.52 8.22 2.06 3.76 5.99 0.00 0.00 4.77 0.00 4.63 0.00 2.31 2.68 3.90 5.49 7.18 3.69 3.48 4274000
0.00 3.71 4.38 4.22 6.35 6.31 3.70 6.06 3.06 4.81 6.90 7.20 0.00 7.50 7.97 8.00 2.38 3.45 6.68 0.00 3.80 4.28 6.07 3.48 0.00 2.68 2.67 3.73 5.52 6.55 3.87 3.45 4287090
0.00 4.23 4.30 2.97 6.34 6.31 0.00 6.12 3.07 4.35 7.04 7.21 6.52 7.50 8.21 8.16 2.42 3.40 6.25 9.42 3.93 4.38 0.00 4.24 0.00 2.34 2.69 3.68 5.60 7.12 3.74 3.48 4300180
0.00 0.00 0.00 3.06 6.36 6.21 0.00 0.00 3.18 4.61 6.89 7.21 6.38 7.55 8.16 0.00 2.20 3.79 5.98 8.85 3.97 4.14 0.00 3.84 0.00 2.71 2.70 3.63 5.71 6.56 3.77 3.46 4313270
0.00 3.76 4.37 0.00 6.18 6.24 3.95 0.00 2.99 4.48 7.06 7.14 0.00 7.51 8.13 8.01 2.04 3.46 6.12 9.00 0.00 4.09 0.00 4.58 0.00 2.15 2.75 4.44 5.62 6.73 3.78 3.54 4326360
0.00 0.00 4.37 0.00 6.05 6.25 0.00 0.00 3.02 4.27 6.86 7.24 0.00 7.63 8.13 7.87 2.15 3.48 6.56 9.12 3.94 4.20 0.00 4.08 0.00 2.11 2.57 4.02 5.52 6.52 3.80 3.51 4339450
0.00 0.00 4.40 0.00 6.35 6.31 3.67 0.00 3.04 4.65 6.91 7.13 0.00 7.57 8.08 7.99 2.17 3.46 6.46 0.00 0.00 4.00 0.00 4.87 0.00 2.11 2.67 4.16 5.75 0.00 3.72 3.44 4352540
0.00 3.91 4.36 0.00 6.26 6.31 3.67 0.00 3.18 4.61 7.15 0.00 0.00 7.58 7.99 7.95 2.31 3.78 6.93 8.85 0.00 4.09 0.00 4.88 0.00 2.12 2.60 0.00 5.62 6.47 3.85 3.50 4365630
0.00 4.21 4.42 0.00 6.34 6.21 0.00 0.00 2.97 4.64 7.01 7.15 0.00 7.53 7.98 7.98 2.06 3.70 6.73 9.21 0.00 4.21 0.00 4.83 0.00 2.02 2.65 3.80 5.83 6.53 3.82 3.43 4378720
0.00 4.20 4.41 0.00 6.34 6.20 3.67 0.00 3.11 4.73 7.17 0.00 0.00 7.54 7.97 8.31 2.07 3.66 0.00 8.99 0.00 4.19 0.00 3.56 0.00 2.25 2.69 4.26 5.73 7.18 3.80 3.63 4391810
0.00 0.00 4.39 0.00 6.34 6.30 0.00 0.00 3.18 4.66 7.11 7.32 0.00 7.53 7.97 0.00 2.07 3.65 0.00 8.95 0.00 4.01 0.00 0.00 0.00 2.04 2.59 4.03 5.58 7.14 3.79 3.58 4404900
0.00 4.13 4.41 0.00 6.10 6.30 3.69 0.00 3.15 4.85 7.12 7.12 0.00 7.53 7.98 0.00 2.06 3.60 6.93 8.97 0.00 4.17 0.00 3.54 0.00 2.03 2.60 0.00 5.81 6.48 3.86 3.51 4417990
0.00 0.00 4.42 0.00 6.07 6.29 0.00 0.00 3.25 4.83 7.03 7.11 0.00 7.55 7.97 0.00 2.06 3.57 6.52 8.99 0.00 4.23 0.00 0.00 0.00 2.04 2.60 4.22 5.59 6.55 3.77 3.52 4431080
0.00 4.18 4.40 0.00 6.06 6.20 0.00 6.10 3.17 4.83 6.94 7.11 0.00 7.58 7.98 0.00 2.03 3.62 6.51 8.98 0.00 4.23 0.00 0.00 0.00 2.15 2.61 4.17 5.69 6.89 3.79 3.51 4444170
0.00 0.00 4.41 0.00 6.08 6.29 0.00 0.00 3.10 4.83 7.01 7.13 0.00 7.55 7.98 0.00 2.01 3.65 6.10 9.01 0.00 4.23 0.00 0.00 0.00 2.39 2.73 4.08 5.61 6.48 3.76 3.46 4457260
0.00 0.00 4.35 0.00 6.09 6.30 0.00 6.14 3.10 4.77 7.00 7.13 0.00 7.57 7.97 8.30 2.03 3.60 6.46 8.98 0.00 4.21 0.00 3.87 0.00 2.04 2.76 3.86 5.69 0.00 3.79 3.52 4470350
0.00 0.00 4.44 0.00 6.10 6.29 0.00 0.00 3.10 4.74 7.01 7.13 0.00 7.56 7.97 8.33 0.00 3.58 6.29 8.97 0.00 4.13 0.00 0.00 0.00 2.32 2.77 0.00 5.58 6.74 3.93 3.48 4483440
0.00 0.00 4.41 0.00 6.11 6.30 0.00 0.00 3.16 4.86 7.04 7.17 6.53 7.56 7.97 0.00 0.00 3.53 6.56 8.97 0.00 4.15 0.00 0.00 0.00 2.02 2.73 4.16 5.63 6.59 3.82 3.49 4496530
0.00 4.25 4.49 0.00 6.08 6.31 0.00 0.00 3.15 4.82 6.94 7.14 0.00 7.56 7.97 8.14 2.01 3.55 6.52 8.96 0.00 4.18 0.00 0.00 0.00 2.03 2.75 0.00 5.82 6.82 3.93 3.51 4509620
0.00 0.00 4.40 0.00 6.08 6.29 0.00 6.36 3.09 4.83 7.00 7.15 0.00 7.56 7.98 0.00 0.00 3.57 6.49 8.96 0.00 4.21 0.00 0.00 0.00 2.17 2.76 4.09 6.20 6.78 3.78 3.50 4522710
0.00 0.00 4.41 0.00 6.07 6.20 0.00 0.00 3.05 4.87 6.95 7.19 0.00 7.56 7.97 8.10 2.01 4.13 6.50 8.97 0.00 4.16 0.00 4.04 0.00 2.02 2.75 4.19 5.78 0.00 3.78 3.51 4535800
0.00 4.23 4.35 0.00 6.05 6.17 0.00 0.00 3.08 4.76 7.18 7.21 0.00 7.57 7.97 8.12 2.02 4.13 6.59 8.99 0.00 4.20 0.00 0.00 0.00 2.02 2.76 0.00 6.11 7.19 3.77 3.58 4548890
0.00 4.15 4.39 0.00 6.05 6.31 0.00 0.00 3.14 4.76 7.04 7.10 0.00 7.56 7.97 8.10 2.13 4.16 6.48 8.97 0.00 0.00 0.00 0.00 0.00 2.02 2.75 3.89 5.74 6.54 3.78 3.59 4561980
0.00 4.26 4.36 0.00 6.08 6.38 0.00 0.00 3.09 4.86 6.86 7.16 0.00 7.56 7.98 8.10 2.19 3.44 0.00 8.95 0.00 4.59 0.00 0.00 0.00 2.02 2.74 4.21 5.71 6.48 3.77 3.52 4575070
0.00 0.00 4.35 0.00 6.09 6.39 3.66 0.00 3.08 4.73 6.87 7.19 0.00 7.55 7.97 0.00 2.03 3.47 6.89 8.94 0.00 3.96 0.00 0.00 0.00 2.03 2.70 4.08 5.66 6.67 3.84 0.00 4588160
0.00 0.00 4.39 0.00 6.09 6.39 0.00 6.35 3.08 4.72 6.91 7.24 0.00 7.54 7.95 8.23 2.01 3.62 7.09 8.94 0.00 3.99 0.00 3.91 0.00 2.03 2.67 4.06 5.64 0.00 3.78 3.53 4601250
0.00 4.22 4.33 0.00 6.07 6.39 0.00 0.00 3.33 4.74 6.94 7.12 0.00 7.55 7.97 0.00 2.00 3.51 6.59 8.88 0.00 4.15 0.00 0.00 0.00 2.02 2.62 4.14 5.59 7.17 3.78 3.51 4614340
0.00 0.00 4.47 0.00 6.07 6.39 3.71 0.00 3.06 4.83 6.97 7.18 0.00 7.55 7.96 0.00 2.01 3.51 6.77 8.86 0.00 4.12 0.00 4.28 0.00 2.18 2.65 3.94 5.61 6.63 3.91 3.47 4627430
0.00 4.16 4.40 0.00 6.06 6.40 0.00 0.00 3.03 4.76 6.86 7.12 0.00 7.53 7.96 8.44 3.13 3.55 6.51 8.91 0.00 3.99 0.00 3.72 0.00 2.02 2.66 4.24 5.56 6.52 3.90 3.46 4640520
0.00 0.00 4.33 0.00 6.04 6.23 0.00 0.00 3.22 4.88 6.84 7.15 0.00 7.61 7.94 0.00 3.15 3.52 6.91 8.86 0.00 3.96 0.00 5.13 0.00 2.16 2.76 4.33 5.60 6.62 3.83 3.59 4653610
0.00 0.00 4.37 0.00 6.05 6.25 0.00 0.00 3.14 4.78 6.96 7.15 0.00 7.53 7.97 0.00 2.00 3.50 6.37 8.83 0.00 4.22 0.00 3.92 0.00 2.01 2.58 4.06 5.74 6.52 3.91 3.67 4666700
0.00 0.00 4.33 0.00 6.04 6.25 3.70 0.00 3.25 4.67 6.93 7.14 0.00 7.52 7.98 8.08 0.00 3.49 6.37 8.84 0.00 0.00 0.00 0.00 0.00 2.37 2.54 4.26 5.75 6.55 3.85 0.00 4679790
0.00 4.20 4.39 0.00 6.04 6.25 3.69 0.00 3.34 4.66 6.94 7.32 0.00 7.51 7.98 8.10 2.73 3.42 6.57 8.92 0.00 4.01 0.00 0.00 0.00 2.01 2.52 4.17 5.57 6.51 3.85 3.44 4692880
0.00 0.00 4.40 0.00 6.05 6.24 0.00 0.00 3.25 4.65 6.98 7.23 0.00 7.49 7.98 7.99 2.75 3.43 0.00 8.86 0.00 4.07 0.00 3.55 0.00 2.00 2.53 4.23 5.67 6.88 4.02 3.49 4705970
0.00 4.20 4.38 0.00 6.04 6.25 3.68 0.00 3.19 4.60 6.95 0.00 0.00 7.52 7.99 8.09 2.07 3.41 6.09 8.85 0.00 4.13 0.00 4.25 0.00 0.00 2.50 4.58 5.70 6.60 3.83 3.58 4719060
0.00 0.00 4.37 0.00 6.04 6.32 3.67 0.00 3.28 4.67 6.96 7.32 0.00 7.51 7.98 8.00 2.06 3.44 6.42 8.89 0.00 4.30 0.00 4.29 0.00 0.00 2.65 4.20 5.63 0.00 3.95 3.52 4732150
0.00 3.65 4.33 0.00 6.03 6.32 3.66 0.00 3.07 4.63 6.98 7.13 0.00 7.46 7.98 8.23 2.06 3.43 6.93 8.91 0.00 3.89 0.00 4.15 0.00 2.02 2.55 0.00 5.61 6.85 3.86 3.52 4745240
0.00 0.00 4.33 0.00 6.04 6.33 3.68 0.00 3.45 4.68 6.98 7.15 0.00 7.46 7.98 8.11 2.18 3.43 6.65 8.91 0.00 4.47 0.00 4.18 0.00 2.26 2.52 4.40 5.59 6.52 3.83 3.62 4758330
0.00 0.00 4.37 0.00 6.04 6.56 3.70 0.00 3.26 4.58 6.96 7.17 0.00 7.59 7.97 8.09 2.10 3.40 6.39 8.86 0.00 4.22 0.00 3.80 0.00 2.09 2.63 4.59 5.63 6.53 3.84 3.51 4771420
0.00 0.00 4.36 0.00 6.02 6.47 3.68 6.78 3.25 4.78 6.94 7.18 0.00 7.60 7.97 0.00 2.07 3.42 6.17 8.94 0.00 3.97 0.00 3.89 0.00 2.01 3.22 4.09 5.60 6.60 3.88 3.51 4784510
0.00 4.23 4.39 0.00 6.03 6.32 0.00 6.88 3.16 4.59 7.47 7.24 0.00 7.54 7.96 0.00 2.22 3.45 6.06 8.93 0.00 3.99 0.00 4.96 0.00 2.68 2.91 4.43 5.60 6.55 3.91 3.58 4797600
0.00 0.00 4.42 0.00 6.04 6.32 3.67 6.19 3.13 4.57 7.20 7.32 0.00 7.54 7.98 0.00 2.33 3.48 6.26 8.98 0.00 3.93 0.00 3.82 0.00 2.45 3.12 4.51 5.61 6.52 3.85 3.86 4810690
0.00 4.21 4.39 0.00 6.03 6.31 0.00 0.00 3.41 4.83 6.98 7.13 0.00 7.53 7.97 0.00 2.20 3.46 6.03 8.96 0.00 4.08 0.00 4.29 0.00 0.00 2.83 4.24 5.73 6.52 3.90 3.61 4823780
0.00 0.00 4.33 0.00 6.04 6.30 3.69 0.00 3.32 4.57 6.87 7.14 0.00 7.53 7.97 0.00 2.10 3.47 6.07 8.92 0.00 0.00 0.00 4.48 0.00 0.00 2.52 4.09 5.60 6.50 3.90 3.56 4836870
0.00 4.17 4.40 0.00 6.03 6.31 0.00 0.00 3.17 4.56 6.95 7.19 0.00 7.54 7.97 8.14 2.13 3.47 6.40 8.97 0.00 4.03 0.00 4.27 0.00 2.65 2.66 4.17 5.81 6.53 3.94 3.56 4849960
0.00 4.20 4.38 0.00 6.05 6.32 0.00 6.06 3.38 4.56 7.00 7.18 0.00 7.52 7.97 8.41 2.07 3.49 6.01 8.95 0.00 4.01 0.00 4.28 0.00 2.22 2.67 4.30 5.91 6.54 3.90 3.65 4863050
0.00 0.00 4.37 0.00 6.04 6.30 0.00 6.08 3.10 4.68 7.32 7.45 0.00 7.55 7.96 0.00 2.07 3.52 6.43 8.95 0.00 0.00 0.00 4.97 0.00 2.54 2.68 4.63 5.48 6.55 4.14 3.52 4876140
0.00 0.00 4.35 0.00 6.03 6.32 0.00 0.00 3.08 4.58 7.63 7.23 0.00 7.55 7.95 8.07 2.06 3.49 6.46 8.91 0.00 4.09 0.00 4.93 0.00 2.65 2.67 4.19 5.43 6.56 3.88 3.57 4889230
0.00 0.00 4.45 0.00 6.04 6.31 3.73 0.00 3.33 4.56 6.89 7.20 0.00 7.55 7.98 8.05 2.06 3.51 0.00 8.96 0.00 4.14 0.00 0.00 0.00 2.72 2.67 4.23 5.50 6.55 3.92 3.51 4902320
0.00 0.00 4.34 0.00 6.05 6.31 3.71 0.00 3.39 4.70 6.89 7.23 0.00 7.53 7.98 0.00 2.04 3.55 6.44 8.92 0.00 4.12 0.00 0.00 0.00 2.64 2.66 4.28 5.51 6.54 3.90 3.55 4915410
0.00 0.00 4.41 0.00 6.04 6.30 0.00 0.00 3.39 4.81 6.99 7.18 0.00 7.53 7.95 8.06 2.04 3.56 6.54 8.92 0.00 4.12 0.00 0.00 0.00 2.34 2.69 4.26 5.52 6.53 0.00 3.52 4928500
0.00 0.00 4.38 0.00 6.04 6.30 0.00 0.00 3.29 4.63 6.86 7.13 0.00 7.54 7.97 8.07 2.04 3.56 6.18 8.92 0.00 4.17 0.00 0.00 0.00 2.72 2.68 4.24 5.65 6.54 3.89 0.00 4941590
0.00 0.00 4.46 0.00 6.03 6.31 0.00 0.00 3.47 4.58 6.83 7.17 0.00 7.57 7.97 8.07 2.03 3.60 6.59 8.92 0.00 0.00 0.00 0.00 0.00 2.71 2.78 4.31 5.47 6.55 3.92 3.51 4954680
0.00 0.00 4.39 0.00 6.04 6.30 0.00 0.00 3.40 4.59 6.97 7.14 0.00 7.58 7.98 0.00 2.05 3.59 6.33 8.92 0.00 0.00 0.00 0.00 0.00 2.71 2.51 4.25 5.51 6.71 4.01 3.57 4967770
0.00 0.00 4.37 0.00 6.04 6.30 0.00 6.29 3.27 4.73 6.84 7.13 0.00 7.56 7.97 7.92 2.04 3.57 6.63 8.91 0.00 0.00 0.00 4.24 0.00 2.69 2.48 4.20 5.50 6.67 3.93 3.83 4980860