4.89 3.50 0.00 0.00 4.51 5.30 3.72 0.00 3.40 3.41 3.94 4.07 5.64 7.22 8.40 0.00 2.32 3.54 6.78 8.97 2.94 3.88 9.79 4.81 0.00 0.00 2.71 0.00 6.60 6.30 6.23 5.74 5268570
4.89 3.52 0.00 0.00 4.51 5.30 3.73 0.00 3.40 3.41 3.94 4.06 5.65 7.22 8.39 0.00 2.28 3.79 6.89 8.63 2.93 3.88 9.77 4.82 0.00 0.00 2.72 0.00 6.60 6.32 6.24 5.72 5281660
4.89 3.49 0.00 0.00 4.51 5.31 3.73 0.00 3.40 3.41 3.93 4.05 5.64 7.23 8.41 0.00 2.23 3.44 6.92 8.55 3.70 4.28 9.77 4.83 0.00 2.59 2.71 0.00 6.62 6.32 6.24 5.74 5294750
4.89 3.46 0.00 0.00 4.51 5.32 3.72 0.00 3.40 3.41 3.93 4.06 5.65 7.22 8.40 0.00 2.17 3.42 7.04 8.61 3.67 0.00 0.00 4.88 0.00 2.58 2.71 0.00 6.62 6.31 6.24 5.73 5307840
4.88 3.61 0.00 0.00 4.49 5.32 3.71 0.00 3.39 3.39 3.83 4.10 5.64 7.19 8.40 0.00 2.13 3.41 7.08 8.64 3.66 0.00 0.00 5.10 0.00 2.57 2.71 0.00 6.61 6.31 6.24 5.74 5320930
4.89 3.56 0.00 0.00 4.39 4.55 0.00 0.00 3.40 3.39 3.86 4.10 5.63 7.18 8.40 0.00 2.24 3.43 0.00 8.70 3.67 0.00 0.00 5.11 0.00 2.56 2.71 0.00 6.60 6.31 6.25 5.74 5334020
4.89 3.58 0.00 0.00 4.31 4.49 0.00 0.00 3.40 3.39 3.94 4.10 5.63 7.18 8.39 0.00 2.37 3.44 0.00 8.62 3.67 0.00 0.00 5.10 0.00 2.55 2.71 0.00 6.62 6.31 6.24 5.74 5347110
4.93 3.64 0.00 0.00 4.32 4.48 0.00 6.25 3.40 3.39 3.83 4.08 5.62 7.13 8.39 0.00 2.35 3.44 0.00 8.72 3.67 0.00 0.00 5.10 0.00 2.26 2.71 0.00 6.60 6.31 6.24 5.74 5360200
4.93 3.63 5.40 0.00 4.33 4.48 0.00 6.23 3.39 3.39 3.93 4.09 5.62 7.23 8.40 0.00 2.35 3.53 0.00 8.63 3.68 0.00 0.00 4.45 0.00 2.21 2.70 0.00 6.50 6.33 6.23 5.91 5373290
4.93 3.63 5.41 0.00 4.32 4.49 0.00 0.00 3.38 3.39 3.79 4.10 5.60 7.12 8.41 0.00 2.19 3.58 6.60 8.88 3.67 0.00 0.00 5.20 0.00 2.21 2.70 0.00 6.74 6.29 6.25 5.75 5386380
4.93 3.61 5.28 0.00 4.32 4.50 0.00 6.23 3.43 3.39 3.88 4.08 5.57 7.15 8.41 0.00 2.20 3.60 6.89 8.98 3.63 0.00 0.00 5.19 0.00 2.26 2.65 0.00 6.55 7.03 6.15 5.70 5399470
4.88 3.64 0.00 0.00 4.98 4.49 0.00 0.00 3.41 3.40 3.83 4.26 5.74 7.28 8.39 0.00 2.20 3.50 6.72 8.92 3.61 4.33 0.00 5.07 0.00 2.18 2.69 0.00 6.58 6.30 6.27 5.71 5412560
4.86 3.63 0.00 0.00 4.32 4.41 0.00 6.56 3.42 3.48 3.80 4.07 5.58 7.27 8.39 0.00 2.19 3.50 6.59 8.50 3.64 4.29 0.00 5.32 0.00 2.20 2.66 0.00 6.53 6.61 6.24 5.97 5425650
4.88 4.27 0.00 0.00 4.34 4.45 0.00 5.88 3.47 3.52 3.83 4.77 5.70 7.25 8.37 0.00 2.16 3.42 6.66 8.74 3.59 4.33 0.00 5.43 0.00 2.06 2.70 0.00 6.48 6.61 6.16 5.76 5438740
5.03 3.63 0.00 0.00 4.30 4.49 0.00 6.02 3.39 3.51 3.78 4.04 5.59 7.05 8.41 0.00 2.06 3.53 6.80 8.61 0.00 4.38 0.00 5.23 0.00 2.08 2.66 0.00 6.50 6.44 6.11 5.83 5451830
5.11 3.65 0.00 0.00 4.27 4.48 0.00 0.00 3.39 3.44 3.77 4.00 5.76 7.04 8.42 0.00 2.18 3.38 6.63 8.80 3.60 4.30 0.00 5.39 0.00 2.14 2.66 0.00 0.00 6.70 6.29 6.42 5464920
4.96 0.00 0.00 3.12 4.27 4.49 0.00 5.96 3.41 3.46 3.79 4.01 5.61 7.09 8.39 8.40 2.04 3.45 6.69 9.58 3.75 4.39 0.00 0.00 0.00 2.26 2.70 0.00 6.46 6.28 6.14 5.97 5478010
0.00 3.64 0.00 0.00 4.32 4.61 0.00 5.98 3.39 3.34 3.68 4.02 5.63 7.12 8.41 0.00 2.29 3.43 6.46 8.93 3.75 4.30 0.00 4.65 0.00 2.14 2.70 0.00 6.46 6.24 6.23 5.83 5491100
5.06 3.62 5.86 0.00 4.15 4.47 0.00 5.77 3.37 3.40 3.69 4.66 5.98 7.21 8.45 0.00 2.06 3.47 6.52 0.00 3.73 0.00 0.00 0.00 0.00 2.52 2.68 0.00 6.68 6.19 6.43 5.80 5504190
4.95 3.63 0.00 0.00 4.13 4.45 3.76 5.79 3.60 3.33 3.69 4.05 5.63 7.11 8.51 0.00 2.09 3.48 6.88 8.61 4.03 4.40 0.00 3.99 0.00 2.64 2.68 0.00 6.58 5.73 6.27 5.82 5517280
4.88 3.63 0.00 0.00 3.94 4.46 3.91 6.22 3.34 3.25 3.73 4.04 5.74 7.11 8.43 0.00 2.11 3.40 6.55 8.81 3.62 0.00 0.00 4.93 0.00 2.18 2.69 0.00 6.48 6.43 6.27 5.84 5530370
5.21 3.65 5.39 0.00 3.89 4.13 0.00 6.71 3.38 3.11 3.75 3.98 5.90 7.13 8.41 0.00 0.00 3.44 6.45 8.96 3.67 4.46 9.84 4.65 0.00 2.15 2.78 0.00 6.44 5.72 6.18 5.54 5543460
5.01 3.60 0.00 4.20 3.86 4.09 0.00 6.07 3.38 3.09 3.82 4.03 5.63 7.12 8.42 0.00 2.11 3.45 6.11 8.69 3.69 4.39 0.00 5.35 0.00 2.08 2.66 0.00 6.53 6.27 6.17 5.86 5556550
5.03 3.61 0.00 0.00 3.86 4.08 0.00 5.96 3.38 3.02 3.66 4.10 5.99 6.98 8.46 8.60 2.96 3.25 6.15 8.96 3.68 4.30 0.00 4.91 0.00 2.13 2.66 0.00 6.42 6.09 6.19 5.64 5569640
5.07 3.63 0.00 0.00 3.89 4.04 3.58 6.30 3.40 3.03 4.03 4.18 6.35 7.01 8.39 0.00 2.88 3.23 6.45 8.95 3.68 0.00 0.00 4.81 0.00 2.10 2.71 0.00 7.18 6.12 6.24 6.01 5582730
4.88 3.63 0.00 0.00 3.85 4.00 3.64 5.99 3.38 2.99 3.70 4.01 6.15 7.05 8.40 0.00 2.51 3.32 6.44 8.94 3.67 4.35 0.00 4.43 0.00 2.07 2.66 0.00 6.74 6.11 6.42 5.70 5595820
5.06 3.62 0.00 0.00 3.89 3.90 0.00 6.09 3.39 2.96 3.81 4.13 5.73 7.03 8.40 0.00 0.00 3.49 6.36 8.98 3.79 4.41 0.00 4.46 0.00 2.10 2.67 0.00 6.50 6.14 6.30 5.79 5608910
5.00 3.63 5.27 5.13 3.88 3.95 0.00 5.98 4.26 2.97 3.68 4.02 6.13 7.02 8.40 0.00 2.20 3.46 5.95 8.88 3.84 0.00 0.00 0.00 0.00 2.13 2.72 0.00 6.48 6.09 6.35 5.76 5622000
4.98 3.62 0.00 0.00 3.85 3.90 0.00 5.93 3.53 3.14 3.70 4.04 5.74 7.00 8.43 0.00 2.43 3.49 6.60 8.86 3.70 4.45 0.00 5.06 0.00 2.15 2.68 0.00 6.41 6.37 6.41 5.97 5635090
5.21 3.60 0.00 0.00 4.11 3.95 0.00 6.05 3.39 3.04 3.85 4.01 5.73 6.81 8.43 0.00 2.31 3.35 6.20 8.86 3.89 4.30 0.00 3.96 0.00 2.11 2.65 0.00 6.55 6.18 6.38 5.62 5648180
4.89 3.63 0.00 0.00 4.01 3.96 0.00 5.87 3.53 3.00 3.87 4.03 5.69 7.13 8.42 0.00 2.33 3.62 6.15 8.59 3.83 4.46 0.00 4.83 0.00 2.10 2.66 0.00 6.36 6.29 6.48 5.65 5661270
5.61 3.62 0.00 0.00 3.88 3.93 0.00 6.08 3.39 3.00 3.70 4.02 5.87 6.98 8.42 0.00 2.49 3.86 6.33 8.69 3.68 0.00 0.00 5.06 0.00 2.10 2.68 0.00 6.35 6.14 6.32 6.24 5674360
5.09 3.57 0.00 0.00 3.88 3.91 0.00 5.79 3.38 2.95 3.70 4.01 5.85 7.08 8.42 0.00 2.47 3.58 6.17 8.77 3.69 4.33 0.00 5.51 0.00 2.10 2.67 0.00 6.51 6.13 6.33 5.57 5687450
5.60 3.67 0.00 0.00 3.85 3.93 3.62 5.84 3.38 2.99 3.70 4.15 5.90 6.93 8.39 0.00 2.21 3.79 6.09 8.78 3.69 4.49 0.00 0.00 0.00 2.11 2.68 0.00 6.41 6.18 7.13 5.66 5700540
5.01 4.18 0.00 0.00 3.88 3.96 0.00 5.90 3.39 2.99 3.69 4.29 6.12 7.00 8.41 0.00 2.18 3.57 6.49 8.50 3.72 4.34 0.00 4.79 0.00 2.11 2.67 0.00 6.44 6.14 6.46 5.59 5713630
5.69 3.61 0.00 3.40 3.86 3.93 0.00 5.92 3.38 2.98 3.74 4.73 5.86 6.93 8.42 0.00 2.05 3.68 6.04 8.90 3.86 4.31 0.00 4.94 0.00 2.12 2.67 0.00 6.41 6.12 6.37 5.57 5726720
4.94 3.59 0.00 0.00 3.88 3.96 0.00 5.76 3.37 2.95 3.78 4.02 5.92 6.97 8.41 0.00 0.00 3.47 6.46 8.64 3.66 4.58 0.00 5.23 0.00 2.11 2.68 0.00 6.40 6.17 0.00 5.54 5739810
4.95 3.60 0.00 0.00 3.90 3.98 0.00 5.89 3.38 3.09 3.70 4.00 5.79 7.01 8.41 0.00 2.31 3.47 6.32 8.88 3.71 4.32 0.00 5.82 0.00 2.13 2.68 0.00 6.40 6.22 6.36 5.62 5752900
4.98 3.61 0.00 0.00 3.88 3.97 0.00 5.79 3.38 2.95 3.74 4.00 6.21 6.93 8.42 0.00 2.46 3.80 6.29 8.73 3.68 0.00 0.00 4.91 0.00 2.11 2.69 0.00 6.39 6.15 6.68 5.68 5765990
5.16 3.65 0.00 0.00 3.87 3.96 0.00 0.00 3.39 2.92 3.73 4.02 5.86 7.14 8.41 0.00 2.32 3.45 6.44 8.61 3.76 0.00 0.00 4.66 0.00 2.10 2.70 0.00 6.41 6.29 6.53 5.59 5779080
5.15 3.61 0.00 0.00 3.86 3.95 0.00 6.00 3.38 2.94 3.73 4.01 5.85 7.10 8.42 0.00 2.50 3.48 6.31 8.69 3.99 4.31 0.00 4.98 0.00 2.10 2.69 0.00 6.41 6.19 6.52 5.68 5792170
5.16 3.61 0.00 0.00 3.92 3.97 0.00 5.88 3.37 2.99 3.75 4.01 5.95 7.10 8.42 0.00 2.31 3.48 6.61 8.64 3.73 4.95 0.00 4.96 0.00 2.09 2.70 0.00 6.40 6.28 6.39 5.71 5805260
4.96 3.61 0.00 0.00 3.91 3.94 0.00 5.93 3.38 2.94 3.78 4.01 5.91 7.13 8.41 0.00 2.31 3.51 6.40 8.61 3.69 0.00 0.00 4.94 0.00 2.09 2.70 0.00 6.39 6.16 6.36 5.75 5818350
5.07 3.61 0.00 0.00 3.90 3.98 0.00 0.00 3.38 3.04 3.75 4.01 5.98 6.94 8.41 0.00 0.00 3.48 6.30 8.34 4.36 0.00 0.00 4.95 0.00 2.08 2.70 0.00 6.38 6.11 6.70 5.77 5831440
0.00 3.61 0.00 0.00 3.90 3.93 0.00 6.29 3.38 3.01 3.74 4.00 6.04 7.48 8.42 0.00 2.60 3.48 6.18 8.68 3.68 4.57 0.00 5.25 0.00 2.07 2.69 0.00 6.41 6.14 6.48 5.78 5844530
0.00 3.60 0.00 0.00 3.90 3.95 0.00 6.24 3.39 2.96 3.72 3.99 6.15 7.00 8.41 0.00 2.59 3.51 6.16 8.64 3.71 4.30 0.00 5.51 0.00 2.07 2.70 0.00 6.40 6.26 6.52 0.00 5857620
5.13 3.62 0.00 0.00 3.87 3.96 0.00 6.27 3.38 2.98 3.73 4.00 6.01 7.04 8.42 0.00 2.65 3.45 6.35 8.62 3.69 0.00 0.00 5.01 0.00 2.08 2.69 0.00 6.39 6.10 6.35 5.38 5870710
5.61 3.61 0.00 0.00 3.84 3.99 0.00 6.20 3.38 2.93 3.70 4.00 6.49 7.02 8.42 0.00 2.66 3.42 6.21 8.72 3.70 4.33 0.00 5.28 0.00 2.08 2.72 0.00 6.42 6.12 6.67 5.69 5883800
4.97 3.61 0.00 0.00 3.88 3.97 0.00 6.16 3.38 2.92 3.70 4.01 5.84 6.97 8.42 0.00 2.66 3.40 6.29 8.69 3.77 4.31 0.00 5.28 0.00 2.09 2.69 0.00 6.45 6.12 6.65 5.65 5896890
0.00 3.62 5.37 0.00 0.00 3.96 3.64 6.04 3.38 2.97 3.72 4.01 5.89 7.05 8.41 0.00 0.00 3.38 6.21 8.70 3.71 4.34 0.00 5.01 0.00 2.08 2.71 0.00 6.48 0.00 6.59 5.70 5909980
0.00 3.62 0.00 0.00 3.90 4.00 0.00 6.03 3.39 3.01 3.71 4.03 6.46 7.19 8.42 0.00 2.65 3.38 6.27 8.72 3.71 4.28 0.00 5.35 0.00 2.10 2.72 0.00 6.38 6.09 6.57 5.63 5923070
5.58 3.61 0.00 0.00 4.32 4.09 0.00 6.32 3.38 3.01 3.72 4.01 6.25 7.04 8.42 0.00 2.67 3.39 6.53 8.83 3.69 4.32 0.00 5.28 0.00 2.09 2.70 0.00 6.40 6.10 6.59 5.72 5936160
0.00 3.61 0.00 0.00 0.00 4.06 0.00 0.00 3.39 2.96 3.70 4.01 5.97 7.36 8.42 0.00 0.00 3.45 6.23 8.73 3.66 4.38 0.00 4.85 0.00 2.09 2.72 0.00 6.41 6.08 6.37 5.76 5949250
0.00 3.61 5.37 0.00 3.88 4.02 0.00 6.15 3.38 2.95 3.79 4.01 0.00 7.05 8.41 0.00 0.00 3.42 6.16 8.49 3.68 4.93 0.00 4.63 0.00 2.10 2.71 0.00 6.39 0.00 6.38 5.75 5962340
0.00 3.61 5.39 0.00 3.92 3.96 0.00 6.15 3.37 2.98 3.73 4.00 5.83 6.97 8.41 0.00 0.00 3.46 6.30 8.43 3.77 4.56 0.00 4.58 0.00 2.09 2.71 0.00 6.38 6.10 6.36 5.74 5975430
0.00 3.61 0.00 0.00 3.85 3.95 0.00 6.15 3.38 2.99 3.78 4.01 6.01 7.10 8.41 0.00 2.69 3.46 6.41 9.03 3.77 4.35 0.00 4.96 0.00 2.10 2.70 0.00 6.37 6.14 6.37 6.16 5988520
0.00 3.61 0.00 0.00 3.82 4.03 0.00 6.58 3.37 3.06 3.74 4.00 5.83 7.10 8.41 0.00 2.75 3.45 6.37 8.75 3.75 4.93 0.00 4.95 0.00 2.09 2.71 0.00 6.35 6.07 6.38 5.42 6001610
0.00 3.61 0.00 0.00 3.94 3.96 0.00 6.01 3.38 2.97 3.75 4.01 5.86 6.97 8.42 0.00 2.75 3.59 6.15 8.74 3.77 4.26 0.00 4.97 0.00 2.08 2.70 0.00 6.36 6.11 6.37 6.08 6014700
0.00 3.60 5.37 0.00 3.95 3.95 0.00 5.80 3.36 2.92 3.74 4.01 6.37 6.91 8.41 0.00 2.75 3.55 6.14 8.59 3.73 4.28 0.00 5.21 0.00 2.08 2.71 0.00 6.35 6.11 6.34 5.37 6027790
0.00 3.60 5.39 0.00 3.91 3.97 0.00 5.78 3.37 2.94 3.73 4.00 5.84 6.91 8.40 0.00 2.75 3.55 6.09 8.76 3.97 4.87 0.00 0.00 0.00 2.09 2.69 0.00 6.36 6.10 6.37 5.74 6040880
0.00 3.62 5.38 0.00 3.84 3.96 0.00 5.78 3.38 2.93 3.75 4.01 5.78 6.90 8.41 0.00 2.75 3.54 6.56 8.59 3.87 4.30 0.00 5.22 0.00 2.10 2.69 0.00 6.35 6.12 6.38 5.59 6053970
5.02 3.62 0.00 0.00 3.95 4.02 0.00 6.68 3.37 2.95 3.76 3.99 5.96 6.93 8.40 0.00 2.76 3.53 6.30 8.49 3.80 4.43 0.00 5.33 0.00 2.09 2.69 0.00 6.36 6.15 6.65 0.00 6067060
4.99 3.61 0.00 0.00 4.11 3.99 0.00 6.02 3.37 2.91 3.75 4.08 5.98 7.04 8.41 0.00 2.76 3.60 5.97 9.05 3.67 0.00 0.00 5.37 0.00 2.09 2.93 0.00 6.44 6.59 6.53 6.12 6080150
5.13 3.61 0.00 3.41 3.96 3.99 3.66 6.29 3.41 2.94 3.73 3.99 5.94 6.97 8.39 0.00 2.77 3.48 6.01 8.86 3.72 4.33 0.00 4.65 0.00 2.17 2.73 0.00 6.43 0.00 6.36 5.99 6093240
4.94 3.60 0.00 0.00 3.82 3.99 4.02 6.13 3.42 2.96 3.74 4.00 5.99 6.92 8.40 0.00 2.77 3.56 6.06 8.60 3.59 4.46 0.00 4.70 0.00 2.26 2.72 0.00 6.36 6.07 6.35 5.77 6106330
5.11 3.60 0.00 0.00 4.02 3.98 3.61 5.87 3.40 2.92 3.81 4.01 0.00 6.92 8.40 0.00 2.77 3.44 6.33 8.90 3.63 0.00 0.00 5.65 0.00 2.24 2.68 0.00 6.35 6.35 6.35 5.50 6119420
4.90 3.61 0.00 0.00 3.82 3.96 3.89 5.27 3.38 2.87 3.71 0.00 0.00 6.87 8.39 0.00 2.76 3.30 5.73 8.91 3.72 4.33 0.00 4.63 0.00 2.10 2.97 0.00 6.31 6.05 6.76 5.39 6132510
4.99 4.28 0.00 0.00 3.85 3.93 4.15 5.76 3.39 2.91 3.74 4.03 5.95 6.90 8.41 0.00 0.00 3.42 5.92 8.66 3.71 4.68 0.00 4.64 0.00 2.05 2.65 0.00 6.36 6.10 6.48 5.43 6145600
5.15 3.61 0.00 3.35 3.87 3.97 3.93 5.30 3.47 2.79 3.85 4.07 5.83 6.93 8.42 0.00 3.06 3.42 5.78 8.73 3.91 4.34 0.00 5.19 0.00 2.10 2.68 0.00 6.41 5.50 6.47 5.78 6158690
5.05 3.62 0.00 3.55 3.90 4.05 3.55 5.71 3.50 2.92 3.85 4.08 6.14 6.85 8.39 0.00 2.80 3.27 5.98 8.76 3.62 4.93 9.98 4.77 0.00 2.76 2.68 0.00 6.34 6.34 6.56 6.09 6171780
5.10 3.62 0.00 0.00 4.07 4.00 3.64 5.92 3.57 2.79 3.89 4.02 5.98 6.90 8.41 0.00 2.06 3.38 6.46 8.99 3.68 4.33 0.00 4.01 0.00 2.27 3.12 0.00 6.40 6.09 6.69 5.59 6184870
4.96 3.63 0.00 3.04 3.97 3.99 3.50 5.93 3.44 2.93 3.73 4.11 6.46 6.88 8.41 0.00 0.00 3.19 5.65 8.87 3.76 4.32 9.94 4.63 0.00 2.21 2.71 0.00 6.41 6.05 6.85 5.47 6197960
5.14 3.60 0.00 2.98 3.88 4.00 3.60 5.50 3.48 2.88 3.73 4.05 6.29 6.88 8.39 0.00 2.25 3.39 6.39 8.71 3.70 4.45 0.00 4.63 0.00 2.09 2.83 0.00 6.30 6.11 6.71 5.79 6211050
5.16 3.59 0.00 0.00 3.89 3.99 3.54 5.62 3.46 3.00 3.86 4.06 0.00 6.91 8.39 0.00 2.01 3.42 6.20 8.81 3.72 4.36 0.00 0.00 0.00 2.13 2.78 0.00 6.32 5.99 6.66 5.44 6224140
5.01 3.60 0.00 0.00 3.98 4.00 3.89 5.38 3.55 2.94 3.80 4.07 0.00 6.84 8.52 0.00 2.32 3.51 6.32 8.98 3.71 4.44 0.00 0.00 0.00 0.00 2.72 0.00 6.46 5.86 6.72 5.48 6237230
4.93 3.60 0.00 0.00 3.94 4.07 3.55 5.40 3.44 2.89 3.80 4.03 6.15 6.98 8.39 0.00 2.56 3.40 5.99 8.97 4.03 4.50 0.00 4.75 0.00 2.09 2.76 0.00 6.36 5.95 6.80 5.75 6250320
5.11 3.61 0.00 0.00 3.92 4.03 3.64 5.54 3.47 2.91 3.83 4.08 5.87 7.06 8.39 0.00 2.75 3.40 5.82 8.85 3.82 4.38 0.00 0.00 0.00 2.05 2.78 5.73 6.37 5.93 7.39 6.08 6263410
5.13 3.60 4.76 3.80 4.37 4.06 3.75 5.19 3.49 2.93 3.81 4.09 6.10 6.97 8.38 0.00 2.03 3.31 6.04 8.93 3.81 0.00 0.00 5.12 0.00 2.12 2.78 0.00 6.17 6.25 6.74 5.24 6276500
4.92 3.60 0.00 0.00 3.99 3.94 3.97 5.23 3.47 2.90 3.91 4.04 0.00 7.00 8.38 0.00 0.00 3.38 5.98 9.07 3.76 4.45 0.00 5.15 0.00 2.11 2.75 6.07 6.45 6.13 6.83 5.51 6289590
5.02 3.58 0.00 0.00 4.01 4.07 3.92 5.17 3.43 3.00 3.83 4.06 6.17 7.09 8.38 0.00 3.12 3.38 6.05 8.93 3.83 4.45 0.00 0.00 0.00 2.11 2.72 5.95 6.23 5.95 6.79 5.97 6302680
5.24 3.61 0.00 0.00 4.03 3.93 3.64 5.90 3.38 2.96 3.86 4.04 6.41 7.38 8.38 0.00 2.84 3.46 6.26 8.96 3.87 4.46 0.00 4.92 0.00 2.10 2.73 0.00 6.25 6.00 6.80 6.02 6315770
4.98 3.60 0.00 0.00 3.98 3.97 0.00 5.07 3.46 2.96 3.80 4.05 6.15 7.01 8.39 0.00 0.00 3.30 5.97 9.46 3.74 4.36 0.00 4.89 0.00 2.11 2.73 0.00 6.45 5.92 6.76 0.00 6328860
0.00 3.60 0.00 0.00 3.97 4.03 3.62 5.07 3.52 2.98 3.80 4.00 6.78 7.02 8.38 0.00 0.00 3.34 6.03 8.78 3.76 4.70 0.00 4.72 0.00 2.10 2.75 5.68 6.28 0.00 6.75 0.00 6341950
5.35 3.61 5.35 3.08 0.00 4.09 3.92 5.05 3.37 2.93 3.82 4.08 0.00 7.12 8.39 0.00 2.81 3.46 6.61 8.95 3.77 4.60 0.00 4.56 0.00 2.06 2.77 5.47 6.49 5.99 6.77 5.67 6355040
5.01 3.60 5.37 3.06 4.06 4.01 0.00 5.47 3.41 2.93 3.82 4.04 6.20 7.07 8.38 0.00 0.00 3.48 5.89 8.97 3.84 0.00 0.00 0.00 0.00 2.11 2.74 0.00 6.28 6.03 6.78 5.67 6368130
5.21 3.62 0.00 0.00 4.19 3.97 3.79 5.09 3.36 2.96 3.86 4.05 6.31 7.22 8.38 0.00 2.82 3.54 6.54 8.95 3.85 4.64 0.00 0.00 0.00 2.10 2.72 0.00 6.24 6.04 6.78 5.63 6381220
4.94 3.60 5.38 0.00 4.00 3.97 0.00 5.25 3.37 2.98 3.80 4.06 6.75 7.08 8.38 0.00 2.82 3.38 6.14 0.00 3.86 4.38 0.00 0.00 0.00 2.08 2.75 0.00 6.44 6.07 6.94 0.00 6394310
4.99 3.61 0.00 0.00 3.96 3.96 0.00 5.12 3.52 2.97 3.82 4.06 6.82 7.27 8.38 0.00 0.00 3.73 6.15 9.00 3.91 4.43 0.00 0.00 0.00 2.11 2.76 0.00 0.00 6.01 6.81 5.77 6407400
4.96 3.61 5.36 0.00 3.93 4.00 3.62 5.23 3.59 2.94 3.86 4.07 6.42 6.90 8.39 0.00 0.00 3.40 6.66 9.37 3.91 4.37 0.00 0.00 0.00 2.09 2.74 0.00 6.39 6.04 0.00 5.44 6420490
4.99 3.62 5.34 0.00 4.02 4.00 0.00 4.96 3.62 2.97 3.84 4.02 0.00 6.97 8.38 0.00 0.00 3.31 6.02 9.09 3.85 5.12 0.00 0.00 0.00 2.24 2.74 0.00 6.39 5.92 7.21 5.60 6433580
4.97 3.60 5.39 0.00 4.05 4.04 3.64 4.82 3.60 2.94 3.82 4.05 0.00 6.86 8.38 0.00 0.00 3.33 6.17 8.69 3.93 4.58 0.00 5.19 0.00 2.27 2.76 0.00 6.15 5.93 7.04 5.54 6446670
4.98 3.61 0.00 0.00 3.97 3.99 4.41 5.12 3.29 2.96 3.81 4.03 6.22 6.87 8.37 0.00 0.00 3.58 6.19 8.55 3.88 0.00 0.00 5.40 0.00 2.40 2.75 0.00 6.19 6.06 6.93 5.51 6459760
4.96 3.60 0.00 0.00 4.05 3.99 0.00 4.89 3.31 2.96 4.13 4.05 6.20 7.54 8.39 0.00 2.80 3.32 6.37 8.97 3.88 4.45 0.00 5.17 0.00 2.17 2.76 0.00 0.00 6.05 7.33 6.17 6472850
4.98 3.61 0.00 0.00 3.93 3.99 0.00 4.94 3.35 2.92 3.87 4.07 6.37 6.88 8.38 0.00 3.06 3.51 6.20 9.59 3.89 4.50 0.00 5.20 0.00 2.24 2.73 0.00 6.30 5.88 6.90 6.26 6485940
4.97 3.64 0.00 0.00 4.04 4.02 0.00 4.76 3.36 2.91 3.79 4.10 0.00 6.91 8.37 0.00 3.09 3.43 6.23 9.04 3.86 4.48 0.00 5.63 0.00 2.16 2.74 0.00 6.18 5.96 7.11 5.58 6499030
5.15 3.61 5.37 0.00 4.06 4.00 0.00 4.95 3.33 2.99 3.83 4.07 0.00 6.95 8.38 0.00 2.75 3.30 6.79 8.69 4.03 4.44 0.00 5.55 0.00 2.14 2.74 5.88 6.19 6.04 6.85 5.53 6512120
5.09 3.60 0.00 0.00 0.00 4.02 3.61 4.77 3.63 2.97 3.85 4.07 6.45 6.98 8.38 0.00 2.73 3.28 6.21 9.02 3.86 4.96 0.00 0.00 0.00 2.15 2.74 0.00 6.13 6.02 6.86 5.83 6525210
5.05 3.61 5.35 3.06 4.31 3.99 0.00 4.73 4.02 2.98 3.80 4.05 6.44 6.90 8.38 0.00 2.43 3.32 6.45 8.81 3.87 0.00 0.00 0.00 0.00 2.15 2.75 5.47 6.08 0.00 6.86 5.57 6538300
5.00 3.62 5.39 0.00 4.49 4.07 3.62 4.86 3.51 2.96 3.82 4.06 0.00 6.90 8.38 0.00 2.48 3.32 5.95 9.00 3.78 4.45 0.00 4.72 0.00 2.16 2.74 6.02 6.29 6.42 6.88 5.94 6551390
4.99 3.61 0.00 3.01 4.05 4.04 3.60 4.98 3.30 2.95 4.08 4.07 6.39 7.05 8.38 0.00 2.26 3.32 6.07 8.98 3.85 4.65 0.00 4.85 0.00 2.16 2.73 0.00 6.22 0.00 6.93 5.95 6564480
5.13 3.60 0.00 0.00 4.01 4.05 0.00 4.64 3.24 2.96 3.84 4.04 0.00 7.14 8.38 0.00 2.25 3.64 6.11 8.90 3.80 4.49 0.00 4.86 0.00 2.15 2.75 5.62 6.29 0.00 6.87 5.89 6577570
5.09 3.60 0.00 3.09 0.00 4.06 3.67 4.66 3.33 2.95 3.89 4.08 6.31 6.97 8.38 0.00 0.00 3.30 6.65 8.98 3.87 4.44 0.00 0.00 0.00 2.15 2.77 0.00 6.46 0.00 6.98 5.45 6590660
5.07 3.60 0.00 0.00 4.04 4.03 0.00 4.57 3.41 2.93 3.93 4.09 6.83 6.90 8.38 0.00 2.64 3.52 6.70 8.76 3.81 4.52 0.00 0.00 0.00 2.14 2.77 5.83 6.23 5.93 6.96 6.12 6603750
5.09 3.65 0.00 0.00 4.08 4.04 0.00 4.61 3.33 2.91 3.87 4.08 0.00 7.01 8.38 0.00 2.72 3.46 6.15 8.92 3.90 4.50 0.00 0.00 0.00 2.13 2.74 0.00 0.00 5.88 0.00 5.32 6616840
5.09 3.61 0.00 0.00 4.08 4.00 0.00 4.59 3.34 2.91 3.89 4.17 0.00 7.00 8.38 0.00 2.20 3.70 6.10 0.00 3.81 4.50 0.00 0.00 0.00 2.14 2.77 6.20 5.77 5.89 6.91 5.72 6629930
5.08 3.61 0.00 0.00 4.05 4.03 0.00 4.57 3.54 2.95 3.88 4.06 0.00 7.10 8.38 0.00 2.85 3.24 5.90 9.65 3.78 5.01 0.00 4.90 0.00 2.18 2.78 0.00 5.61 5.99 6.95 5.97 6643020
5.13 3.61 0.00 2.98 3.96 4.04 3.63 4.66 3.64 2.98 3.97 4.08 7.00 7.18 8.37 0.00 2.69 3.27 5.98 8.88 3.92 4.72 0.00 4.65 0.00 2.21 2.77 0.00 5.70 5.98 6.93 5.71 6656110
5.14 3.63 5.36 0.00 4.10 4.07 3.62 4.79 3.42 2.88 3.99 4.07 6.44 6.95 8.38 0.00 2.78 3.46 6.01 8.97 4.03 4.45 0.00 0.00 0.00 2.70 2.77 5.78 5.73 5.91 6.86 5.34 6669200
0.00 3.59 0.00 0.00 3.98 4.06 3.63 4.51 3.43 2.91 3.91 4.29 6.20 6.90 8.37 0.00 2.87 3.38 6.46 9.09 3.90 0.00 0.00 4.74 0.00 2.25 2.83 0.00 5.89 5.86 6.97 6.01 6682290
5.08 3.60 0.00 0.00 3.98 4.02 3.54 4.67 3.27 2.96 3.85 4.13 0.00 6.98 8.37 0.00 2.76 3.28 5.98 8.82 3.83 4.49 0.00 4.82 0.00 2.37 2.78 5.89 5.74 5.88 6.83 0.00 6695380
5.20 3.66 0.00 0.00 4.05 4.06 3.90 4.55 3.22 2.96 3.86 4.07 0.00 6.89 8.39 0.00 3.01 3.30 6.31 8.66 3.81 4.48 0.00 0.00 0.00 2.28 2.76 5.79 5.64 5.97 6.95 5.43 6708470
0.00 3.65 0.00 0.00 3.98 4.11 3.61 4.54 3.25 2.89 3.94 4.07 0.00 7.31 8.39 0.00 2.60 3.42 6.47 8.77 3.81 4.52 0.00 4.79 0.00 2.11 2.75 0.00 6.22 5.85 6.91 5.57 6721560
0.00 3.60 0.00 0.00 4.06 4.06 0.00 4.29 3.28 2.91 3.92 4.17 0.00 6.89 8.39 0.00 2.11 3.66 6.24 8.88 3.85 4.43 0.00 4.75 0.00 2.06 2.76 5.78 6.47 5.82 6.91 5.35 6734650
4.97 3.62 0.00 3.11 4.03 4.08 4.37 4.44 3.15 2.95 3.90 4.16 0.00 6.89 8.38 0.00 2.11 3.25 6.02 8.89 3.81 4.47 0.00 4.73 0.00 2.16 2.76 5.35 5.37 5.84 6.86 6.11 6747740
5.17 3.63 0.00 0.00 4.03 4.06 0.00 4.40 3.12 2.92 3.91 4.11 6.61 6.91 8.39 0.00 2.25 3.37 6.17 8.75 3.77 4.43 0.00 4.71 0.00 2.15 2.78 5.58 5.44 6.14 6.97 5.51 6760830
4.93 3.63 0.00 0.00 4.01 4.13 0.00 4.37 3.13 2.87 3.88 4.09 0.00 6.96 8.37 0.00 2.13 3.16 6.08 8.73 3.97 4.77 0.00 4.71 0.00 2.17 2.79 5.73 5.32 6.07 6.83 6.23 6773920
4.97 3.64 0.00 0.00 4.13 4.12 3.53 4.20 3.11 3.04 4.08 4.14 0.00 6.94 8.37 0.00 2.13 3.27 6.42 8.80 3.84 4.53 0.00 0.00 0.00 2.06 2.77 5.79 5.58 5.87 6.92 5.38 6787010
4.95 3.60 0.00 3.08 4.02 4.12 0.00 4.29 3.23 2.91 3.87 4.09 0.00 7.00 8.37 0.00 2.09 3.70 6.38 8.82 3.95 4.56 0.00 4.85 0.00 2.34 2.77 5.70 5.45 6.01 6.96 5.48 6800100
4.95 3.62 0.00 0.00 4.05 4.06 3.63 4.30 3.10 2.95 3.88 4.11 6.46 7.19 8.37 0.00 2.10 3.34 6.24 9.00 4.02 4.55 0.00 5.15 0.00 2.08 2.77 5.52 5.44 5.77 6.91 5.33 6813190
5.12 3.60 0.00 0.00 4.64 4.11 3.60 4.19 3.28 2.97 4.01 4.11 0.00 6.97 8.38 0.00 2.06 3.49 6.36 9.08 3.78 4.47 0.00 4.61 0.00 2.43 2.75 5.54 5.40 5.84 6.88 5.64 6826280
5.12 3.61 0.00 0.00 3.99 4.17 4.14 4.35 3.15 2.95 3.92 4.14 0.00 6.91 8.39 0.00 2.06 3.60 5.96 9.29 4.49 4.91 0.00 5.17 0.00 2.09 2.77 5.74 5.45 5.79 6.85 5.85 6839370
5.03 3.61 0.00 0.00 4.05 4.09 4.37 4.03 3.05 2.97 3.94 4.14 0.00 6.95 8.39 0.00 2.06 3.31 6.26 8.88 3.88 4.47 0.00 0.00 0.00 2.08 2.76 6.24 5.16 5.62 6.94 5.42 6852460
4.95 3.60 5.39 0.00 4.21 4.10 0.00 4.06 3.09 2.88 4.05 4.23 0.00 7.10 8.37 0.00 0.00 3.37 5.80 8.74 4.12 4.64 0.00 4.75 0.00 2.03 2.77 5.70 5.16 5.70 7.12 5.78 6865550
4.94 3.69 0.00 0.00 4.02 4.16 3.64 3.79 3.03 2.90 3.95 4.23 0.00 6.95 8.38 0.00 0.00 3.41 6.23 8.74 3.75 0.00 0.00 0.00 0.00 2.06 2.75 5.74 5.08 5.82 7.06 0.00 6878640
4.98 3.60 0.00 0.00 4.00 4.11 4.01 4.01 3.11 2.89 3.92 4.14 0.00 6.96 8.37 0.00 0.00 3.17 5.99 8.77 3.89 4.75 0.00 5.37 0.00 2.06 2.77 5.70 5.25 5.46 6.85 5.31 6891730
5.23 3.59 0.00 3.08 4.44 4.13 3.62 3.87 3.03 2.91 3.99 4.18 0.00 7.08 8.37 0.00 0.00 3.32 6.36 8.79 3.94 4.47 0.00 5.42 0.00 2.77 2.75 0.00 5.03 5.82 6.92 5.89 6904820
5.14 3.61 0.00 0.00 4.02 4.11 4.00 3.83 3.02 2.98 3.93 0.00 0.00 7.06 8.38 0.00 0.00 3.26 7.40 8.84 3.81 4.80 0.00 3.92 0.00 0.00 2.77 5.85 5.05 5.49 7.28 5.72 6917910
4.95 3.61 5.41 0.00 4.03 4.09 0.00 4.08 3.14 2.90 4.01 4.13 0.00 6.94 8.37 0.00 0.00 3.27 6.49 8.93 3.99 0.00 0.00 4.25 0.00 0.00 2.76 5.82 5.10 5.51 6.90 0.00 6931000
5.11 3.59 0.00 0.00 4.01 4.17 0.00 4.11 3.03 2.94 3.95 4.10 0.00 7.01 8.38 0.00 0.00 3.25 6.07 8.89 3.90 4.42 0.00 4.56 0.00 2.09 2.77 0.00 4.99 6.29 6.87 6.04 6944090
0.00 3.59 0.00 0.00 4.06 4.10 3.66 4.02 3.05 2.93 4.07 4.80 0.00 7.02 8.38 0.00 0.00 3.17 5.90 8.87 3.93 4.48 0.00 0.00 0.00 0.00 2.77 5.41 4.85 5.89 6.87 5.84 6957180
0.00 3.61 0.00 0.00 4.12 4.11 3.64 3.93 2.99 2.95 3.93 4.26 0.00 7.16 8.38 0.00 0.00 3.21 6.05 8.87 3.90 4.68 0.00 4.83 0.00 2.67 2.76 6.16 4.83 5.16 6.86 6.03 6970270
4.99 3.59 0.00 0.00 4.02 4.11 0.00 3.90 3.03 2.87 3.91 4.14 0.00 6.94 8.39 0.00 0.00 3.30 6.20 8.87 3.82 4.47 0.00 4.81 0.00 2.42 2.76 5.41 4.72 5.68 7.04 5.46 6983360
5.18 3.60 0.00 0.00 4.11 4.20 0.00 3.85 3.00 2.94 3.91 4.39 0.00 6.92 8.39 0.00 0.00 3.14 6.15 8.85 3.89 4.65 0.00 5.03 0.00 2.02 2.76 0.00 5.25 5.42 6.86 5.68 6996450
5.15 3.61 0.00 0.00 4.03 4.12 0.00 3.80 3.04 2.96 3.93 4.13 0.00 6.95 8.38 0.00 0.00 3.14 6.53 8.87 3.85 4.54 0.00 5.31 0.00 2.05 2.78 5.43 4.74 5.43 6.86 5.64 7009540
5.18 3.60 0.00 0.00 4.03 4.13 0.00 4.06 3.03 2.87 3.93 4.14 0.00 6.99 8.38 0.00 0.00 3.42 6.40 8.86 3.83 0.00 0.00 5.09 0.00 2.03 2.79 0.00 4.84 5.39 6.86 5.63 7022630
5.07 3.60 0.00 0.00 4.03 4.10 0.00 3.60 3.03 2.97 4.08 4.60 0.00 6.96 8.39 0.00 0.00 3.25 6.19 8.84 3.89 4.45 0.00 5.07 0.00 2.05 2.78 6.17 4.78 5.33 6.88 6.24 7035720
5.10 3.59 0.00 0.00 4.04 4.09 0.00 3.70 3.00 2.93 4.09 4.26 0.00 7.00 8.38 0.00 0.00 3.34 5.97 8.85 3.81 4.48 0.00 4.80 0.00 2.19 2.79 0.00 4.60 5.13 6.89 5.65 7048810
5.07 3.59 0.00 0.00 4.07 4.10 0.00 3.56 3.07 2.89 3.92 4.28 0.00 6.96 8.38 0.00 0.00 3.46 6.59 8.84 3.84 4.56 0.00 4.95 0.00 2.03 2.78 5.24 5.10 5.04 6.86 5.40 7061900
5.05 3.59 0.00 0.00 4.08 4.30 0.00 3.68 3.03 2.89 4.22 4.31 0.00 7.02 8.38 0.00 0.00 3.42 6.19 8.86 3.81 4.53 0.00 4.80 0.00 2.06 2.78 0.00 4.84 5.41 6.89 0.00 7074990
5.06 3.60 0.00 0.00 4.07 4.09 0.00 3.74 2.97 2.90 4.15 4.14 0.00 6.92 8.39 0.00 0.00 3.44 6.53 8.86 3.83 4.50 0.00 4.76 0.00 2.54 2.78 5.71 4.90 5.38 7.04 5.56 7088080
5.06 3.60 0.00 0.00 4.04 4.10 3.62 3.65 2.95 2.88 0.00 4.14 0.00 6.90 8.38 0.00 0.00 3.46 6.11 8.85 3.78 4.70 0.00 4.74 0.00 2.14 2.77 5.76 4.97 5.10 7.00 5.42 7101170
5.05 3.60 0.00 0.00 4.04 4.11 0.00 3.64 2.96 2.98 4.60 4.16 0.00 7.02 8.39 0.00 0.00 3.61 6.26 8.85 3.80 4.70 0.00 4.76 0.00 2.13 2.77 5.71 4.93 5.27 7.01 5.45 7114260
5.04 3.59 0.00 0.00 4.07 4.10 0.00 3.77 2.97 2.88 0.00 4.15 0.00 7.04 8.38 0.00 0.00 3.43 6.05 8.99 3.80 4.44 0.00 4.76 0.00 2.68 2.78 5.68 4.88 5.31 7.52 5.40 7127350
5.06 3.60 0.00 0.00 4.05 4.13 0.00 3.83 2.97 2.97 4.05 4.35 0.00 7.07 8.38 0.00 0.00 3.53 5.89 8.96 3.79 0.00 0.00 4.78 0.00 2.45 2.78 5.67 4.85 5.25 7.02 5.39 7140440
5.06 3.59 0.00 0.00 4.03 4.14 0.00 3.71 3.06 2.98 4.55 4.29 0.00 7.07 8.39 0.00 0.00 3.36 6.05 8.89 3.79 4.43 0.00 4.76 0.00 2.12 2.77 5.68 4.83 5.12 0.00 5.39 7153530
5.04 3.59 0.00 0.00 4.04 4.17 0.00 3.66 2.96 2.93 3.98 4.31 0.00 7.24 8.38 0.00 0.00 3.38 6.23 8.88 3.79 4.46 0.00 4.79 0.00 2.14 2.78 5.63 4.85 5.10 0.00 5.41 7166620
5.03 3.59 0.00 0.00 4.02 4.19 0.00 3.65 2.97 2.98 4.23 4.45 0.00 7.09 8.38 0.00 0.00 3.38 6.47 8.86 3.80 4.51 0.00 4.77 0.00 2.14 2.78 5.68 5.11 5.11 6.99 5.40 7179710
5.05 3.59 0.00 0.00 4.06 4.15 0.00 3.57 2.97 2.88 4.20 4.46 0.00 7.07 8.38 0.00 0.00 3.36 6.27 8.89 3.80 0.00 0.00 4.78 0.00 2.13 2.78 5.68 4.79 5.52 6.99 5.61 7192800
5.05 3.60 0.00 0.00 4.09 0.00 0.00 3.62 3.00 2.96 4.04 4.49 0.00 7.06 8.38 0.00 0.00 3.38 6.47 8.85 3.80 4.58 0.00 4.77 0.00 2.13 2.78 5.66 4.77 5.37 7.01 5.40 7205890
5.05 3.59 0.00 0.00 4.11 4.15 0.00 3.62 2.97 2.94 4.64 4.82 0.00 7.01 8.37 0.00 0.00 3.36 6.29 8.89 3.80 0.00 0.00 4.78 0.00 2.13 2.78 5.66 4.79 5.04 0.00 5.37 7218980
5.05 3.59 0.00 0.00 4.06 4.15 0.00 3.63 2.97 2.98 4.04 4.79 0.00 7.05 8.37 0.00 0.00 3.34 6.39 8.88 3.80 4.45 0.00 4.75 0.00 2.17 2.79 5.69 4.80 5.32 0.00 5.36 7232070
5.05 3.59 0.00 0.00 4.08 4.19 0.00 3.59 2.97 3.02 3.94 4.83 0.00 7.04 8.37 0.00 0.00 3.48 6.10 8.87 3.79 4.46 0.00 4.75 0.00 2.43 2.78 5.66 4.82 5.14 0.00 5.37 7245160
5.05 3.58 0.00 0.00 4.06 4.14 0.00 3.76 2.95 2.99 3.99 4.95 0.00 7.25 8.38 0.00 0.00 3.48 6.15 8.89 3.80 0.00 0.00 4.69 0.00 2.45 2.78 5.72 5.04 5.31 0.00 5.38 7258250