0.00 3.63 3.98 0.00 7.72 8.10 3.07 4.56 2.54 3.25 4.67 5.52 5.32 0.00 8.22 7.91 2.13 0.00 6.09 8.50 3.58 4.14 0.00 5.00 0.00 3.30 4.44 0.00 7.75 5.80 3.07 2.83 4922525
0.00 3.63 3.98 0.00 7.73 8.11 3.08 4.55 2.53 3.26 4.68 5.54 5.31 0.00 8.22 7.90 2.14 0.00 6.11 8.50 3.58 4.11 0.00 5.01 0.00 3.29 4.45 0.00 7.74 6.55 3.07 3.00 4935615
0.00 3.63 3.99 0.00 7.72 8.11 3.08 4.55 2.53 3.26 4.69 5.54 5.31 0.00 8.23 7.89 2.14 0.00 6.08 8.51 3.58 4.09 0.00 4.99 0.00 3.32 4.44 0.00 7.73 6.13 3.08 3.02 4948705
0.00 3.63 3.97 0.00 7.72 8.12 3.07 4.56 2.53 3.26 4.70 5.55 5.30 0.00 8.22 7.88 2.13 0.00 6.08 8.70 3.59 4.09 0.00 5.03 0.00 3.32 4.45 0.00 7.72 6.45 3.08 3.02 4961795
0.00 3.63 3.98 0.00 7.72 8.12 3.08 4.55 2.53 3.27 4.69 5.55 5.31 0.00 8.22 7.89 2.15 0.00 6.11 8.71 3.58 4.10 0.00 5.00 0.00 3.31 4.45 0.00 7.71 6.25 3.08 3.02 4974885
0.00 3.64 3.99 0.00 7.74 8.30 3.08 4.52 2.53 3.25 4.63 5.58 5.31 7.60 8.20 7.89 2.13 0.00 6.08 8.70 3.58 4.07 0.00 4.99 0.00 3.31 4.44 0.00 7.50 6.45 3.09 0.00 4987975
0.00 3.63 3.99 0.00 7.74 8.36 3.07 4.50 2.53 3.25 4.64 5.58 5.32 7.63 8.20 7.88 2.14 0.00 6.06 8.69 3.58 4.05 0.00 4.97 0.00 3.30 4.43 0.00 7.14 5.79 3.12 2.84 5001065
0.00 3.64 4.01 0.00 7.75 8.35 3.08 4.52 2.53 3.30 4.70 5.50 5.27 7.39 8.21 7.89 2.14 0.00 6.06 8.70 3.58 4.03 0.00 0.00 0.00 3.30 4.43 0.00 7.13 5.70 3.08 2.79 5014155
0.00 3.63 3.99 0.00 7.75 8.35 3.10 4.51 2.53 3.26 4.58 5.52 5.28 7.08 8.22 8.10 2.13 0.00 6.28 8.70 3.58 4.03 0.00 5.00 0.00 3.30 4.44 0.00 7.14 5.97 3.20 2.82 5027245
0.00 3.63 3.98 0.00 7.78 8.34 3.07 4.54 2.54 3.32 4.53 5.51 5.26 7.01 8.24 8.08 2.14 0.00 6.70 8.49 3.60 0.00 0.00 4.99 0.00 3.30 4.44 0.00 7.76 5.89 3.05 2.81 5040335
0.00 3.63 4.02 0.00 7.76 8.36 3.09 4.50 2.51 3.47 4.59 5.52 5.28 6.96 8.21 8.02 2.14 0.00 6.30 8.70 3.85 4.04 0.00 5.02 0.00 3.31 4.44 0.00 7.05 5.91 3.11 2.81 5053425
0.00 3.62 3.99 0.00 7.78 8.34 3.07 4.51 2.53 3.39 4.60 5.55 5.23 6.98 8.18 7.88 2.14 0.00 6.19 8.63 3.60 0.00 0.00 5.07 0.00 3.30 4.43 0.00 7.05 5.76 3.05 0.00 5066515
0.00 3.61 3.99 0.00 7.75 8.35 3.08 4.53 2.56 3.36 4.64 5.53 5.21 7.00 8.35 8.09 2.13 0.00 6.22 8.46 3.66 4.13 0.00 0.00 0.00 3.31 4.45 0.00 7.03 5.92 3.29 0.00 5079605
0.00 3.64 4.06 0.00 7.75 8.32 3.08 4.55 2.58 3.26 4.59 5.51 5.32 6.86 8.17 0.00 2.14 0.00 6.29 8.48 3.84 4.16 0.00 0.00 0.00 3.31 4.45 0.00 7.05 5.63 3.12 2.85 5092695
0.00 3.63 4.02 0.00 7.67 8.34 3.08 4.53 2.47 3.26 4.60 5.49 5.39 6.92 8.71 0.00 2.14 3.24 6.45 8.48 3.55 4.03 0.00 0.00 0.00 3.30 4.46 0.00 7.13 5.48 3.04 2.86 5105785
0.00 3.68 4.00 0.00 7.72 8.30 3.06 4.58 2.45 3.37 4.55 5.51 5.40 6.94 8.04 0.00 2.14 0.00 6.18 8.75 3.70 4.21 0.00 0.00 0.00 3.28 4.46 0.00 7.02 5.58 3.03 2.86 5118875
0.00 3.64 4.04 0.00 7.85 8.12 3.11 4.68 2.49 3.24 4.56 5.53 5.36 7.21 8.11 0.00 2.14 3.61 6.50 8.71 3.73 4.13 0.00 5.63 0.00 3.34 4.45 0.00 7.02 5.59 3.04 2.86 5131965
0.00 3.64 4.06 0.00 7.78 8.11 3.26 4.51 2.49 3.33 4.65 5.54 5.36 6.96 8.07 0.00 2.14 0.00 6.46 8.91 3.66 4.66 0.00 0.00 0.00 3.32 4.44 0.00 6.95 5.55 3.05 2.95 5145055
0.00 3.64 3.99 0.00 7.69 8.28 3.10 4.53 2.53 3.25 4.76 5.50 5.34 6.91 8.10 0.00 2.13 3.51 6.83 8.75 3.66 0.00 0.00 0.00 0.00 3.36 4.45 0.00 6.93 5.81 3.05 2.85 5158145
0.00 3.63 4.03 5.43 7.74 8.28 3.08 4.61 2.48 3.29 4.55 5.52 5.50 7.17 8.08 7.82 2.15 0.00 0.00 8.48 3.72 0.00 0.00 0.00 0.00 3.45 4.47 0.00 6.94 5.40 3.10 2.76 5171235
0.00 3.63 4.04 0.00 7.80 8.32 3.04 4.69 2.52 3.26 4.52 5.52 5.39 6.93 8.07 8.06 2.14 0.00 6.34 8.68 3.77 4.00 0.00 0.00 0.00 0.00 4.52 0.00 6.94 5.32 3.01 2.79 5184325
0.00 3.64 4.02 0.00 7.89 8.14 3.30 4.77 2.54 3.44 4.56 5.56 0.00 6.93 8.10 7.79 2.13 3.29 0.00 8.74 3.61 4.12 0.00 5.37 0.00 0.00 4.78 0.00 6.96 5.94 3.04 2.92 5197415
0.00 3.62 4.03 0.00 7.47 8.18 3.16 4.87 2.49 3.28 4.45 5.61 5.24 7.60 8.05 7.78 2.13 3.49 6.11 8.60 3.53 4.33 0.00 0.00 0.00 3.54 5.00 0.00 6.90 5.80 3.06 3.03 5210505
0.00 3.61 3.98 3.11 7.75 8.23 3.15 4.66 2.54 3.32 4.64 5.53 5.26 7.30 8.05 7.54 2.13 3.54 0.00 9.15 3.62 4.48 0.00 5.63 0.00 3.46 4.50 0.00 6.91 5.55 3.16 2.82 5223595
0.00 3.63 3.97 3.03 7.57 8.12 3.17 4.95 2.66 3.27 4.54 5.49 6.06 7.05 7.99 7.76 2.10 3.17 6.34 8.72 3.66 0.00 0.00 5.05 0.00 3.51 4.53 0.00 6.78 5.24 3.01 2.76 5236685
0.00 3.60 3.98 5.74 8.31 8.16 3.14 4.75 2.56 3.29 4.62 5.57 5.80 7.22 8.27 7.81 2.14 3.14 6.64 8.65 3.65 4.06 0.00 4.98 0.00 3.54 4.36 0.00 6.54 5.04 3.01 2.86 5249775
0.00 3.63 4.08 3.07 7.30 8.17 3.24 5.26 2.46 3.29 4.61 5.58 5.49 7.12 8.21 7.57 2.09 3.20 6.22 8.62 3.65 4.05 0.00 4.13 0.00 3.17 4.39 0.00 4.64 4.88 2.96 2.67 5262865
0.00 3.61 4.01 0.00 7.34 8.32 3.27 4.98 2.46 3.31 4.51 5.61 5.23 6.95 8.24 7.71 2.13 3.44 6.60 8.70 3.69 4.18 2.91 5.08 0.00 3.44 4.40 0.00 3.87 3.83 2.96 2.70 5275955
5.88 3.61 4.04 3.06 7.39 8.13 3.30 4.86 2.48 3.36 4.70 5.56 5.20 6.99 8.10 7.60 2.12 3.14 6.15 8.67 3.61 4.10 2.51 2.66 0.00 3.32 4.35 0.00 4.07 5.13 2.94 2.61 5289045
0.00 3.63 4.07 5.47 7.77 8.36 3.48 4.78 2.55 3.33 4.51 5.95 5.60 7.02 8.07 7.74 2.13 3.04 6.43 8.64 3.67 4.09 4.43 4.00 0.00 3.23 4.32 0.00 3.66 3.58 2.99 2.84 5302135
0.00 3.70 4.11 3.52 7.45 8.21 3.45 4.92 2.52 3.30 4.59 5.66 5.31 7.12 8.17 7.85 2.17 3.07 5.91 9.04 3.61 4.00 3.65 3.43 0.00 3.16 4.32 5.94 3.81 3.65 2.98 2.87 5315225
0.00 3.64 4.08 3.50 7.31 8.31 3.32 5.09 2.47 3.37 5.15 6.01 5.42 7.19 8.12 7.66 2.11 3.06 6.70 8.79 3.60 4.08 5.26 2.68 0.00 3.18 4.34 0.00 3.56 3.19 2.96 2.65 5328315
0.00 3.52 4.03 2.60 7.61 8.35 3.45 5.24 2.52 3.40 4.51 5.71 5.37 7.00 8.19 7.68 2.14 3.20 4.93 8.93 3.60 4.08 2.67 3.83 0.00 3.03 4.30 0.00 3.20 3.64 2.98 2.53 5341405
6.18 3.38 4.09 3.54 7.47 6.34 3.41 5.51 2.50 3.39 4.54 5.67 5.66 6.86 8.31 7.66 2.11 2.98 5.83 8.86 3.76 4.15 2.16 3.16 0.00 3.22 4.30 5.49 3.17 3.34 2.93 2.77 5354495
0.00 3.56 4.17 2.74 7.75 7.29 3.41 5.31 2.44 3.16 4.75 5.79 5.53 7.21 8.28 7.66 2.07 3.26 6.16 8.78 3.70 4.08 2.95 3.57 0.00 3.03 4.22 5.07 4.15 4.25 3.01 2.79 5367585
0.00 3.67 4.10 2.33 7.54 8.22 3.47 5.51 2.52 3.07 4.65 5.91 5.35 5.97 8.20 7.73 2.25 2.94 5.90 0.00 3.54 4.12 3.09 4.51 0.00 2.98 4.26 4.60 3.76 3.23 3.12 2.54 5380675
5.64 3.64 4.30 2.33 7.35 7.80 3.66 5.53 2.47 3.11 4.61 5.89 5.56 7.10 8.45 7.88 2.10 3.19 3.40 8.70 3.61 4.25 5.01 2.44 0.00 2.98 4.08 4.94 3.29 3.82 3.07 2.37 5393765
0.00 3.58 4.31 3.01 7.53 6.58 3.57 6.23 2.62 3.08 4.66 5.80 5.74 3.85 8.45 7.91 2.37 3.02 2.19 8.72 3.54 0.00 2.78 2.18 0.00 2.87 4.19 3.55 3.04 3.49 2.90 2.84 5406855
6.06 3.28 4.31 0.00 5.98 2.39 3.53 5.88 2.57 2.45 4.74 6.11 5.58 5.74 8.20 2.85 2.19 3.03 4.76 9.01 2.74 4.27 7.94 3.97 0.00 3.44 4.14 2.47 3.10 3.25 2.68 2.75 5419945
5.85 3.00 3.39 2.67 4.84 2.63 3.42 6.26 2.55 3.51 2.79 5.94 5.65 6.66 8.31 7.90 2.09 3.08 4.80 8.33 3.62 4.19 3.65 0.00 0.00 2.73 3.20 4.01 3.47 3.29 2.92 2.85 5433035
5.40 3.25 4.28 2.43 6.23 3.52 3.16 3.70 2.57 2.85 3.86 5.12 3.66 3.69 8.61 7.87 2.13 3.21 5.33 9.16 3.67 4.28 4.55 4.58 0.00 2.73 4.28 3.88 3.07 3.24 2.64 2.87 5446125
5.51 3.25 2.83 2.90 7.66 6.34 3.55 3.82 2.54 2.45 3.66 5.09 5.60 6.71 8.45 6.44 2.07 3.28 3.48 8.79 3.43 4.22 2.30 3.53 0.00 2.97 3.75 3.61 3.05 3.11 3.05 2.87 5459215
4.54 3.11 4.10 2.62 7.48 3.08 3.38 4.62 2.57 2.90 4.12 6.00 6.03 3.46 7.68 4.78 2.15 2.89 6.25 8.84 2.81 0.00 3.68 2.25 0.00 2.29 3.53 3.52 2.98 3.37 3.05 3.00 5472305
4.58 2.96 4.18 2.87 5.29 3.14 3.69 6.17 2.64 2.59 4.76 3.75 5.95 3.53 8.39 8.14 2.12 3.32 6.46 9.31 3.42 4.70 4.88 4.16 0.00 2.45 2.88 3.55 2.26 2.91 3.17 2.99 5485395
6.19 3.47 4.07 2.37 4.09 5.18 2.99 5.87 2.67 2.10 3.39 6.16 3.47 2.87 8.52 2.60 2.15 3.13 4.09 7.07 3.67 4.44 2.41 4.19 0.00 2.31 3.44 3.43 2.65 3.50 3.06 3.12 5498485
4.27 3.11 3.76 2.55 4.45 2.54 3.58 5.14 2.70 2.91 4.40 6.12 6.09 2.54 5.36 8.22 2.12 3.14 5.17 5.33 3.12 4.88 2.90 2.45 0.00 2.63 3.48 3.30 2.98 3.46 3.31 3.16 5511575
0.00 3.31 4.03 2.80 4.61 2.99 3.46 4.03 2.19 3.12 5.05 6.18 5.01 7.41 8.56 8.01 2.15 3.08 5.20 7.52 2.67 4.63 3.55 0.00 0.00 2.39 3.79 3.42 2.91 3.69 3.58 3.27 5524665
4.28 3.37 2.95 2.44 6.60 4.19 3.27 3.21 2.28 2.30 4.15 5.54 5.31 5.26 8.43 8.05 2.04 2.78 5.14 8.88 2.93 4.48 3.97 2.99 0.00 2.35 2.81 3.33 3.26 2.94 3.56 3.28 5537755
3.51 2.60 4.05 2.61 4.33 2.88 3.25 6.20 2.38 2.66 5.38 6.19 6.23 7.09 5.51 7.98 2.81 2.90 4.40 6.67 3.22 4.67 2.95 2.20 0.00 2.24 3.23 3.82 2.81 3.65 3.02 3.37 5550845
3.85 3.06 2.37 2.63 6.04 3.04 2.97 2.97 2.62 3.03 5.12 5.78 3.63 2.96 4.41 8.68 2.17 2.81 2.67 8.69 3.68 4.55 2.28 3.13 0.00 2.14 3.24 3.48 2.95 4.04 2.95 3.45 5563935
5.30 2.58 4.04 2.45 3.72 3.09 2.87 2.60 2.35 2.35 4.29 6.31 2.79 3.38 2.48 3.05 2.48 3.04 2.26 2.07 3.12 5.00 2.24 2.38 0.00 2.16 3.02 2.63 2.76 3.95 3.10 2.87 5577025
2.40 3.24 4.31 2.44 3.91 3.03 2.23 2.52 2.58 2.46 2.96 2.52 3.46 2.64 4.70 3.24 2.34 3.02 3.95 4.07 2.79 2.32 3.21 3.16 0.00 2.31 2.70 3.92 3.46 2.42 3.66 3.16 5590115
2.99 2.06 3.63 2.40 3.85 2.79 2.58 0.00 2.72 2.20 2.76 6.16 2.23 4.80 7.32 2.07 2.18 2.92 2.76 7.12 3.30 0.00 2.61 2.31 0.00 2.52 2.81 3.51 3.05 2.17 2.72 3.81 5603205
4.58 3.47 2.88 2.45 3.58 2.70 2.75 3.96 2.71 2.49 2.60 6.14 2.16 2.75 5.83 2.44 2.12 2.71 2.35 4.94 2.28 4.52 2.31 3.42 0.00 2.25 2.50 3.51 3.16 4.12 2.81 3.69 5616295
4.63 2.68 3.47 2.20 2.82 2.95 2.53 5.82 2.35 2.66 2.51 5.36 3.54 2.60 8.46 0.00 2.22 2.73 2.28 2.62 3.16 4.70 2.38 2.21 0.00 2.25 2.33 3.50 3.45 4.54 2.48 3.88 5629385
0.00 2.76 4.43 2.30 4.27 2.63 2.49 3.25 2.25 2.31 2.83 2.65 2.93 2.47 7.88 3.33 2.21 2.93 3.20 5.51 3.16 4.61 2.88 2.92 0.00 2.13 2.24 3.49 3.61 3.57 4.03 3.35 5642475
5.92 2.89 3.47 2.56 3.80 2.50 2.77 3.03 2.36 3.24 4.62 5.08 4.32 3.06 8.45 5.62 2.09 2.56 3.56 8.89 3.07 4.78 2.57 4.27 0.00 2.10 2.49 3.55 2.47 4.99 2.54 3.54 5655565
3.86 3.43 4.15 2.37 3.20 2.59 3.05 3.42 2.14 2.40 3.02 6.08 2.92 4.29 6.40 2.19 2.12 2.91 5.00 8.77 3.18 4.79 2.38 2.89 0.00 2.49 2.25 3.60 3.82 2.39 3.52 3.37 5668655
5.56 2.99 2.91 2.21 4.56 2.49 3.20 4.70 2.14 2.20 4.92 3.43 3.02 2.19 7.76 2.17 2.11 2.67 3.65 3.46 2.69 5.21 2.78 3.75 0.00 2.23 2.13 3.78 2.80 3.02 2.60 4.13 5681745
5.58 2.59 3.83 2.44 2.20 2.78 3.43 3.33 2.54 2.30 2.30 2.62 4.22 2.72 8.41 2.11 2.37 2.83 4.66 8.99 3.33 0.00 2.70 3.23 0.00 2.19 2.40 3.48 2.58 2.86 2.90 3.08 5694835
5.65 2.68 4.30 2.19 4.26 3.98 3.02 5.86 2.98 3.35 3.14 6.32 0.00 4.02 8.43 2.76 2.17 2.70 2.29 7.66 2.31 5.04 4.48 3.91 0.00 2.33 2.26 3.10 2.22 5.16 2.26 3.83 5707925
0.00 2.58 4.45 2.62 2.79 2.68 2.37 2.38 3.02 2.63 5.61 4.41 0.00 2.38 4.86 3.68 2.18 2.80 6.14 2.07 2.88 4.85 3.70 2.66 0.00 2.08 2.51 3.56 3.29 3.35 3.36 4.04 5721015
0.00 2.51 4.36 2.31 4.39 4.26 4.16 5.77 2.57 2.68 5.29 3.09 5.94 2.42 8.48 2.67 2.07 2.77 2.95 7.66 2.71 0.00 2.71 3.54 0.00 0.00 2.59 3.24 2.76 5.75 4.22 3.43 5734105
2.15 3.45 4.33 2.30 4.56 2.49 3.45 5.50 2.76 2.36 5.46 6.31 6.19 3.43 6.16 0.00 2.11 2.72 2.61 8.83 3.65 4.88 2.71 3.24 0.00 2.36 2.54 3.82 2.81 4.40 3.02 4.07 5747195
0.00 2.98 4.51 2.23 4.51 4.10 3.51 4.76 2.13 2.24 2.90 6.27 6.25 3.30 8.45 4.03 2.14 2.79 2.47 8.83 3.53 5.25 3.40 4.32 0.00 2.44 2.36 3.59 4.98 2.32 3.79 4.02 5760285
0.00 2.92 4.05 2.63 4.30 3.78 3.09 5.21 3.06 2.71 5.75 6.84 6.43 2.86 2.36 6.79 2.08 2.82 5.61 8.85 3.55 4.90 4.19 3.93 0.00 2.02 2.63 3.66 3.82 2.95 3.09 4.35 5773375
0.00 3.16 3.33 2.40 4.26 4.17 3.58 5.13 2.78 2.70 5.75 6.26 6.17 3.75 8.42 3.27 2.11 2.84 3.38 9.32 3.98 5.03 2.59 2.97 0.00 2.32 2.74 3.68 4.46 5.85 3.15 3.54 5786465
4.18 3.13 4.33 2.51 4.42 4.12 3.67 5.16 3.24 4.55 5.65 5.69 6.37 5.18 8.49 3.01 2.36 2.91 4.95 8.64 3.12 5.05 4.10 4.09 0.00 2.48 2.61 4.04 4.55 5.87 4.26 4.18 5799555
2.57 3.37 4.35 2.14 4.38 4.23 3.12 4.76 3.26 3.45 5.74 6.18 5.83 3.68 8.42 0.00 2.11 2.81 6.70 8.77 2.57 4.91 4.43 4.60 0.00 2.09 2.80 3.85 4.55 3.47 4.12 4.27 5812645
2.84 2.77 4.32 2.22 4.59 4.47 3.68 4.55 2.74 3.41 5.09 6.22 5.32 5.72 8.41 0.00 2.08 3.03 6.19 8.81 3.80 5.69 9.95 4.22 0.00 2.10 2.84 3.95 4.09 5.38 3.50 4.55 5825735
0.00 3.26 4.24 2.81 4.35 4.46 3.38 4.23 3.20 2.87 2.71 6.20 5.95 6.37 8.46 8.18 2.13 2.76 5.79 8.74 2.82 5.01 4.39 4.95 0.00 2.19 2.88 4.29 4.26 5.32 3.36 4.28 5838825
0.00 3.07 4.33 2.93 3.86 3.78 3.60 4.49 2.37 2.45 3.98 6.37 6.27 5.77 8.71 8.32 2.22 2.93 6.26 9.56 3.57 5.10 2.59 4.73 0.00 2.24 3.03 3.94 4.28 4.67 4.22 3.86 5851915
0.00 3.32 4.32 2.42 4.57 4.32 3.76 4.41 3.24 2.78 5.87 6.12 6.50 4.00 8.36 3.61 2.05 2.96 3.45 8.78 3.69 0.00 5.31 3.69 0.00 2.26 3.05 3.91 3.64 3.76 4.58 4.56 5865005
0.00 3.44 4.28 3.73 4.23 3.84 3.53 4.38 3.15 4.92 5.18 6.11 0.00 4.75 8.28 4.47 2.10 2.75 5.13 8.80 2.97 0.00 3.36 4.72 0.00 2.49 2.83 3.90 4.20 4.82 4.46 4.67 5878095
0.00 3.81 4.39 2.65 3.57 3.39 2.77 4.34 3.37 2.95 5.92 6.11 6.22 3.15 2.33 2.57 2.26 2.76 6.27 9.08 3.64 5.09 2.58 3.86 0.00 2.47 3.42 4.08 2.64 5.48 3.78 4.58 5891185
4.51 3.45 4.24 2.76 3.56 3.33 2.71 4.48 2.95 2.43 3.93 6.09 2.76 2.40 8.35 2.81 2.08 2.77 6.27 8.85 2.30 5.34 2.45 4.17 0.00 2.55 3.20 4.10 4.48 4.84 4.28 4.67 5904275
0.00 3.03 4.42 2.79 3.16 3.37 3.19 4.12 3.40 2.62 3.56 5.64 2.51 2.11 6.88 0.00 2.07 2.89 6.66 8.85 2.36 5.25 2.32 3.87 0.00 2.67 3.53 4.18 3.90 5.16 3.86 4.68 5917365
6.01 3.12 4.51 2.61 3.39 3.56 3.85 3.98 3.29 3.33 3.13 5.25 4.35 2.94 2.66 8.35 2.06 2.69 3.40 8.69 2.70 5.23 2.73 3.41 0.00 2.70 2.58 4.00 2.91 4.27 4.62 3.08 5930455
4.79 3.34 4.21 2.85 3.27 2.69 3.33 4.34 2.27 2.13 3.18 5.69 4.24 2.80 8.05 3.15 2.30 2.90 4.45 8.92 2.65 5.63 6.62 3.66 0.00 2.89 2.98 3.93 3.82 4.62 4.01 4.87 5943545
3.54 2.36 3.82 2.97 2.71 3.28 2.88 2.84 3.21 2.57 2.99 6.75 4.70 2.32 3.52 2.64 2.06 2.65 5.27 6.02 3.96 0.00 3.14 2.41 0.00 2.98 3.61 4.04 3.52 4.16 4.74 4.05 5956635
4.18 2.82 3.90 2.40 2.75 2.98 2.59 2.56 2.85 2.53 2.40 3.51 4.21 2.47 2.97 2.98 2.20 2.54 2.63 6.53 2.23 5.37 2.36 2.99 0.00 3.07 3.60 4.01 2.32 3.62 2.92 5.47 5969725
2.32 2.21 5.00 2.88 2.82 2.16 2.90 2.44 2.77 2.65 2.54 4.01 5.60 4.13 3.98 2.85 2.62 2.74 2.29 5.31 2.73 0.00 2.47 2.71 0.00 3.31 2.64 4.07 2.82 2.34 3.82 4.55 5982815
2.87 2.54 3.46 2.63 2.63 3.06 2.47 2.12 2.88 2.42 2.92 2.95 3.21 2.34 2.05 2.59 2.12 2.58 3.07 2.33 2.63 2.67 3.04 2.58 0.00 2.69 3.22 3.51 2.94 3.62 3.58 4.99 5995905
2.50 2.51 3.16 2.32 2.88 2.38 2.16 2.18 2.36 2.20 3.67 2.51 2.54 2.43 4.79 2.83 2.03 2.65 2.76 2.07 2.38 2.22 2.33 2.67 0.00 2.98 2.63 3.01 3.17 2.73 2.37 4.42 6008995
3.17 2.28 2.32 2.47 3.01 2.52 2.11 0.00 2.49 2.14 2.49 2.30 2.36 2.81 3.68 2.61 2.05 2.93 2.47 2.66 3.05 2.34 2.49 2.42 0.00 2.36 2.88 2.59 2.75 2.07 2.75 3.15 6022085
2.93 2.26 3.04 2.77 2.94 2.67 2.65 2.15 2.34 2.24 3.05 2.10 2.15 2.33 2.60 2.18 2.35 2.77 2.16 2.09 2.64 0.00 2.12 2.74 0.00 3.30 2.36 3.08 2.60 2.15 2.84 0.00 6035175
2.30 2.34 2.27 2.65 2.36 2.50 2.10 2.46 2.32 2.13 2.36 2.19 2.43 2.82 2.72 2.08 2.28 2.06 2.32 3.71 2.20 2.33 2.62 2.76 0.00 2.62 2.59 2.40 3.17 2.51 2.45 3.22 6048265
2.26 2.64 2.55 2.58 2.34 2.18 2.28 2.18 2.09 2.30 2.48 2.55 2.08 2.36 2.55 3.03 2.08 2.49 2.78 2.19 2.26 2.18 2.30 2.04 0.00 2.62 2.64 3.30 2.44 3.28 2.18 2.48 6061355
2.68 2.36 2.28 2.34 3.92 2.17 2.27 2.39 2.12 2.19 2.23 2.90 2.47 2.61 2.34 3.05 2.09 2.19 3.13 2.34 2.46 3.02 2.88 2.29 0.00 2.41 2.36 2.81 2.64 2.25 2.58 2.66 6074445
2.37 2.63 2.44 2.78 3.77 2.21 2.46 0.00 2.30 2.73 2.18 2.19 0.00 2.26 3.69 2.12 2.46 2.49 3.21 2.35 2.51 0.00 2.22 2.30 0.00 2.43 2.81 2.32 2.73 2.36 2.28 2.86 6087535
2.50 2.41 3.46 2.46 2.18 2.19 2.30 2.79 2.11 2.89 2.19 3.73 2.41 2.54 2.54 2.51 2.12 2.42 2.32 2.66 2.32 2.25 2.43 2.38 0.00 2.26 2.68 2.31 2.45 2.49 2.56 2.60 6100625
2.38 2.42 3.05 2.27 2.99 2.27 2.28 2.35 2.41 2.47 2.33 2.40 2.10 2.31 2.67 2.21 2.17 0.00 2.25 2.45 2.30 0.00 2.73 2.37 0.00 2.45 2.49 2.72 2.42 2.57 2.24 2.30 6113715
2.26 2.43 2.35 2.48 2.33 2.60 2.35 2.51 2.66 2.68 2.44 2.39 2.76 2.43 3.26 2.30 2.11 2.32 2.17 2.46 2.46 0.00 2.45 2.02 0.00 2.36 2.22 2.44 2.61 2.17 2.30 2.85 6126805
2.19 2.64 2.28 2.38 3.00 2.43 2.52 2.98 2.38 2.29 2.45 2.42 2.08 2.55 2.22 2.87 2.26 2.30 2.37 2.33 2.46 0.00 2.34 2.14 0.00 2.37 2.92 2.49 2.24 2.32 2.98 3.35 6139895
2.54 2.25 2.52 2.62 2.56 2.06 2.43 2.33 2.13 2.40 2.43 2.12 2.60 2.39 2.59 2.48 2.13 3.30 2.56 2.39 2.25 2.20 2.19 2.47 0.00 2.61 2.34 2.37 2.28 2.27 2.36 3.36 6152985
2.53 2.39 2.60 2.64 2.49 2.90 2.76 2.64 2.22 2.21 2.62 2.71 3.03 2.30 2.83 2.28 2.40 2.36 2.29 2.64 2.77 0.00 2.35 2.11 0.00 2.50 2.72 2.53 2.21 2.53 2.49 3.32 6166075
2.43 2.20 2.57 2.55 2.50 2.40 2.88 2.46 2.12 2.32 2.29 2.86 2.64 2.88 2.19 2.46 2.68 2.52 2.20 2.39 2.84 0.00 2.20 2.07 0.00 2.28 2.25 2.75 2.48 2.71 2.60 2.93 6179165
2.64 2.42 2.82 2.30 2.35 2.14 2.44 2.44 2.40 2.47 2.71 2.60 2.23 2.49 2.73 2.42 2.34 2.95 2.61 2.25 2.49 2.13 2.53 2.37 0.00 2.45 2.72 2.39 2.87 2.49 2.12 2.82 6192255
2.63 2.47 2.51 2.48 2.18 2.80 2.25 2.22 2.17 2.89 2.33 2.30 2.76 2.45 2.61 2.44 2.26 3.04 2.69 2.76 2.53 2.30 2.19 2.22 0.00 2.54 2.39 2.43 2.81 2.84 2.51 2.33 6205345
2.67 3.09 2.13 2.80 2.78 2.60 2.37 2.84 2.82 2.21 2.71 2.21 2.86 2.50 2.11 2.50 2.24 2.35 2.30 2.39 2.37 2.29 2.53 2.57 0.00 2.46 2.34 2.32 2.47 2.89 2.48 2.79 6218435
2.15 2.75 0.00 2.36 2.26 2.43 2.53 2.57 2.50 2.45 2.42 2.49 2.10 2.33 4.14 2.33 2.33 2.55 2.35 2.55 2.47 0.00 2.84 2.05 0.00 2.52 2.47 2.75 2.46 2.38 2.28 3.13 6231525
2.15 2.95 2.53 2.57 2.19 2.37 2.73 2.44 2.25 2.17 2.96 2.81 2.46 2.76 2.22 2.14 2.20 2.12 2.32 2.54 2.60 2.74 2.80 2.64 0.00 2.71 2.39 2.60 2.42 2.59 2.55 2.65 6244615
2.71 2.70 3.12 2.50 2.88 2.57 2.48 2.11 2.82 2.26 2.54 2.52 2.68 2.09 2.52 3.00 2.08 2.83 2.43 2.56 2.17 2.11 2.33 2.21 0.00 2.39 2.59 2.75 2.73 2.41 2.40 2.94 6257705
2.45 2.81 2.70 2.25 2.38 2.44 2.32 2.86 2.28 2.29 2.47 2.59 2.56 3.20 3.46 2.38 2.46 2.49 2.23 2.61 2.43 0.00 2.77 2.11 0.00 2.31 2.34 2.24 2.97 2.90 2.79 3.35 6270795
3.30 2.34 3.02 2.39 2.43 2.64 2.29 2.37 2.45 2.33 2.58 2.66 2.47 2.48 2.38 2.61 2.11 2.57 2.22 2.61 2.54 0.00 2.58 2.75 0.00 2.31 2.34 2.71 2.48 2.68 2.45 2.63 6283885
2.04 2.95 2.20 2.72 3.13 2.78 2.39 2.80 2.29 3.09 2.82 2.83 2.18 2.25 2.44 2.26 2.09 2.77 2.32 2.67 2.82 0.00 2.49 2.33 0.00 2.64 2.50 2.96 2.50 2.23 2.81 3.08 6296975
2.93 2.79 2.48 2.74 3.33 2.41 2.36 2.20 2.80 2.26 2.34 2.66 2.16 2.41 2.43 2.96 2.32 2.66 2.90 2.90 2.36 2.29 2.14 0.00 0.00 2.33 2.17 2.73 2.54 2.44 2.60 2.10 6310065
2.87 3.20 2.44 2.15 2.48 2.27 3.07 2.64 2.57 2.19 2.48 4.07 2.55 2.23 2.31 2.42 2.29 2.35 2.62 2.34 2.44 2.52 2.29 2.45 0.00 2.45 2.39 2.63 2.35 2.49 2.40 2.86 6323155
2.45 2.21 2.35 2.46 2.36 2.58 2.31 2.19 2.18 2.79 2.25 2.27 2.99 3.09 3.12 2.33 2.16 2.82 2.25 2.30 2.76 0.00 2.76 2.30 0.00 2.43 2.75 2.50 2.41 2.36 2.55 2.35 6336245
2.43 2.39 2.38 2.31 3.19 2.96 2.72 2.69 2.29 2.58 2.27 2.56 2.47 3.04 3.26 2.88 2.09 2.87 2.12 2.15 2.45 2.36 2.76 2.31 0.00 2.20 2.67 2.49 3.13 2.38 3.17 3.00 6349335
2.87 2.72 2.17 2.26 2.56 2.24 2.41 2.31 2.53 2.10 2.28 2.18 2.64 2.10 2.75 2.90 2.29 2.47 2.67 2.38 2.95 2.15 2.75 2.36 0.00 2.11 2.72 2.74 3.74 2.70 2.21 2.36 6362425
2.44 2.52 2.39 2.62 2.40 2.44 2.57 2.41 2.22 2.38 2.75 2.57 4.29 2.54 2.59 2.67 2.19 2.68 2.84 3.15 2.23 2.77 2.18 2.29 0.00 2.43 2.22 2.76 2.42 2.33 2.69 2.83 6375515
2.13 2.62 2.40 2.93 2.60 2.33 3.11 2.40 2.13 2.23 2.60 2.81 2.24 2.49 3.07 3.03 2.29 2.30 2.41 2.67 2.77 0.00 2.37 2.15 0.00 2.40 2.45 2.75 2.58 2.43 2.74 2.58 6388605
2.73 2.51 2.86 2.61 4.69 2.28 2.73 3.23 2.94 2.43 2.07 3.30 2.23 2.43 2.40 2.37 2.42 2.67 2.99 3.28 2.29 0.00 2.43 2.37 0.00 2.29 2.42 2.72 2.64 2.42 2.85 2.16 6401695
3.88 2.68 2.53 2.27 2.91 2.72 2.65 3.58 2.65 2.29 3.34 3.07 2.72 2.40 4.03 2.31 2.16 2.09 2.97 2.23 2.85 2.01 2.32 2.49 0.00 2.42 2.33 2.41 2.41 2.32 2.57 3.47 6414785
2.81 2.27 2.80 2.73 3.51 2.46 2.32 2.20 2.35 2.35 2.57 2.19 4.16 2.50 2.80 2.30 2.24 2.45 2.58 2.83 2.45 2.05 2.61 2.45 0.00 2.22 2.41 2.62 2.35 2.28 2.19 3.03 6427875
2.39 2.33 2.08 2.56 3.54 2.54 2.86 2.62 2.85 2.42 2.57 3.01 3.09 2.70 2.53 2.40 0.00 2.84 2.86 2.75 2.34 0.00 2.29 2.42 0.00 2.43 2.54 2.32 2.62 2.78 2.69 3.64 6440965
2.64 2.32 2.14 2.17 3.80 3.06 3.23 2.76 2.17 2.62 3.36 2.43 2.22 2.99 2.76 2.62 2.30 2.61 2.63 2.34 2.20 2.33 2.32 2.79 0.00 2.30 2.57 3.24 2.22 2.18 2.16 0.00 6454055
2.94 2.30 2.99 2.97 2.84 3.19 2.79 3.48 2.35 2.45 3.23 2.27 4.36 2.48 2.98 2.56 2.11 2.81 2.81 2.96 3.16 0.00 2.49 2.12 0.00 2.41 2.89 2.72 2.53 3.12 2.49 2.29 6467145
3.01 2.42 2.37 2.45 2.81 2.17 2.58 2.30 2.33 2.23 2.53 2.33 3.52 2.59 5.28 2.90 2.11 2.50 3.11 2.16 2.72 2.68 2.44 2.09 0.00 2.61 2.90 2.33 2.26 2.54 2.88 3.19 6480235
3.23 3.24 3.34 2.46 2.95 2.47 3.22 2.34 3.11 2.19 2.94 3.55 4.15 2.64 2.25 2.35 2.10 2.47 2.54 4.69 3.33 2.25 2.29 2.37 0.00 2.66 2.34 2.59 2.36 3.02 2.60 2.25 6493325
3.73 2.45 2.87 2.59 3.06 2.55 3.38 2.12 3.10 2.38 2.23 3.76 4.87 2.39 3.54 2.31 2.12 2.92 2.68 2.31 3.07 4.39 2.32 2.19 0.00 2.44 2.62 2.97 3.07 2.53 2.63 3.44 6506415
2.79 2.38 5.13 2.14 4.21 2.59 3.32 2.65 2.59 2.30 4.10 5.21 4.83 2.28 6.31 3.76 2.28 3.20 2.69 8.85 2.91 0.00 2.19 2.68 0.00 2.49 2.40 2.95 2.27 3.39 3.04 3.73 6519505
0.00 2.72 4.73 2.35 3.80 3.19 3.32 3.17 3.47 2.40 4.61 4.65 4.88 3.71 4.93 2.14 2.60 2.68 2.90 3.25 2.20 4.47 2.44 2.36 0.00 2.68 2.66 3.07 2.22 2.72 3.08 3.70 6532595
4.09 2.80 5.47 2.42 2.75 3.43 2.56 3.61 2.74 2.19 3.55 2.15 2.38 4.04 6.02 4.29 2.13 2.79 3.46 2.24 2.32 4.14 2.27 2.21 0.00 2.15 2.93 3.21 2.99 5.85 2.94 3.17 6545685
3.33 3.30 2.91 2.17 4.81 2.38 3.24 4.52 2.77 2.33 4.69 3.76 4.34 2.80 6.07 2.58 2.37 2.66 2.85 2.20 3.16 4.75 2.77 2.66 0.00 2.52 2.29 2.88 2.78 3.14 2.21 3.42 6558775
3.59 3.58 4.91 2.58 5.12 2.75 3.35 4.66 2.79 2.64 4.19 2.14 4.87 3.90 5.85 6.28 2.08 3.09 2.92 2.25 2.56 4.49 2.80 2.89 0.00 2.82 2.76 2.99 2.51 3.63 2.99 3.91 6571865
0.00 3.10 4.60 2.67 3.85 2.75 3.47 3.14 2.52 2.61 4.31 4.46 4.54 2.62 3.94 2.72 2.14 3.06 2.79 8.83 2.77 4.57 2.38 2.64 0.00 2.60 2.88 2.93 2.71 3.17 3.52 3.79 6584955
5.39 3.46 3.64 2.64 4.95 3.79 3.57 4.70 2.17 2.77 4.81 4.93 3.36 2.77 6.33 4.88 2.20 2.50 3.71 2.21 2.45 4.61 2.41 2.14 0.00 2.80 2.51 3.01 3.88 2.60 3.23 3.95 6598045
4.91 3.63 5.10 2.36 5.01 2.65 3.87 5.70 3.04 2.45 5.23 5.63 4.55 3.70 6.38 6.86 2.15 2.96 4.19 6.38 3.04 4.46 2.82 2.11 0.00 2.59 2.60 3.05 3.17 2.56 3.88 4.13 6611135
2.31 3.49 4.84 2.53 4.91 3.30 4.05 2.45 2.60 2.35 3.28 2.75 4.70 2.67 5.70 6.47 2.14 3.08 4.26 8.83 3.14 4.57 3.12 3.05 0.00 2.65 2.93 3.25 3.21 2.97 3.30 3.98 6624225
4.99 2.59 5.07 2.74 3.50 2.49 3.54 4.67 2.96 3.44 5.23 5.45 4.33 4.06 3.89 2.81 2.12 3.01 5.79 0.00 2.88 4.37 2.52 2.92 0.00 2.58 3.06 3.14 4.31 4.05 3.91 4.07 6637315
5.49 3.04 5.02 2.84 4.95 4.25 3.59 5.83 5.39 2.35 4.72 5.56 4.69 2.42 6.29 7.49 2.18 2.64 2.97 8.97 3.44 4.98 2.96 2.73 0.00 3.16 3.07 3.05 4.26 6.47 3.10 4.32 6650405
5.00 3.44 5.55 2.56 5.40 5.13 4.05 5.19 5.32 3.28 5.25 5.70 4.66 3.41 6.49 6.27 2.16 2.85 3.09 8.83 3.77 5.09 2.57 2.97 0.00 3.21 3.15 3.18 2.59 6.47 3.99 4.03 6663495
4.93 3.38 5.08 2.50 5.00 5.14 4.24 6.13 5.02 2.67 5.34 5.56 4.30 5.65 6.31 7.13 2.09 2.94 4.46 8.84 3.90 5.85 3.99 2.63 0.00 2.73 3.28 3.31 4.58 2.61 3.68 4.06 6676585
4.97 3.48 4.94 2.47 4.87 3.89 3.61 5.61 4.96 2.61 5.35 5.56 4.60 4.85 6.47 7.17 2.09 3.30 4.20 0.00 3.79 5.40 3.03 4.41 0.00 2.71 3.23 3.55 5.18 4.57 3.93 4.52 6689675
5.15 3.52 5.29 2.50 4.84 5.11 0.00 5.61 5.20 4.33 5.41 5.69 4.82 5.70 6.45 7.06 2.21 3.11 4.98 8.78 3.55 5.67 7.32 3.30 0.00 2.92 2.26 3.15 5.14 6.43 3.78 4.32 6702765
5.15 3.50 5.09 2.83 4.93 5.17 3.59 5.54 5.31 4.15 5.43 6.16 4.53 5.03 6.53 6.93 2.07 2.95 2.60 0.00 4.19 5.70 3.25 3.34 0.00 2.79 3.26 3.37 5.34 6.53 3.79 4.21 6715855
4.94 3.50 4.99 2.46 4.97 5.24 0.00 5.46 5.21 3.70 5.42 5.65 4.74 5.07 6.40 7.00 2.11 3.10 6.46 0.00 4.30 5.60 4.03 2.70 0.00 2.92 3.31 3.36 5.26 6.62 3.79 4.95 6728945
5.00 3.46 5.18 2.33 5.31 5.26 0.00 5.38 5.43 4.10 5.60 5.80 4.63 5.57 6.32 6.96 2.03 3.03 5.76 8.99 4.31 5.74 2.46 3.61 0.00 3.03 3.22 3.69 5.04 6.63 3.70 4.33 6742035
4.85 3.50 5.11 2.99 4.92 5.19 0.00 5.31 4.84 4.03 5.60 5.86 4.68 4.50 6.35 6.88 2.18 3.18 5.99 0.00 4.17 5.83 2.12 0.00 0.00 2.72 3.30 3.31 5.60 6.48 3.78 4.35 6755125
4.95 3.47 5.07 0.00 4.95 5.20 4.00 5.19 5.31 3.30 5.44 5.91 4.87 4.22 6.53 7.02 2.08 3.12 6.29 0.00 4.50 5.76 2.86 2.83 0.00 2.75 3.30 3.40 5.56 6.63 3.67 4.30 6768215
5.14 3.54 5.06 2.83 4.90 5.22 0.00 5.27 5.31 4.35 5.45 5.91 4.67 4.97 6.45 6.81 2.10 3.20 5.90 0.00 4.60 5.64 6.15 4.33 0.00 3.27 3.32 3.42 5.60 6.61 3.66 4.24 6781305
5.21 3.47 5.25 3.43 4.89 5.24 3.65 5.26 0.00 4.36 5.45 5.98 4.47 4.56 6.33 6.95 2.05 3.25 6.02 8.86 4.76 5.81 0.00 3.94 0.00 2.75 3.26 3.28 5.33 7.21 3.58 4.26 6794395
5.32 3.43 5.23 3.03 5.00 5.21 3.63 5.49 0.00 4.30 5.67 5.84 4.69 5.46 6.67 6.78 2.22 3.14 5.71 8.93 4.97 5.82 0.00 4.43 0.00 2.98 3.34 3.37 5.48 6.60 3.61 4.25 6807485
5.75 3.50 5.21 2.90 4.99 5.32 3.62 4.88 5.61 4.41 5.57 6.31 4.66 5.35 6.10 6.81 2.25 3.19 5.45 8.82 4.75 5.67 4.47 3.81 0.00 2.71 3.28 3.42 5.49 6.55 3.69 3.96 6820575
4.94 3.48 5.16 3.24 4.96 5.51 0.00 4.78 3.42 4.51 5.58 5.95 4.74 5.09 6.14 7.11 2.44 3.28 6.25 8.79 4.76 0.00 0.00 5.39 0.00 2.77 3.24 3.29 5.53 6.50 3.54 4.32 6833665
5.08 3.46 0.00 3.07 4.90 5.24 0.00 4.94 5.18 4.43 5.56 6.04 4.66 5.59 6.11 7.19 2.15 3.05 5.59 8.81 5.11 5.77 0.00 4.54 0.00 2.81 3.25 3.45 5.44 6.59 3.71 4.23 6846755
4.97 3.40 5.16 3.06 5.11 5.30 0.00 5.06 5.28 4.35 5.64 5.95 4.45 5.09 5.99 7.16 2.27 3.53 6.42 8.79 5.02 5.83 0.00 4.91 0.00 2.75 3.25 3.41 5.57 6.48 3.70 4.27 6859845
4.91 3.41 5.18 0.00 5.02 5.31 0.00 4.79 5.24 4.38 5.74 6.01 4.38 5.05 5.93 7.60 2.13 3.01 5.82 8.86 5.09 5.73 0.00 5.28 0.00 2.78 3.24 3.93 5.64 6.51 3.64 4.13 6872935
5.14 3.48 5.21 0.00 4.95 5.34 3.79 4.64 5.27 4.41 5.68 6.07 4.33 5.04 6.01 7.35 2.19 2.82 6.36 0.00 5.29 0.00 0.00 4.87 0.00 3.02 3.27 3.76 5.60 6.49 3.73 4.42 6886025
5.12 3.47 5.30 0.00 5.12 5.33 3.49 4.74 5.18 4.48 5.62 6.09 4.26 5.06 5.78 7.56 2.62 3.07 6.29 8.79 5.18 5.81 2.93 4.46 0.00 2.79 3.18 3.52 4.74 6.45 3.82 4.21 6899115
5.29 3.52 5.22 2.97 5.00 5.32 3.64 4.69 5.01 4.43 5.75 6.19 4.03 5.01 5.65 7.21 2.17 3.19 6.08 8.84 5.32 5.97 0.00 4.95 0.00 2.72 3.24 3.99 4.13 5.95 3.78 4.14 6912205
4.95 3.46 5.18 3.77 4.99 5.35 3.65 4.44 5.02 3.73 5.88 6.28 4.07 4.98 5.75 7.14 2.10 3.28 5.94 9.44 5.75 0.00 2.52 0.00 0.00 3.12 3.27 3.94 5.54 6.20 3.79 3.87 6925295
5.11 3.54 5.45 2.22 4.98 5.32 0.00 4.47 5.02 4.23 5.84 6.17 4.12 4.73 5.70 7.20 2.08 3.06 5.82 8.81 5.48 5.83 0.00 0.00 0.00 2.76 3.21 4.18 5.64 6.33 3.82 4.14 6938385
5.01 3.51 5.20 0.00 5.09 5.36 0.00 4.41 5.18 4.53 5.91 6.11 4.07 4.79 5.86 6.95 2.49 2.98 5.90 8.91 5.38 5.77 0.00 4.94 0.00 2.72 3.15 4.70 5.77 6.31 3.74 4.01 6951475
5.17 3.52 5.18 3.17 5.01 5.32 0.00 4.35 5.00 4.47 5.75 6.30 4.20 4.66 5.61 6.99 2.36 3.07 6.25 8.86 5.49 0.00 0.00 4.06 0.00 2.76 3.19 4.44 5.91 6.56 3.85 4.13 6964565
5.08 3.57 5.19 3.39 0.00 5.39 0.00 4.40 4.97 3.32 5.80 6.30 3.98 4.62 5.62 6.95 2.14 3.33 6.54 0.00 5.55 6.35 0.00 4.97 0.00 2.83 3.16 4.24 5.75 5.14 3.88 3.94 6977655
5.01 3.53 5.20 0.00 5.09 5.38 0.00 4.24 5.01 4.45 5.87 6.20 4.02 4.71 5.69 6.89 2.15 3.10 6.49 8.71 5.64 5.92 0.00 0.00 0.00 3.34 3.13 4.96 5.73 6.43 3.82 3.94 6990745
5.31 3.64 0.00 0.00 5.01 5.36 0.00 4.38 4.96 4.45 5.85 6.34 4.14 4.66 5.83 7.05 2.13 3.00 5.91 8.87 5.48 5.93 0.00 0.00 0.00 2.92 3.12 4.82 5.77 6.30 3.87 4.11 7003835
5.03 3.55 5.20 0.00 5.06 5.32 0.00 4.44 4.99 4.42 5.79 6.32 3.96 4.67 5.77 6.64 2.18 2.98 6.07 8.78 6.31 6.46 0.00 3.95 0.00 2.74 3.14 4.71 4.69 6.16 3.85 4.20 7016925
5.04 3.52 5.29 0.00 5.06 5.32 3.67 4.16 4.88 4.44 5.94 6.39 3.87 4.59 6.07 6.57 2.17 2.86 6.69 8.90 5.61 0.00 0.00 0.00 0.00 2.68 3.16 4.49 5.73 6.16 4.05 3.95 7030015
5.26 3.53 5.17 4.03 5.09 5.35 3.63 4.33 5.06 4.50 5.88 6.67 3.56 4.53 5.64 7.03 2.08 3.09 6.26 8.80 5.75 0.00 0.00 5.10 0.00 2.69 3.17 0.00 5.83 6.36 3.88 3.93 7043105
5.20 3.49 5.91 0.00 5.00 5.33 0.00 4.25 4.72 4.46 6.21 6.20 3.82 4.04 5.87 6.58 2.09 2.94 6.86 8.77 5.46 5.79 0.00 4.73 0.00 2.68 3.16 4.42 5.71 6.20 3.85 3.91 7056195
5.19 3.56 5.16 3.03 5.08 5.36 0.00 4.32 5.20 4.55 5.87 6.22 3.84 4.71 5.66 6.75 2.42 3.08 6.84 8.73 5.44 5.91 0.00 4.28 0.00 2.67 3.13 4.53 5.80 6.42 3.92 4.17 7069285
5.03 3.52 5.13 3.14 5.04 5.37 0.00 4.30 4.96 4.50 6.47 6.42 3.91 4.88 5.60 6.51 2.40 3.09 6.50 8.77 5.78 5.78 0.00 4.39 0.00 2.67 3.18 4.43 5.75 6.43 3.89 3.97 7082375
5.15 3.51 5.06 0.00 5.06 5.34 0.00 4.21 4.88 4.66 5.90 6.99 3.55 4.55 5.55 6.70 2.38 3.03 6.32 8.76 5.56 5.76 0.00 4.55 0.00 2.71 3.19 4.47 5.72 6.27 3.91 3.88 7095465
5.49 3.49 5.42 3.06 5.05 5.37 0.00 4.35 4.69 4.57 5.99 6.31 3.53 4.73 5.53 6.47 2.44 3.13 6.31 8.82 5.53 0.00 0.00 4.15 0.00 2.69 3.17 4.59 5.80 6.30 3.98 0.00 7108555
5.03 3.48 5.18 0.00 5.05 5.35 0.00 4.14 5.07 4.48 5.88 6.36 3.64 4.58 5.53 6.48 2.21 3.06 0.00 8.78 5.83 0.00 0.00 3.88 0.00 2.70 3.17 0.00 5.88 6.33 3.95 3.90 7121645
4.96 3.53 5.14 0.00 5.09 5.35 0.00 4.31 4.75 4.60 5.91 6.53 3.54 4.54 5.76 6.49 2.19 3.05 7.04 8.76 5.81 5.80 0.00 4.84 0.00 2.70 3.17 4.70 5.71 6.32 3.94 3.91 7134735
4.86 3.51 5.23 0.00 0.00 5.34 0.00 4.31 4.76 4.52 6.07 0.00 3.63 4.46 0.00 6.48 2.34 2.86 6.42 8.79 5.64 5.72 0.00 4.90 0.00 2.70 3.17 0.00 5.74 6.61 3.99 3.88 7147825
5.26 3.51 5.14 0.00 5.08 5.43 0.00 4.25 4.68 4.57 5.99 6.43 3.68 4.56 5.27 6.43 2.21 3.27 7.19 8.81 5.86 5.72 0.00 5.38 0.00 2.70 3.18 4.46 5.74 6.24 3.92 3.92 7160915
4.98 3.63 5.11 0.00 5.71 5.36 0.00 4.20 4.86 4.56 5.99 6.35 3.32 4.48 5.40 6.68 2.36 4.00 7.10 8.82 5.69 5.81 0.00 5.18 0.00 2.69 3.18 4.67 5.81 6.40 3.92 3.92 7174005
5.13 3.61 5.10 0.00 5.10 5.33 0.00 4.69 4.84 4.57 6.01 6.33 3.64 4.44 5.30 6.37 2.27 2.88 6.47 8.75 5.56 0.00 0.00 0.00 0.00 2.68 3.19 4.96 5.78 6.22 3.92 3.94 7187095
5.03 3.61 5.08 0.00 5.24 5.41 0.00 0.00 4.69 4.55 5.84 6.36 3.69 4.48 5.32 6.35 2.22 3.20 6.43 8.73 5.58 0.00 0.00 4.39 0.00 2.69 3.14 5.40 5.69 6.29 3.96 3.96 7200185
5.05 3.60 5.09 0.00 0.00 5.40 0.00 4.26 4.75 4.58 5.91 6.47 3.47 4.36 5.30 6.01 2.21 3.21 6.44 8.71 5.61 0.00 0.00 0.00 0.00 2.69 3.16 4.71 5.71 6.20 3.95 3.96 7213275
5.17 3.59 5.09 0.00 5.05 5.37 0.00 4.23 4.87 4.54 6.17 6.42 3.70 4.41 5.25 6.31 2.19 3.04 6.64 8.75 5.87 6.31 0.00 4.89 0.00 2.69 3.17 0.00 5.86 6.40 3.94 3.97 7226365
5.20 3.58 5.09 0.00 5.11 5.34 0.00 4.19 4.58 4.55 5.85 6.36 3.34 4.52 5.56 6.41 2.20 3.13 6.61 8.72 5.74 6.25 0.00 4.39 0.00 2.68 3.14 4.40 5.70 6.42 4.00 4.01 7239455
4.87 3.58 5.14 0.00 5.45 5.35 0.00 4.20 4.59 4.59 5.91 6.37 3.47 4.43 5.42 6.30 2.21 2.97 6.53 8.74 5.66 0.00 0.00 4.70 0.00 2.70 3.15 4.96 5.83 6.37 3.99 3.94 7252545
5.33 3.58 5.12 0.00 5.22 5.36 0.00 4.32 4.67 4.54 5.83 6.29 3.47 4.98 5.17 6.16 2.21 2.93 6.93 8.77 5.61 5.86 0.00 4.88 0.00 2.70 3.14 0.00 5.78 6.30 3.99 3.91 7265635
5.13 3.68 5.33 0.00 5.04 5.38 0.00 4.29 5.03 4.57 5.85 6.32 3.46 4.55 5.12 6.29 2.33 3.16 6.44 8.67 5.62 0.00 0.00 0.00 0.00 2.68 3.14 0.00 0.00 6.25 4.03 4.00 7278725
5.11 3.61 5.16 0.00 5.18 5.40 0.00 4.50 4.67 4.53 6.69 6.33 3.91 4.49 5.27 6.36 2.06 3.08 6.67 8.73 5.65 6.04 0.00 4.23 0.00 2.71 3.15 5.00 5.74 6.20 4.02 3.99 7291815
5.11 3.66 5.12 0.00 0.00 5.35 0.00 4.27 4.70 4.54 5.90 6.34 3.77 4.69 5.44 6.51 2.08 3.22 6.53 8.91 5.60 5.66 0.00 0.00 0.00 2.69 3.14 4.58 6.05 6.33 4.03 3.90 7304905
5.12 3.61 5.26 0.00 5.69 5.35 0.00 4.32 4.60 4.63 5.89 6.31 3.35 4.35 5.18 6.22 2.06 3.02 7.08 8.91 5.60 5.73 0.00 0.00 0.00 2.70 3.13 0.00 5.78 6.41 4.07 3.90 7317995
5.16 3.64 0.00 0.00 5.16 5.35 0.00 4.23 4.62 4.53 5.84 6.31 3.45 4.34 5.27 6.42 2.06 3.00 0.00 9.42 5.69 5.70 0.00 4.79 0.00 2.70 3.14 4.90 5.77 6.25 4.03 3.94 7331085
5.15 3.66 5.07 0.00 5.07 5.35 0.00 4.21 4.61 4.51 5.91 6.40 3.34 4.57 5.31 6.24 2.06 3.02 0.00 8.80 5.67 5.68 0.00 0.00 0.00 2.70 3.13 4.56 5.80 6.21 4.03 3.94 7344175
5.14 3.63 5.09 0.00 5.07 5.39 3.64 4.27 4.65 4.67 5.90 6.44 3.36 4.45 6.07 0.00 2.08 3.04 0.00 8.42 5.64 5.82 0.00 4.58 0.00 2.70 3.13 5.00 5.84 6.22 4.00 4.03 7357265
5.12 3.62 5.09 0.00 5.07 5.35 0.00 4.28 4.72 4.52 5.85 6.39 3.51 4.59 5.70 6.16 2.09 3.08 0.00 8.69 5.69 6.03 0.00 4.75 0.00 2.70 3.15 4.80 5.80 6.29 4.01 4.63 7370355
5.13 3.63 5.22 0.00 5.07 5.40 0.00 5.00 4.64 4.55 5.94 6.96 3.65 4.46 5.26 6.68 2.10 3.03 0.00 9.13 6.20 0.00 0.00 4.58 0.00 2.69 3.14 4.97 5.91 6.38 4.00 3.91 7383445
5.22 3.61 5.09 0.00 5.03 5.42 0.00 4.20 4.63 4.66 5.87 6.53 3.44 4.60 5.27 6.29 2.06 3.19 0.00 8.85 5.71 5.80 0.00 4.57 0.00 2.70 3.13 4.53 5.77 6.23 4.02 0.00 7396535
4.97 3.62 5.08 0.00 5.03 5.48 0.00 4.20 4.59 4.62 5.85 6.52 3.31 4.30 5.12 6.54 2.12 3.13 6.48 8.48 5.72 0.00 0.00 4.63 0.00 2.70 3.14 5.40 5.73 6.33 4.02 3.95 7409625
5.25 3.78 5.11 0.00 5.13 5.46 0.00 4.31 4.61 4.64 5.81 6.41 3.37 4.25 5.17 6.80 2.04 3.01 0.00 8.53 5.66 5.58 0.00 4.93 0.00 2.69 3.14 4.77 5.83 6.28 4.14 3.98 7422715
5.00 3.62 5.11 0.00 5.08 5.44 3.65 4.24 4.54 4.58 5.86 6.47 3.44 4.51 5.41 6.80 2.16 3.17 6.05 8.52 5.82 5.68 0.00 4.88 0.00 3.37 3.15 5.09 5.81 6.20 4.03 3.97 7435805
5.49 3.62 5.09 0.00 5.17 5.35 0.00 4.31 4.50 4.59 6.00 7.09 3.72 4.47 5.06 6.11 2.12 3.37 6.00 8.68 5.69 5.62 0.00 0.00 0.00 2.84 3.14 4.51 5.75 6.25 4.05 3.97 7448895
5.17 3.61 5.11 0.00 5.08 5.39 0.00 4.35 4.61 4.59 5.91 6.43 3.54 4.51 4.96 6.21 2.07 3.12 6.28 8.63 5.81 5.86 0.00 0.00 0.00 2.72 3.13 4.66 5.81 6.23 4.18 3.97 7461985
5.04 3.59 5.07 3.25 5.20 5.35 0.00 4.42 4.55 4.55 5.98 6.59 3.67 4.25 5.29 5.79 2.41 3.09 5.87 8.64 5.81 5.64 0.00 4.51 0.00 3.07 3.16 4.67 6.15 6.40 4.11 4.04 7475075
5.14 3.64 5.16 0.00 5.18 5.39 0.00 4.28 4.34 4.66 6.04 7.26 3.31 3.65 4.97 7.40 2.20 2.98 6.50 8.89 5.91 0.00 0.00 3.78 0.00 2.69 3.19 4.69 5.92 6.32 4.53 4.10 7488165
5.10 3.54 5.21 0.00 5.13 5.59 3.64 4.31 3.87 4.68 6.02 6.68 3.33 4.03 4.85 6.85 2.05 2.97 6.33 8.76 5.75 0.00 0.00 0.00 0.00 2.68 3.14 4.51 6.01 6.37 4.20 3.95 7501255
5.32 3.63 5.25 0.00 5.17 5.42 0.00 4.29 4.40 4.38 6.02 6.51 3.21 4.01 5.03 6.26 2.06 3.00 6.22 8.79 5.77 5.72 0.00 4.68 0.00 2.68 3.15 4.63 5.88 6.42 4.06 4.02 7514345
5.59 3.56 5.27 3.37 5.83 5.41 3.64 4.31 4.35 4.66 6.27 6.57 3.26 4.00 4.88 6.24 2.17 2.83 5.66 8.79 5.80 5.65 0.00 0.00 0.00 2.68 3.18 4.45 5.91 6.41 4.52 3.98 7527435
5.39 3.60 5.63 0.00 5.22 5.56 0.00 4.22 4.42 4.71 6.12 6.56 3.32 3.66 4.80 6.02 2.06 2.79 6.32 8.74 5.77 6.05 3.71 0.00 0.00 2.68 3.07 4.32 5.97 6.39 4.06 4.03 7540525
5.59 3.62 5.41 0.00 5.36 5.39 3.53 4.42 4.43 4.70 6.16 6.68 3.29 3.75 4.97 5.80 2.11 2.94 6.40 8.79 5.85 5.21 0.00 5.70 0.00 2.66 3.21 5.02 6.10 6.53 4.18 4.00 7553615
5.47 3.46 5.44 3.04 5.25 5.54 3.65 4.20 4.45 4.63 6.18 6.59 3.16 3.19 4.77 5.92 2.95 2.97 5.84 8.73 5.73 5.79 0.00 3.61 0.00 2.67 2.97 0.00 5.89 6.55 4.18 4.00 7566705
5.37 3.59 5.18 0.00 5.68 5.45 3.63 4.22 4.50 4.43 6.20 6.73 3.15 3.92 4.75 6.14 2.24 3.11 6.60 8.68 5.88 5.32 0.00 4.00 0.00 2.68 2.98 5.58 5.99 4.71 4.20 4.00 7579795
5.18 3.58 5.34 2.86 5.34 5.44 0.00 4.18 4.38 4.69 6.45 6.74 3.29 3.98 4.87 5.70 2.10 3.08 6.19 8.78 6.00 5.10 2.22 0.00 0.00 2.67 2.87 5.13 4.95 6.59 4.07 3.93 7592885
5.39 3.62 5.19 2.97 5.42 5.46 0.00 4.18 4.34 4.69 6.14 6.78 3.19 4.02 4.95 5.54 2.03 3.03 5.75 8.77 5.65 5.16 0.00 4.41 0.00 2.60 2.77 5.26 5.31 6.54 4.02 4.09 7605975
5.21 3.53 5.10 3.04 5.34 5.38 3.65 4.21 4.30 4.74 6.33 6.74 3.22 3.67 5.00 6.02 2.03 3.07 6.03 8.93 5.91 5.25 2.23 4.72 0.00 2.72 2.64 5.35 5.85 5.91 3.85 3.92 7619065
5.07 3.49 5.16 3.09 5.58 5.52 0.00 4.31 4.37 4.73 6.46 0.00 3.17 4.01 5.05 5.38 2.38 3.14 6.25 8.82 6.47 5.20 0.00 3.98 0.00 2.60 2.40 0.00 5.86 6.37 3.41 4.60 7632155
4.91 3.75 5.09 2.75 5.65 5.45 3.60 4.31 4.50 4.79 6.37 6.88 3.20 4.04 5.20 5.30 2.15 3.31 6.06 8.83 5.84 5.29 0.00 4.59 0.00 2.51 2.65 5.58 6.04 6.42 4.23 3.83 7645245
5.21 3.62 5.09 0.00 5.46 5.34 3.59 4.36 4.32 4.68 6.34 7.16 3.12 4.13 4.98 4.70 2.13 3.02 5.98 8.82 6.46 5.14 9.85 4.48 0.00 2.18 2.32 5.60 4.67 6.22 4.11 3.82 7658335
5.29 3.51 5.61 2.16 5.43 5.42 4.01 4.38 4.34 4.81 6.74 7.15 3.17 4.20 5.16 4.98 2.11 3.25 6.01 8.81 5.73 4.91 0.00 4.63 0.00 2.38 2.67 0.00 2.85 6.19 4.17 3.89 7671425
5.11 3.59 5.10 3.05 5.51 5.15 3.89 4.41 4.31 4.68 6.50 6.98 3.28 4.24 5.01 4.93 2.17 2.95 6.34 8.82 5.89 4.89 0.00 0.00 0.00 2.37 2.40 5.98 5.05 6.35 4.07 3.85 7684515
4.98 3.63 5.31 0.00 4.86 6.34 3.94 4.45 4.51 4.34 6.62 6.96 3.22 4.52 4.97 4.74 2.17 2.89 6.25 8.79 5.82 4.69 9.90 4.64 0.00 2.05 2.32 0.00 5.83 6.11 4.52 3.75 7697605
5.19 3.55 5.12 3.06 5.44 6.83 0.00 4.48 4.26 4.70 6.61 7.07 3.25 4.12 5.02 4.72 2.41 2.93 6.05 8.80 5.79 4.94 8.61 4.47 0.00 2.14 2.38 0.00 6.12 6.15 4.31 3.91 7710695
5.05 3.58 5.23 0.00 5.39 6.79 3.94 4.41 4.39 4.77 6.47 7.07 3.40 4.30 5.05 4.79 2.22 2.90 6.45 8.72 5.72 4.84 2.17 0.00 0.00 2.29 2.41 6.06 2.81 6.27 4.27 3.82 7723785
5.34 3.66 5.21 3.38 5.45 6.84 4.37 4.58 4.23 4.81 6.44 7.10 3.34 3.44 5.27 4.52 2.09 2.87 6.31 8.80 5.67 4.68 0.00 5.03 0.00 2.07 2.44 6.38 6.06 5.54 4.43 3.22 7736875
5.57 3.60 5.07 3.38 5.63 6.93 4.01 4.47 4.16 3.60 6.83 7.12 3.51 4.29 5.12 4.70 2.09 2.79 6.31 8.95 5.75 4.54 0.00 4.02 0.00 0.00 2.42 0.00 5.67 5.68 4.50 3.76 7749965
5.58 3.65 5.15 2.60 5.49 6.88 3.62 4.45 4.13 4.60 6.74 7.07 3.35 4.42 5.09 4.62 2.14 2.86 6.41 8.95 5.69 0.00 2.97 0.00 0.00 2.02 2.40 0.00 4.82 6.83 4.59 3.98 7763055
5.41 3.62 5.23 0.00 5.88 6.95 0.00 4.46 4.22 4.92 6.80 7.06 3.28 4.27 5.10 4.52 2.18 2.97 5.87 8.70 5.69 5.17 0.00 4.03 0.00 2.04 2.32 5.98 5.27 6.06 4.58 3.15 7776145
5.21 3.61 5.36 2.89 5.55 6.85 0.00 4.34 4.19 4.99 6.67 7.20 3.49 4.35 5.18 4.60 2.07 2.68 6.32 8.72 5.78 4.41 4.87 0.00 0.00 2.60 2.29 0.00 5.65 5.54 4.57 3.71 7789235
5.43 3.62 5.13 3.04 5.39 6.89 3.58 4.39 4.29 4.99 6.86 7.10 3.52 4.41 5.39 4.59 2.16 2.91 6.30 8.82 5.63 4.54 0.00 5.26 0.00 0.00 2.41 0.00 5.84 6.15 4.48 3.65 7802325
5.67 3.63 5.08 2.98 5.59 7.00 3.19 4.45 4.17 4.99 6.82 7.19 3.41 4.28 5.20 4.55 2.22 2.89 6.27 9.56 5.58 4.62 3.78 4.90 0.00 2.28 2.28 0.00 5.59 6.17 4.58 3.90 7815415
5.39 3.62 5.05 3.35 5.39 7.11 0.00 4.51 4.21 4.98 6.64 7.17 3.36 4.73 5.20 4.70 2.19 2.75 6.43 0.00 5.54 4.68 0.00 0.00 0.00 2.65 2.29 5.48 5.91 6.00 4.58 3.72 7828505
5.41 3.62 5.21 3.04 5.36 6.94 3.61 4.55 4.18 4.94 6.81 7.11 3.53 4.64 5.20 4.68 2.20 2.76 6.31 8.81 5.46 4.27 4.88 4.01 0.00 2.50 2.35 0.00 5.88 6.64 4.66 0.00 7841595
5.70 3.59 5.26 2.90 5.32 7.12 3.73 4.41 4.20 5.01 7.38 7.29 3.45 4.64 5.21 4.53 2.47 2.88 6.21 8.79 5.52 4.40 0.00 5.41 0.00 2.29 2.38 0.00 5.92 6.15 4.73 3.83 7854685
0.00 3.60 5.26 3.20 5.28 6.93 3.64 4.37 4.25 5.04 6.84 7.13 3.37 4.78 5.28 4.65 2.06 3.00 6.40 8.80 5.56 0.00 0.00 4.37 0.00 0.00 2.26 5.87 5.77 6.05 4.72 3.92 7867775
5.69 3.62 5.11 3.03 5.32 6.90 0.00 4.22 4.26 4.98 7.24 7.85 3.39 4.73 5.26 4.55 2.12 2.92 6.65 8.82 5.65 0.00 0.00 0.00 0.00 0.00 2.37 5.98 5.75 6.03 4.87 3.88 7880865
5.80 3.61 5.25 3.25 5.30 6.94 3.65 4.24 4.23 4.94 7.20 0.00 3.39 4.68 5.30 4.68 2.13 2.94 6.60 0.00 5.63 4.50 0.00 4.12 0.00 2.10 2.33 5.45 5.86 5.93 4.73 3.81 7893955
5.60 3.62 5.06 0.00 5.37 6.86 0.00 4.39 4.30 5.03 6.86 7.17 3.51 4.75 5.33 4.56 2.14 3.03 6.54 0.00 5.55 4.36 0.00 4.44 0.00 2.04 2.34 0.00 5.77 5.95 4.87 4.44 7907045
5.74 3.62 5.20 0.00 5.35 6.98 0.00 4.39 4.21 5.05 6.79 7.37 0.00 4.90 5.50 4.63 2.12 3.13 6.34 8.82 5.49 4.29 0.00 5.23 0.00 0.00 2.26 5.65 5.90 6.18 4.86 0.00 7920135
5.87 3.63 4.89 3.00 5.29 6.87 0.00 4.36 4.19 5.08 6.82 7.30 3.49 4.82 5.43 5.00 2.08 2.90 6.24 8.81 5.67 4.24 0.00 0.00 0.00 2.02 2.36 5.61 5.81 5.98 4.87 3.73 7933225
6.16 3.62 5.84 2.98 5.36 6.91 3.52 4.22 4.25 5.08 6.92 7.42 3.49 4.67 5.44 4.78 2.08 2.91 6.57 0.00 5.43 4.23 0.00 4.57 0.00 2.02 2.33 5.30 0.00 5.97 5.04 3.96 7946315
0.00 3.60 5.17 0.00 5.35 6.94 0.00 4.22 4.16 5.05 6.87 7.81 3.36 4.74 5.37 4.68 2.06 2.90 6.27 0.00 5.46 4.08 0.00 4.52 0.00 0.00 2.37 5.46 5.69 5.97 5.08 4.10 7959405
0.00 3.63 5.13 0.00 5.41 7.01 3.68 4.25 4.20 5.17 6.71 7.87 3.40 4.77 5.35 4.71 2.77 3.15 6.27 0.00 5.60 4.04 0.00 4.96 0.00 2.03 2.28 0.00 5.69 5.94 4.88 3.83 7972495
0.00 3.61 5.07 2.93 5.32 7.04 4.08 4.39 4.26 4.98 6.80 7.20 3.63 4.92 5.49 4.71 0.00 2.69 6.44 0.00 5.40 4.36 0.00 4.60 0.00 2.01 2.35 0.00 5.83 5.91 4.07 3.91 7985585
0.00 3.61 5.15 0.00 5.53 6.73 3.62 4.51 4.29 5.10 6.81 7.31 3.36 4.87 5.39 4.87 0.00 2.92 6.43 0.00 6.22 4.41 0.00 3.59 0.00 0.00 2.31 5.42 5.69 6.59 5.10 3.82 7998675
6.06 3.61 5.12 3.01 5.35 6.73 0.00 4.44 4.22 5.04 6.84 7.32 3.47 4.85 5.46 5.42 2.51 2.85 6.48 8.82 5.33 0.00 0.00 0.00 0.00 0.00 2.39 5.24 5.66 0.00 4.96 0.00 8011765
0.00 3.61 5.27 0.00 5.31 6.74 3.56 4.50 4.23 5.11 6.92 0.00 3.45 4.69 5.44 4.81 2.73 3.06 6.62 0.00 5.25 0.00 0.00 0.00 0.00 2.06 2.35 5.24 5.69 6.23 4.96 3.81 8024855
5.58 3.62 5.10 0.00 5.30 6.77 3.76 0.00 4.33 5.11 6.91 7.30 3.46 4.67 5.47 0.00 2.75 2.96 6.63 0.00 5.43 4.20 0.00 5.22 0.00 2.11 2.35 5.23 5.65 6.61 4.98 4.17 8037945
0.00 3.61 5.18 0.00 5.35 6.74 3.63 4.47 4.27 5.21 7.14 7.28 3.49 4.73 5.47 4.67 2.77 2.88 6.65 0.00 5.53 4.16 0.00 5.22 0.00 2.08 2.39 5.23 5.65 5.92 5.01 3.89 8051035
0.00 3.60 5.16 0.00 5.98 6.75 3.95 4.44 4.26 5.11 6.94 7.22 3.41 4.68 6.13 4.80 2.22 2.86 0.00 9.19 5.56 4.17 0.00 4.76 0.00 2.03 3.04 5.34 5.66 5.91 5.20 3.86 8064125
6.04 3.62 5.19 0.00 5.98 6.74 3.60 4.40 4.16 5.06 6.76 7.23 3.47 4.75 5.61 4.72 2.16 3.13 6.67 9.18 5.64 4.10 0.00 0.00 0.00 2.06 2.32 5.29 5.66 6.59 4.98 3.87 8077215
0.00 3.62 5.15 0.00 0.00 6.74 3.62 4.39 4.16 5.03 6.93 7.33 3.39 4.75 5.65 4.80 2.15 3.07 6.65 0.00 5.66 4.69 0.00 4.46 0.00 2.01 2.36 5.27 5.65 5.93 4.91 3.89 8090305
0.00 3.60 5.10 0.00 6.00 6.74 4.04 4.41 4.17 5.03 7.02 7.23 3.77 4.64 5.58 0.00 2.15 2.99 6.69 9.13 5.62 4.63 0.00 4.53 0.00 0.00 2.32 5.27 5.66 5.93 4.92 4.04 8103395
5.84 3.61 5.12 0.00 5.42 6.73 0.00 4.40 4.16 5.01 6.96 7.38 3.46 4.69 5.58 4.76 2.15 3.01 6.99 9.11 5.62 4.67 0.00 4.72 0.00 0.00 2.36 5.29 5.65 5.91 5.06 3.92 8116485
0.00 3.60 5.12 0.00 5.31 6.74 3.99 4.41 4.30 5.03 6.76 7.33 3.46 4.75 5.60 4.74 2.15 2.96 6.54 9.07 5.61 0.00 0.00 0.00 0.00 2.31 2.36 5.30 5.65 5.94 4.96 0.00 8129575
5.85 3.62 5.43 0.00 5.47 6.75 3.59 4.56 4.30 5.07 6.95 7.31 3.64 4.76 5.59 0.00 2.14 3.12 6.64 9.10 5.62 0.00 0.00 0.00 0.00 2.01 2.34 5.29 5.65 5.95 5.03 4.25 8142665
5.74 3.62 5.17 0.00 5.33 6.75 3.54 4.52 4.33 5.02 6.85 7.32 3.49 4.74 5.59 4.79 2.15 2.96 6.68 9.15 5.50 4.21 0.00 0.00 0.00 2.01 2.34 0.00 5.66 5.94 5.10 4.08 8155755
5.65 3.62 5.13 0.00 5.32 6.76 3.59 4.53 4.28 5.07 6.92 7.27 3.66 4.74 5.59 0.00 2.14 3.08 6.97 9.07 5.27 4.51 0.00 5.06 0.00 2.33 2.34 5.30 5.68 5.93 5.07 3.92 8168845