4.95 3.63 5.10 0.00 5.64 5.46 0.00 5.17 2.24 3.05 3.58 0.00 0.00 7.24 8.46 0.00 2.05 3.38 6.29 8.64 3.41 4.26 0.00 0.00 0.00 2.16 2.66 5.39 5.43 5.10 5.55 5.25 2799191
4.95 3.62 5.08 0.00 5.66 5.47 0.00 5.17 2.23 3.03 3.59 4.04 0.00 7.26 8.46 0.00 2.06 3.35 6.29 8.60 3.43 4.26 0.00 0.00 0.00 2.16 2.66 5.39 5.43 5.10 5.55 5.26 2812281
4.96 3.62 5.10 0.00 5.65 5.48 0.00 5.17 2.22 3.04 3.59 4.02 0.00 7.25 8.45 0.00 2.07 3.34 6.32 8.29 3.45 4.26 0.00 0.00 0.00 2.16 2.66 5.38 5.43 5.11 5.54 5.25 2825371
4.95 3.62 5.09 0.00 5.65 5.48 0.00 5.21 2.22 3.04 3.59 4.02 0.00 7.25 8.45 0.00 2.07 3.35 6.33 8.28 3.45 4.26 0.00 0.00 0.00 2.16 2.66 5.39 5.43 5.11 5.56 5.25 2838461
4.96 3.63 5.09 0.00 5.67 5.48 0.00 5.19 2.22 3.04 3.59 4.01 0.00 7.25 8.46 0.00 2.07 3.34 6.34 8.52 3.45 4.26 0.00 0.00 0.00 2.15 2.65 5.39 5.42 5.11 5.55 5.25 2851551
5.15 3.62 5.07 0.00 5.63 5.49 0.00 5.19 2.20 3.03 3.58 4.03 0.00 7.24 8.45 0.00 2.08 3.35 6.34 8.55 3.46 4.27 0.00 0.00 0.00 2.16 2.65 5.39 5.43 5.11 5.55 5.25 2864641
5.15 3.62 5.08 3.02 5.85 5.50 0.00 5.19 2.20 3.03 3.58 3.99 0.00 7.23 8.46 0.00 2.07 3.34 6.27 8.88 3.38 4.27 0.00 0.00 0.00 2.14 2.66 5.38 5.43 5.09 5.56 5.25 2877731
5.14 3.62 5.08 0.00 0.00 5.50 0.00 5.19 2.19 3.05 3.59 3.83 0.00 7.23 8.45 0.00 2.08 3.37 6.41 8.88 3.37 4.27 0.00 0.00 0.00 2.15 2.64 5.42 5.43 5.10 5.58 5.24 2890821
5.10 3.63 5.08 0.00 5.71 5.47 0.00 5.20 2.22 3.04 3.51 3.93 0.00 7.26 8.44 0.00 2.08 3.49 6.24 8.28 3.39 4.24 0.00 0.00 0.00 2.14 2.67 5.41 5.42 5.13 5.56 5.23 2903911
5.14 3.62 5.08 0.00 5.62 5.54 0.00 5.19 2.25 3.08 3.56 3.85 0.00 7.27 8.45 0.00 2.09 3.36 6.26 8.29 3.39 4.23 0.00 0.00 0.00 2.16 2.66 5.39 5.43 5.10 5.58 5.62 2917001
5.02 3.63 5.09 0.00 5.67 5.54 0.00 5.20 2.26 3.07 3.53 3.84 0.00 7.34 8.46 0.00 2.09 3.38 6.42 8.30 3.38 4.25 0.00 0.00 0.00 2.13 2.66 5.39 5.44 5.08 6.23 5.26 2930091
5.18 3.63 5.10 0.00 6.12 5.42 0.00 5.20 2.14 3.04 3.54 3.91 0.00 7.26 8.45 0.00 2.08 3.44 6.48 8.62 3.39 4.22 0.00 0.00 0.00 2.13 2.67 5.41 5.44 5.07 5.79 5.24 2943181
5.03 3.63 5.08 0.00 5.57 5.45 0.00 5.21 2.15 3.05 3.48 3.80 0.00 7.91 8.47 0.00 2.09 3.34 6.20 8.80 3.47 4.48 0.00 0.00 0.00 2.19 2.66 5.40 5.42 5.11 5.58 5.27 2956271
0.00 3.63 5.08 0.00 5.56 5.43 0.00 5.23 2.36 3.08 3.48 3.86 0.00 7.24 8.45 0.00 2.09 3.38 6.36 8.39 3.33 4.19 0.00 0.00 0.00 2.15 2.67 5.49 5.42 5.13 5.57 5.31 2969361
0.00 3.63 5.09 0.00 5.54 5.46 0.00 5.23 2.19 3.05 3.48 3.85 0.00 7.28 8.47 0.00 2.06 3.36 6.67 8.43 3.36 5.12 0.00 0.00 0.00 2.15 2.64 5.52 5.43 5.69 5.69 5.28 2982451
4.91 3.62 5.08 0.00 5.65 5.39 0.00 5.25 2.26 3.13 3.51 3.97 6.55 7.34 8.48 0.00 2.09 0.00 6.59 8.87 3.51 4.50 0.00 0.00 0.00 2.14 2.64 5.51 5.43 5.10 5.58 5.34 2995541
0.00 3.64 5.07 0.00 5.60 5.49 0.00 5.25 2.22 3.03 3.58 4.15 0.00 7.89 8.52 0.00 2.08 3.65 6.09 8.73 3.35 0.00 0.00 0.00 0.00 2.17 2.65 5.57 5.41 5.15 5.65 5.21 3008631
4.87 3.63 5.06 0.00 6.19 5.44 0.00 5.33 2.32 3.00 3.51 3.85 6.94 7.29 8.52 0.00 2.15 3.28 6.17 8.81 3.45 4.39 9.98 0.00 0.00 2.12 2.65 5.52 5.43 5.06 5.61 5.43 3021721
4.92 3.63 5.08 0.00 5.63 5.44 0.00 5.26 2.26 3.00 3.49 3.85 0.00 7.27 8.49 0.00 2.16 3.37 6.41 0.00 3.31 4.56 0.00 0.00 0.00 2.14 2.63 5.44 5.44 5.08 5.64 0.00 3034811
4.93 3.64 5.08 0.00 5.61 5.39 0.00 5.29 2.21 3.04 3.54 3.76 0.00 7.35 8.42 0.00 2.14 3.28 6.41 8.74 4.12 0.00 9.91 0.00 0.00 2.15 2.75 5.48 5.43 0.00 5.67 5.28 3047901
4.83 3.63 5.07 0.00 6.10 5.43 3.60 5.33 2.19 3.07 3.48 3.96 6.72 7.33 8.39 0.00 2.13 3.29 6.52 8.37 3.42 0.00 0.00 0.00 0.00 2.16 2.65 0.00 5.43 5.07 5.59 5.24 3060991
4.93 3.63 5.09 0.00 5.50 5.38 0.00 5.30 2.26 3.13 3.52 3.87 0.00 7.30 8.32 0.00 2.11 3.23 0.00 0.00 3.49 4.41 0.00 0.00 0.00 2.15 2.71 5.36 5.44 5.10 5.59 5.25 3074081
5.06 3.63 5.08 0.00 5.57 5.40 0.00 5.23 2.32 3.07 3.54 3.92 0.00 7.26 8.30 0.00 2.09 3.27 6.29 0.00 3.72 4.38 0.00 0.00 0.00 2.13 2.65 5.64 5.46 5.70 5.70 5.27 3087171
4.99 3.63 5.06 0.00 5.52 5.40 3.59 5.51 2.19 3.07 3.52 3.81 0.00 7.30 8.32 0.00 2.09 3.91 6.36 8.59 3.41 4.55 0.00 0.00 0.00 2.21 2.64 5.61 5.41 5.01 5.67 0.00 3100261
4.94 3.64 5.08 0.00 5.79 5.45 3.65 5.11 2.35 3.08 3.54 3.78 0.00 7.22 8.31 0.00 2.05 3.29 6.38 8.42 3.48 4.40 0.00 0.00 0.00 2.16 2.69 5.67 5.44 5.11 5.63 5.16 3113351
5.11 3.62 5.10 0.00 6.08 5.44 4.34 5.07 2.36 3.06 3.61 4.12 0.00 7.38 8.30 0.00 2.14 3.21 6.20 8.60 3.36 4.38 0.00 0.00 0.00 2.19 2.64 0.00 5.41 5.04 5.52 5.31 3126441
4.89 3.64 5.08 0.00 5.53 5.80 3.67 5.09 2.35 3.13 3.57 3.95 0.00 7.51 8.77 0.00 2.15 3.37 6.43 8.62 3.37 0.00 0.00 0.00 0.00 2.24 2.69 5.59 5.47 4.96 5.68 5.43 3139531
4.90 3.63 5.04 0.00 5.56 5.53 3.60 5.21 2.35 3.01 3.60 3.90 0.00 7.36 8.28 8.50 2.09 3.40 6.27 8.59 3.62 4.48 0.00 0.00 0.00 2.27 2.62 5.78 5.41 4.98 5.62 5.26 3152621
5.03 3.62 4.81 0.00 5.59 5.64 3.66 4.95 2.34 3.06 3.57 3.86 0.00 7.39 8.30 0.00 2.35 3.19 6.34 8.62 3.30 4.28 0.00 4.94 0.00 2.13 2.68 5.80 5.51 4.90 5.18 6.01 3165711
5.23 3.64 4.72 3.04 5.62 5.62 3.61 5.01 2.31 3.08 3.59 3.95 6.64 7.57 8.25 0.00 2.40 3.99 6.06 8.68 3.36 4.35 0.00 0.00 0.00 2.20 2.62 0.00 5.61 5.00 5.52 5.24 3178801
4.95 3.54 4.90 0.00 5.63 5.60 3.61 5.18 2.38 3.17 3.55 4.03 0.00 7.28 8.39 0.00 2.13 3.26 6.37 8.57 3.36 4.47 0.00 5.69 0.00 2.15 2.65 5.66 5.38 4.97 5.67 0.00 3191891
5.06 3.63 4.40 0.00 5.65 5.66 0.00 4.97 2.31 3.12 4.05 3.98 6.24 7.37 8.31 8.78 2.18 3.47 6.02 8.74 3.43 4.28 0.00 0.00 0.00 2.31 2.67 5.76 5.44 4.98 5.62 5.47 3204981
4.87 3.63 4.44 0.00 5.84 5.65 3.62 4.96 2.32 3.08 3.68 3.96 5.96 7.29 8.27 0.00 2.12 3.41 6.26 8.58 3.31 4.31 0.00 5.34 0.00 2.20 2.61 5.79 5.40 5.01 5.64 5.58 3218071
5.10 3.60 4.74 0.00 5.93 5.69 3.99 5.01 2.67 3.07 3.59 4.30 0.00 7.45 8.25 0.00 2.13 3.04 6.46 8.51 3.28 4.30 0.00 0.00 0.00 2.20 2.59 6.02 4.79 4.77 5.62 5.28 3231161
5.08 3.63 4.48 0.00 5.85 5.75 3.57 4.85 2.40 3.05 3.63 4.09 0.00 6.38 8.66 0.00 2.04 3.08 6.20 8.68 3.49 4.26 0.00 0.00 0.00 2.27 2.62 5.72 5.15 4.83 5.69 5.31 3244251
4.92 3.65 5.17 3.27 5.73 5.87 4.20 5.01 2.31 3.04 3.62 4.06 0.00 5.67 8.46 0.00 2.08 3.10 6.09 8.60 3.46 4.27 0.00 0.00 0.00 2.15 2.67 5.72 4.62 4.78 5.75 5.36 3257341
5.02 3.75 4.49 0.00 5.93 5.83 0.00 4.98 2.43 3.04 3.60 4.14 6.22 7.32 8.13 0.00 2.08 3.56 6.24 8.71 3.36 4.45 0.00 0.00 0.00 2.13 2.69 5.83 4.78 4.78 5.71 5.28 3270431
5.14 3.63 4.33 0.00 5.95 5.90 0.00 5.39 2.42 3.00 3.69 4.06 0.00 7.45 8.37 0.00 2.10 0.00 6.23 8.49 3.41 4.51 9.95 0.00 0.00 2.19 2.64 5.71 4.74 4.75 5.82 5.40 3283521
5.32 3.72 4.24 0.00 5.85 5.96 3.61 4.73 2.39 2.99 3.68 4.11 0.00 5.82 8.28 0.00 2.01 3.53 6.41 8.64 3.38 4.35 0.00 0.00 0.00 2.49 2.74 5.67 4.86 5.06 5.78 5.44 3296611
4.98 3.60 4.33 0.00 6.15 5.97 3.66 5.00 2.36 2.98 3.69 4.13 6.14 7.31 8.23 0.00 2.05 3.14 6.31 8.90 3.39 4.49 0.00 5.20 0.00 2.20 2.74 5.63 4.72 4.76 5.79 5.33 3309701
4.88 3.61 4.11 0.00 5.81 6.05 0.00 4.58 2.38 2.98 3.79 4.05 0.00 7.44 8.16 0.00 2.28 3.26 6.41 8.73 3.44 4.52 0.00 0.00 0.00 2.29 2.65 5.64 4.76 4.79 5.74 5.40 3322791
5.08 3.61 4.09 3.19 5.84 6.06 0.00 4.75 2.38 2.98 3.71 4.05 0.00 7.32 8.09 0.00 2.09 3.24 6.68 8.61 3.44 4.47 0.00 0.00 0.00 2.20 2.80 5.42 4.36 4.81 6.12 5.45 3335881
4.80 3.60 4.23 0.00 5.87 6.10 0.00 4.49 2.47 3.00 3.85 4.08 5.89 7.71 0.00 0.00 2.51 3.24 6.02 8.69 3.39 4.38 0.00 5.09 0.00 2.24 2.79 6.01 4.73 4.94 6.04 5.42 3348971
5.09 3.61 4.26 0.00 6.13 6.04 3.61 4.55 2.37 3.05 3.96 4.07 0.00 7.29 8.17 0.00 2.04 3.26 6.24 8.71 3.54 0.00 0.00 0.00 0.00 2.22 2.74 0.00 4.58 4.60 5.83 5.46 3362061
4.97 3.64 4.31 0.00 5.94 6.11 3.64 4.58 2.40 3.07 3.83 4.21 0.00 7.53 8.13 0.00 2.07 3.21 6.07 8.69 3.67 5.12 0.00 0.00 0.00 2.18 2.66 5.16 4.50 4.92 5.87 5.42 3375151
4.98 3.59 3.93 0.00 6.08 6.12 3.55 4.51 2.36 2.97 3.79 4.11 0.00 7.33 8.12 0.00 2.25 3.08 5.30 8.82 3.39 4.50 0.00 4.29 0.00 2.99 2.71 5.29 4.29 4.65 5.90 5.77 3388241
4.92 3.58 4.12 3.10 5.87 6.15 0.00 4.50 2.43 3.08 3.83 4.71 0.00 7.52 8.06 0.00 2.07 3.06 6.41 8.75 3.45 4.56 0.00 0.00 0.00 2.20 2.74 5.29 3.28 4.45 5.98 5.55 3401331
5.18 3.58 3.80 3.13 6.43 6.23 0.00 4.49 2.44 2.99 3.93 4.19 6.11 7.29 8.18 0.00 2.10 3.38 6.34 8.77 3.46 4.48 0.00 0.00 0.00 2.30 2.76 5.57 4.09 4.63 5.89 5.58 3414421
5.02 3.62 3.92 0.00 5.98 6.26 0.00 5.04 2.38 2.96 3.95 4.19 0.00 7.34 8.13 0.00 2.04 3.09 6.86 8.72 3.74 0.00 0.00 0.00 0.00 2.24 2.72 0.00 4.14 4.55 5.89 5.49 3427511
4.95 3.62 3.81 0.00 6.02 6.22 0.00 4.73 2.44 2.98 3.86 4.24 0.00 7.30 8.25 0.00 2.05 3.12 6.15 8.66 3.50 4.41 0.00 0.00 0.00 2.29 2.71 5.04 3.94 4.72 5.88 5.56 3440601
4.96 3.59 4.49 0.00 5.94 6.16 0.00 4.90 2.47 3.00 3.98 4.13 0.00 7.36 8.01 0.00 2.02 3.18 6.57 8.75 3.52 4.53 9.90 5.15 0.00 2.30 2.73 5.35 3.81 4.49 5.90 5.50 3453691
5.05 3.60 3.80 0.00 5.95 6.09 0.00 4.45 2.53 3.02 3.95 4.60 0.00 7.40 8.17 0.00 2.12 3.32 6.32 8.66 3.59 4.53 0.00 5.08 0.00 2.27 2.72 5.34 4.27 4.50 5.90 5.92 3466781
4.90 3.61 3.93 3.02 6.19 6.20 0.00 4.42 2.38 3.04 3.89 4.21 0.00 7.47 8.06 0.00 2.08 3.09 6.29 8.67 3.67 0.00 0.00 4.82 0.00 0.00 2.73 5.38 3.92 4.42 5.88 5.64 3479871
5.17 3.61 4.48 3.01 5.87 6.20 3.67 4.57 2.43 3.14 3.97 4.23 0.00 7.25 8.19 0.00 2.07 3.16 6.28 8.65 3.57 4.48 0.00 4.48 0.00 2.41 2.73 5.32 3.99 4.09 5.90 5.48 3492961
5.15 3.62 4.04 0.00 6.05 6.18 0.00 4.65 2.43 3.01 3.96 4.28 0.00 7.40 8.09 0.00 2.30 3.17 6.31 8.77 3.55 4.47 0.00 3.84 0.00 0.00 2.70 5.31 4.04 4.15 5.89 5.55 3506051
5.04 3.61 4.05 3.00 5.90 6.19 0.00 4.47 2.40 3.00 3.89 4.23 0.00 7.30 8.10 0.00 2.16 3.50 6.21 8.82 3.52 4.54 0.00 4.53 0.00 2.43 2.74 5.32 4.21 4.02 5.91 5.66 3519141
0.00 3.65 3.78 2.92 0.00 6.18 0.00 4.67 2.41 2.98 3.92 4.30 0.00 7.27 8.11 0.00 2.33 3.29 6.31 8.62 3.53 4.55 0.00 0.00 0.00 0.00 2.73 5.29 3.98 4.34 5.89 5.50 3532231
4.93 3.63 4.01 0.00 0.00 6.22 3.66 4.37 2.37 2.99 3.87 4.26 0.00 7.94 8.09 0.00 0.00 3.10 6.20 8.71 3.51 4.47 0.00 4.99 0.00 0.00 2.73 0.00 3.89 4.19 5.88 5.49 3545321
5.07 3.69 4.36 0.00 6.23 6.16 0.00 4.36 2.46 3.07 3.89 4.26 0.00 7.39 8.11 0.00 2.74 3.15 6.14 8.70 4.09 4.71 0.00 5.10 0.00 0.00 2.72 5.89 3.87 4.04 5.86 0.00 3558411
4.90 3.63 4.03 0.00 5.95 6.22 0.00 4.40 2.41 2.99 3.90 4.26 0.00 7.28 8.11 0.00 2.26 3.09 6.20 8.71 3.77 5.04 0.00 4.94 0.00 2.48 2.71 5.89 3.88 4.39 5.92 5.59 3571501
4.86 3.64 3.67 0.00 5.93 6.13 0.00 4.36 2.55 3.03 3.88 4.26 0.00 7.98 8.09 0.00 2.13 3.25 6.19 8.75 3.47 0.00 0.00 5.56 0.00 0.00 2.72 5.90 3.99 4.48 5.92 0.00 3584591
4.93 3.64 3.66 3.00 5.86 6.18 0.00 4.75 2.41 3.01 3.88 4.26 0.00 7.24 8.03 0.00 2.05 3.28 6.27 8.73 3.53 4.55 0.00 5.57 0.00 0.00 2.72 5.65 3.71 3.86 5.89 5.53 3597681
5.07 3.61 3.67 0.00 5.93 6.27 0.00 4.50 2.41 3.02 3.95 4.20 0.00 7.34 8.00 0.00 2.06 3.24 6.55 8.71 3.61 0.00 0.00 5.18 0.00 2.33 2.72 5.37 3.67 4.31 6.00 5.53 3610771
4.97 3.76 3.67 0.00 5.94 6.39 0.00 4.45 2.43 2.99 3.93 4.28 0.00 7.29 8.00 0.00 2.10 3.30 0.00 8.71 3.49 0.00 0.00 5.08 0.00 2.31 2.72 0.00 3.64 4.35 6.01 5.58 3623861
4.93 3.61 3.72 0.00 5.95 6.23 0.00 4.34 2.40 2.97 3.92 4.32 0.00 7.29 8.20 0.00 2.03 3.18 6.27 8.71 3.49 0.00 0.00 3.86 0.00 2.30 2.72 5.51 3.61 3.83 5.88 5.53 3636951
5.13 3.63 3.66 0.00 5.95 6.15 0.00 4.34 2.46 3.02 3.96 4.21 0.00 7.36 8.09 0.00 2.05 3.21 6.22 8.67 3.54 4.48 0.00 0.00 0.00 2.38 2.71 4.89 3.75 3.80 5.90 5.47 3650041
5.11 3.61 3.66 0.00 5.86 6.78 0.00 4.44 2.46 3.06 3.96 4.36 0.00 7.30 7.99 0.00 2.04 3.14 6.42 8.77 3.50 4.64 0.00 5.12 0.00 0.00 2.71 5.55 3.70 3.88 5.92 5.51 3663131
5.10 3.61 3.81 0.00 6.11 6.26 0.00 4.52 2.57 2.98 4.00 4.26 0.00 7.26 8.06 0.00 2.03 3.20 6.35 8.75 3.45 4.51 0.00 0.00 0.00 0.00 2.72 4.77 3.84 3.97 5.96 5.59 3676221
4.94 3.61 4.20 0.00 5.91 6.19 4.37 4.24 2.44 3.00 3.94 4.22 0.00 7.55 8.06 0.00 2.04 3.26 6.42 8.79 3.59 5.01 0.00 4.95 0.00 2.90 2.72 5.05 3.72 3.94 5.95 6.04 3689311
5.15 3.63 3.68 0.00 6.08 6.24 0.00 4.54 2.42 3.03 3.92 4.28 0.00 7.26 8.06 0.00 2.04 3.24 7.29 8.74 3.69 4.46 0.00 5.64 0.00 2.24 2.73 4.90 3.72 4.20 5.93 5.60 3702401
5.13 3.62 3.73 0.00 5.87 6.22 0.00 5.03 2.47 3.01 4.10 4.31 0.00 7.30 8.27 0.00 2.03 3.17 6.49 8.71 3.47 4.50 0.00 4.83 0.00 0.00 2.73 0.00 3.51 3.81 6.06 5.54 3715491
4.94 3.63 3.97 0.00 5.96 6.23 3.65 4.20 2.45 3.08 4.64 4.28 0.00 7.23 8.06 0.00 2.07 0.00 6.42 8.67 3.51 0.00 0.00 5.27 0.00 0.00 2.71 4.81 3.61 3.78 5.95 6.14 3728581
5.17 3.61 3.77 0.00 6.60 6.22 0.00 4.22 2.52 3.08 4.02 4.24 0.00 7.33 8.20 0.00 0.00 3.24 6.31 8.81 3.65 4.50 0.00 0.00 0.00 2.50 2.74 4.68 3.62 3.77 5.94 5.51 3741671
4.99 3.61 3.75 0.00 6.15 6.25 3.64 4.31 2.42 3.14 4.15 4.31 0.00 7.31 8.07 0.00 2.03 3.30 6.19 8.81 3.48 4.76 0.00 0.00 0.00 2.22 2.72 5.03 3.64 3.75 5.94 5.56 3754761
5.09 3.63 3.71 0.00 5.87 6.32 4.34 4.69 2.56 3.09 4.19 4.27 0.00 7.54 8.10 0.00 2.09 3.33 6.03 8.71 3.56 4.51 0.00 4.79 0.00 2.19 2.73 5.14 3.91 3.71 5.91 5.59 3767851
5.51 3.61 3.83 0.00 6.03 6.26 0.00 4.32 2.41 3.08 4.00 4.31 0.00 7.25 8.01 0.00 2.08 3.16 6.24 8.78 3.51 4.46 0.00 0.00 0.00 2.17 2.82 5.05 3.18 3.88 5.99 0.00 3780941
4.95 3.63 3.67 0.00 6.00 6.25 0.00 4.35 2.45 3.09 4.11 4.32 0.00 7.25 7.99 0.00 2.16 3.32 6.09 8.71 3.52 4.91 0.00 0.00 0.00 2.32 2.78 5.22 3.35 3.82 6.00 5.56 3794031
5.07 3.62 3.63 5.29 6.25 6.35 3.63 4.77 2.44 3.04 4.09 4.45 0.00 7.26 8.01 0.00 2.04 3.41 6.82 0.00 3.73 4.50 0.00 5.09 0.00 2.31 2.74 4.83 3.24 3.67 6.00 5.54 3807121
4.97 3.63 3.75 3.03 6.05 6.31 3.65 4.35 2.53 3.20 4.23 4.46 0.00 7.25 8.00 8.44 2.22 3.05 6.17 8.84 3.63 4.68 0.00 4.97 0.00 2.19 2.72 4.71 3.36 3.94 5.90 5.78 3820211
5.02 3.65 3.55 3.01 5.95 6.38 4.04 4.21 2.50 3.05 4.11 4.53 0.00 7.24 8.05 0.00 2.05 2.87 4.98 8.76 3.64 4.67 0.00 0.00 0.00 2.59 2.75 4.69 3.19 3.67 6.00 5.88 3833301
5.06 3.66 3.75 0.00 6.02 6.36 3.60 4.12 2.53 3.05 4.16 4.48 0.00 7.36 7.93 0.00 2.04 2.93 6.47 8.95 3.60 4.86 0.00 4.77 0.00 2.92 2.76 4.68 3.20 3.68 5.96 5.66 3846391
5.02 3.60 3.58 5.19 5.95 6.38 0.00 4.24 2.45 3.17 4.21 4.74 0.00 7.29 8.01 0.00 2.07 3.17 6.66 8.89 3.64 4.61 0.00 4.62 0.00 2.30 2.73 4.35 3.25 3.77 6.12 5.81 3859481
5.04 3.61 3.59 5.23 6.06 6.37 0.00 4.15 2.48 3.12 4.29 4.56 6.22 7.22 8.19 8.29 2.01 3.17 6.03 8.92 3.73 4.69 0.00 5.00 0.00 2.31 2.73 4.29 3.27 3.71 5.98 5.55 3872571
5.08 4.35 3.68 0.00 0.00 6.49 3.62 4.18 2.63 3.15 4.27 4.69 0.00 7.23 7.93 0.00 2.29 3.07 5.92 8.92 3.64 4.74 0.00 4.61 0.00 2.30 2.78 4.18 3.19 3.72 6.05 5.61 3885661
5.05 3.61 3.70 0.00 6.00 6.45 3.57 4.50 2.44 3.22 4.35 5.28 0.00 7.24 8.18 0.00 2.10 3.15 6.38 0.00 3.68 4.67 0.00 5.29 0.00 2.37 2.72 4.24 3.08 3.72 5.96 5.62 3898751
5.25 3.62 3.59 0.00 6.43 6.49 0.00 4.20 2.52 3.23 4.36 4.88 0.00 8.05 8.06 0.00 2.19 3.20 6.27 8.81 3.60 4.75 0.00 4.82 0.00 2.96 2.71 4.40 3.14 3.70 6.06 5.62 3911841
5.21 3.61 3.68 5.03 6.10 6.52 3.63 4.35 2.34 3.28 4.41 4.68 0.00 7.29 7.93 0.00 2.03 3.09 6.14 8.78 3.67 4.60 0.00 0.00 0.00 2.32 2.71 3.94 3.09 3.78 6.00 5.68 3924931
5.01 3.63 3.71 3.11 6.15 6.66 3.64 5.04 2.27 3.38 4.53 4.83 0.00 7.31 7.99 0.00 2.13 3.14 6.41 8.77 3.79 4.68 0.00 5.12 0.00 2.45 2.77 3.88 3.04 4.02 6.12 5.88 3938021
5.06 3.61 3.70 0.00 6.54 6.58 3.62 4.30 2.16 3.40 4.43 4.73 6.33 7.24 7.90 0.00 2.02 3.22 6.10 9.03 3.85 0.00 0.00 3.80 0.00 2.87 2.74 3.85 3.03 3.70 5.98 5.65 3951111
5.13 3.60 3.60 0.00 6.20 6.61 0.00 4.19 2.14 3.32 4.62 4.80 0.00 7.27 7.87 0.00 2.04 3.20 6.02 0.00 3.69 0.00 0.00 4.97 0.00 2.35 2.76 0.00 3.13 3.74 5.91 5.60 3964201
5.42 3.62 3.66 0.00 0.00 6.57 0.00 4.26 2.20 3.60 4.56 4.72 0.00 7.40 7.91 0.00 2.01 3.07 6.15 8.89 3.89 4.87 0.00 0.00 0.00 2.24 2.70 3.85 3.08 3.66 5.97 5.89 3977291
5.16 3.63 3.90 5.29 6.44 6.53 0.00 4.22 2.19 3.40 4.58 4.75 0.00 7.32 7.99 0.00 2.05 3.20 6.27 0.00 3.68 4.67 0.00 4.45 0.00 2.29 2.71 4.18 3.08 3.77 6.08 5.72 3990381
5.19 3.53 3.68 0.00 6.10 6.65 0.00 4.19 2.22 3.47 4.59 4.74 0.00 7.28 7.93 8.28 2.20 3.83 6.37 8.87 3.75 4.66 0.00 5.15 0.00 2.25 2.78 0.00 3.06 3.69 6.03 6.45 4003471
5.18 3.63 3.58 0.00 6.27 6.63 0.00 4.60 2.14 3.31 4.68 4.75 0.00 7.22 7.87 8.24 2.15 3.09 6.78 8.83 3.73 4.75 0.00 4.74 0.00 2.30 2.73 3.91 3.17 3.70 6.12 5.73 4016561
5.24 3.61 3.94 0.00 6.05 6.60 0.00 4.20 2.18 3.44 4.61 4.71 0.00 7.24 7.89 8.24 2.68 3.11 6.36 8.77 3.68 4.60 0.00 0.00 0.00 2.89 2.69 4.04 3.08 3.70 5.97 5.67 4029651
5.27 3.65 3.65 0.00 7.15 6.63 3.66 4.08 2.17 3.39 4.59 4.79 6.04 7.28 7.88 8.74 2.61 3.04 6.09 8.84 3.74 4.80 0.00 5.19 0.00 2.26 2.66 4.36 3.02 3.75 6.00 5.64 4042741
5.08 3.62 3.58 0.00 6.26 6.79 0.00 4.22 2.17 3.60 4.71 4.92 0.00 7.37 7.97 0.00 2.17 3.21 6.44 9.04 3.76 4.66 0.00 4.62 0.00 2.41 2.69 3.93 3.04 3.66 5.94 5.60 4055831
5.24 3.61 3.56 0.00 6.29 6.62 3.66 4.09 2.37 3.48 4.76 5.06 0.00 0.00 0.00 8.20 2.19 2.90 7.01 8.79 3.66 4.69 0.00 5.52 0.00 2.40 2.66 3.81 2.98 3.70 5.98 5.79 4068921
5.53 3.61 3.66 4.98 6.24 6.71 3.63 4.11 2.17 3.52 4.70 4.88 0.00 7.25 7.84 0.00 2.10 3.06 5.47 9.09 3.74 4.73 0.00 0.00 0.00 2.96 2.75 4.20 2.95 3.75 6.01 6.05 4082011
5.17 3.60 3.58 4.94 6.48 6.70 0.00 4.24 2.20 3.59 4.70 5.03 0.00 7.21 8.27 8.49 2.05 3.11 6.35 8.76 3.82 4.80 0.00 5.24 0.00 2.35 2.80 3.75 2.95 3.80 5.97 5.67 4095101
5.71 3.61 3.72 0.00 6.25 6.68 0.00 4.08 2.10 3.61 4.70 5.16 0.00 7.28 8.02 0.00 2.05 3.01 6.26 8.67 3.79 4.79 0.00 4.44 0.00 0.00 2.67 3.88 3.42 3.74 5.95 5.63 4108191
5.59 3.67 3.70 0.00 6.19 6.72 0.00 4.07 2.27 3.64 4.76 4.99 6.13 7.19 7.81 0.00 2.10 3.02 6.28 8.90 3.78 4.86 0.00 4.77 0.00 0.00 2.71 3.82 3.04 3.74 5.96 5.61 4121281
5.12 3.69 3.52 0.00 6.31 6.66 3.64 4.35 2.25 3.65 4.73 4.93 0.00 7.29 7.82 0.00 2.11 3.23 6.18 9.44 3.77 4.76 0.00 4.73 0.00 0.00 2.82 3.53 3.07 3.73 5.93 5.68 4134371
5.42 3.62 3.63 5.19 6.37 6.72 0.00 4.07 2.20 3.67 5.07 4.93 6.30 7.63 7.80 8.36 2.09 3.21 6.23 9.39 4.01 4.66 0.00 4.84 0.00 2.50 2.74 3.80 3.08 3.76 6.00 5.72 4147461
5.13 3.62 3.61 0.00 6.18 6.73 0.00 4.14 2.19 3.73 4.79 4.95 0.00 7.15 7.81 8.45 2.12 3.15 6.30 0.00 3.80 4.74 0.00 4.42 0.00 2.23 2.69 3.87 3.05 3.70 6.02 5.58 4160551
5.43 3.62 3.74 0.00 6.74 6.88 4.02 4.00 2.12 2.30 4.88 5.06 0.00 7.13 7.82 0.00 2.02 2.97 6.05 9.05 3.77 4.84 0.00 4.67 0.00 2.39 2.73 3.12 3.02 3.82 5.98 5.64 4173641
5.21 3.60 3.56 5.15 6.35 6.78 0.00 4.00 2.13 3.02 4.05 5.07 0.00 7.24 8.32 8.12 2.05 3.11 6.05 8.84 3.88 5.40 0.00 4.35 0.00 2.28 2.86 3.52 3.14 3.72 5.97 5.55 4186731
5.21 3.66 3.58 0.00 6.35 6.78 0.00 4.03 2.25 3.86 4.98 5.04 0.00 7.25 7.78 8.14 2.07 3.02 6.49 8.88 3.80 4.83 0.00 0.00 0.00 2.34 2.69 3.01 3.09 3.68 5.92 5.77 4199821
5.23 3.64 3.46 0.00 6.31 6.79 3.64 3.99 2.39 4.02 5.11 5.07 0.00 7.16 7.87 8.04 2.02 3.06 6.21 0.00 3.88 4.79 0.00 0.00 0.00 2.49 2.73 3.16 3.08 3.76 5.99 6.03 4212911
5.18 3.73 3.45 0.00 6.62 6.86 3.64 3.95 2.28 4.05 4.99 5.17 0.00 7.84 8.34 7.94 2.49 3.13 5.88 9.61 3.62 4.71 9.94 5.05 0.00 2.18 2.73 3.16 3.04 3.77 6.01 5.58 4226001
6.11 3.63 3.46 0.00 6.47 7.00 0.00 4.10 2.25 3.97 4.91 5.03 0.00 6.25 7.94 7.80 2.04 3.20 6.29 8.81 3.98 4.77 0.00 4.40 0.00 2.27 2.69 2.96 3.03 3.74 5.27 5.73 4239091
5.53 3.61 3.50 0.00 6.69 6.95 0.00 4.10 2.26 4.08 5.08 5.13 0.00 7.11 7.77 7.86 2.26 3.34 5.92 8.97 4.01 4.80 0.00 5.30 0.00 2.20 2.84 2.88 3.01 3.86 5.92 0.00 4252181
5.17 3.63 3.52 4.86 6.46 6.92 4.38 3.96 2.26 3.82 5.02 0.00 5.98 7.13 7.74 0.00 2.73 3.24 6.34 0.00 3.94 4.98 0.00 5.16 0.00 2.18 2.78 2.87 3.13 3.73 5.97 5.67 4265271
5.45 3.62 3.48 0.00 6.89 6.92 3.64 4.01 2.44 4.25 4.98 5.14 6.22 6.94 7.98 8.06 2.18 3.27 6.23 8.79 3.86 4.86 0.00 4.49 0.00 2.19 2.71 2.90 3.14 3.77 5.21 5.53 4278361
5.24 3.67 3.55 0.00 6.58 7.14 3.52 4.21 2.45 4.27 5.01 5.12 6.34 7.17 7.95 8.19 2.12 3.27 6.11 8.94 2.42 4.82 0.00 4.76 0.00 2.24 2.69 2.70 2.97 3.80 5.87 5.57 4291451
5.46 3.61 3.57 5.16 6.62 6.99 3.66 4.03 2.59 4.20 5.06 5.21 6.57 6.96 7.79 8.12 2.12 3.03 6.19 0.00 3.90 5.07 0.00 4.12 0.00 2.57 2.76 2.75 3.04 3.79 5.14 5.74 4304541
5.48 3.66 3.61 5.12 6.81 7.14 0.00 4.13 2.68 4.30 4.99 5.19 6.40 6.00 7.97 7.81 2.08 3.23 6.31 8.95 4.32 4.86 3.66 5.16 0.00 2.77 2.81 2.94 3.10 3.70 5.92 5.57 4317631
5.32 3.62 3.56 0.00 6.94 7.03 0.00 4.07 2.66 3.93 5.00 5.22 6.22 6.98 7.87 7.75 2.08 3.14 6.04 8.78 3.99 4.96 0.00 0.00 0.00 2.22 2.71 3.23 3.14 3.67 5.83 5.64 4330721
5.35 3.63 3.55 3.64 6.86 7.19 3.65 4.05 2.69 4.34 5.01 5.27 6.23 6.79 7.71 7.72 2.07 2.97 5.94 8.96 4.10 4.87 0.00 0.00 0.00 2.19 2.79 3.07 3.04 3.67 5.99 5.71 4343811
5.30 3.63 3.49 0.00 6.92 7.35 0.00 4.16 2.94 4.43 5.02 5.26 6.48 6.67 7.73 7.71 2.10 3.04 6.20 8.79 4.07 4.99 2.68 4.40 0.00 2.17 2.80 2.59 2.99 3.78 5.93 5.61 4356901
5.67 3.65 3.43 4.94 6.78 7.24 0.00 4.25 3.06 4.39 4.32 5.40 6.38 6.05 7.87 7.57 2.11 3.19 6.30 8.78 3.52 4.89 0.00 2.99 0.00 2.23 2.86 2.54 2.89 3.73 5.88 5.56 4369991
5.53 3.60 3.40 0.00 6.91 7.27 3.81 4.11 2.99 4.26 4.99 5.33 5.86 7.77 7.76 7.79 2.04 3.10 5.80 8.77 4.24 4.91 0.00 4.14 0.00 2.28 2.80 2.83 2.97 3.81 6.39 0.00 4383081
5.41 3.61 3.40 0.00 6.98 7.32 3.98 4.02 3.07 3.52 5.07 5.30 5.80 5.41 7.64 7.57 2.05 3.01 6.25 8.76 4.38 5.16 0.00 4.62 0.00 2.35 2.72 2.70 2.91 3.75 5.92 5.74 4396171
5.35 3.60 3.50 3.50 7.00 7.31 4.21 4.17 3.10 4.45 4.93 5.37 5.65 6.79 7.93 7.83 2.11 3.13 6.15 8.83 4.20 0.00 0.00 4.53 0.00 2.23 2.73 2.63 2.97 3.83 5.90 5.55 4409261
5.49 3.64 3.56 2.81 7.08 7.31 4.32 4.11 3.18 4.42 4.91 5.37 6.23 6.28 7.37 7.42 2.12 2.99 6.18 8.74 4.11 5.15 3.60 4.71 0.00 2.19 2.78 2.62 2.95 3.74 5.83 5.50 4422351
5.78 3.66 3.47 3.02 6.79 7.35 3.75 3.94 3.23 4.62 4.94 5.38 5.68 5.10 7.73 7.17 2.06 3.06 5.04 8.91 4.21 5.34 0.00 4.17 0.00 2.21 2.76 3.06 2.88 3.79 5.91 5.81 4435441
5.90 3.68 3.49 0.00 6.94 7.34 3.67 4.02 3.25 4.50 4.89 5.37 5.55 6.06 7.22 7.13 2.09 3.03 4.63 0.00 4.11 5.56 0.00 4.66 0.00 2.24 2.97 2.57 2.84 3.85 5.75 0.00 4448531
5.68 3.61 3.47 4.92 7.10 7.33 3.68 3.88 2.84 3.16 4.44 5.48 5.38 5.81 7.11 7.10 2.09 3.13 6.17 9.34 4.25 4.98 0.00 4.56 0.00 2.17 2.70 2.61 2.87 3.92 4.60 5.39 4461621
5.52 3.53 3.46 5.01 7.08 7.61 3.76 4.12 3.31 3.45 4.63 5.41 4.34 5.68 6.92 6.89 2.07 2.93 5.63 8.99 4.29 4.95 3.41 0.00 0.00 2.21 2.78 2.86 2.84 3.83 4.72 3.91 4474711
5.53 3.60 3.44 5.08 7.41 7.51 3.53 4.04 3.61 4.07 4.92 5.37 5.00 6.06 6.68 6.59 2.11 2.85 5.82 8.83 4.26 4.96 3.91 4.37 0.00 2.36 2.73 2.53 2.99 3.88 5.61 5.29 4487801
5.60 3.63 3.53 0.00 7.45 7.66 3.48 3.98 3.63 4.33 4.54 5.32 4.64 2.67 6.80 6.66 2.14 2.89 5.86 8.85 3.41 0.00 6.29 4.42 0.00 2.24 2.87 2.49 3.06 3.86 5.77 5.40 4500891
5.65 3.56 3.48 0.00 7.66 7.67 3.61 3.86 4.01 3.04 4.49 5.31 4.90 4.94 6.29 6.37 2.11 3.23 6.40 0.00 4.08 5.15 2.92 2.17 0.00 2.22 2.48 2.46 3.02 3.90 5.47 5.30 4513981
5.57 3.61 3.60 0.00 7.48 7.71 3.74 3.94 4.02 3.33 4.58 5.22 4.68 5.78 6.13 6.22 2.17 3.20 6.51 8.82 3.79 5.15 2.65 2.78 0.00 2.38 2.75 2.42 2.94 4.04 5.66 2.57 4527071
5.74 4.19 3.55 4.53 7.49 7.71 3.62 3.91 4.15 4.08 4.56 5.13 4.74 5.00 6.12 6.23 2.10 2.95 6.22 8.80 4.01 5.33 4.63 2.67 0.00 2.29 2.87 2.49 2.93 4.06 4.03 5.31 4540161
5.77 3.64 3.52 3.91 7.69 7.92 3.85 3.80 4.05 4.73 4.54 5.09 4.61 4.72 5.90 5.99 2.15 3.17 6.58 8.83 4.39 5.08 4.38 4.17 0.00 2.23 2.86 2.56 3.19 3.96 4.28 5.18 4553251
5.74 3.65 3.60 5.32 7.63 7.93 3.58 3.83 4.05 4.21 4.39 4.57 4.45 3.04 5.97 5.91 2.05 3.00 5.77 8.71 4.55 0.00 5.61 4.58 0.00 2.34 2.80 2.82 3.09 4.04 3.56 5.65 4566341
5.75 3.58 3.63 5.09 7.20 5.90 3.56 3.96 4.22 3.26 4.24 4.77 4.44 3.98 5.87 5.89 2.18 3.10 5.93 8.80 4.24 0.00 0.00 3.92 0.00 2.31 2.77 2.52 3.10 4.00 4.82 5.28 4579431
5.80 3.58 3.63 0.00 7.90 4.95 4.05 3.82 3.66 3.86 4.33 4.47 4.33 2.23 5.63 5.98 2.28 2.96 6.15 8.70 4.72 0.00 0.00 4.11 0.00 2.19 2.76 2.64 3.00 4.06 2.91 4.75 4592521
5.95 3.57 3.62 3.79 8.19 8.05 4.07 3.80 4.37 4.36 4.24 4.22 4.30 3.80 5.86 6.02 2.18 3.07 5.89 8.95 3.58 5.83 0.00 4.74 0.00 2.21 2.84 2.64 2.57 4.10 4.12 5.10 4605611
5.57 3.62 3.66 3.18 7.70 8.29 3.63 4.01 4.19 2.60 4.35 3.82 4.76 4.68 6.18 6.37 2.21 3.01 6.20 8.94 4.92 0.00 3.30 3.82 0.00 2.34 2.85 2.50 3.12 3.32 4.26 5.35 4618701
6.04 3.52 3.72 2.74 7.71 8.19 3.77 3.80 4.66 4.85 4.25 3.67 3.98 3.42 5.38 6.05 2.08 2.93 5.92 8.94 5.04 5.31 2.90 0.00 0.00 2.47 2.91 2.53 3.02 2.55 3.08 5.25 4631791
6.06 3.52 3.73 3.12 7.68 8.36 3.66 3.92 4.61 3.04 4.54 3.67 4.39 4.07 5.74 6.11 2.04 3.07 3.62 0.00 5.04 5.51 3.53 2.66 0.00 2.25 2.83 2.42 3.20 3.83 4.79 5.14 4644881
0.00 3.55 3.70 2.93 8.03 8.27 3.67 3.83 3.14 3.77 4.29 3.70 4.34 3.69 5.82 6.18 2.07 3.01 4.10 8.83 4.97 5.39 2.16 4.34 0.00 2.23 2.86 2.54 3.09 4.15 4.49 4.99 4657971
6.12 3.63 3.62 3.32 7.98 8.35 3.30 3.83 4.82 3.87 3.84 3.67 4.30 3.20 4.70 6.09 2.12 2.87 6.12 8.88 4.52 5.71 5.94 4.54 0.00 2.25 2.80 2.54 3.12 4.15 4.89 4.97 4671061
0.00 3.54 3.60 2.78 5.83 8.23 3.70 3.79 4.80 2.86 4.27 3.92 0.00 4.15 5.90 6.31 2.06 3.04 6.35 9.01 4.70 5.76 3.52 5.05 0.00 2.20 2.94 2.41 3.18 4.28 5.06 4.97 4684151
0.00 3.61 3.63 2.80 8.05 8.34 3.53 3.63 4.69 4.13 4.15 3.72 4.14 2.77 6.07 6.22 2.38 3.04 3.67 8.67 4.49 5.47 3.76 3.85 0.00 2.23 2.86 2.62 3.39 4.21 3.40 4.92 4697241
5.89 3.58 3.66 3.14 8.04 8.34 3.57 3.84 4.73 3.70 3.96 3.71 4.31 4.73 5.85 5.07 2.12 2.95 6.15 8.79 4.89 0.00 0.00 4.14 0.00 2.23 2.85 2.56 3.15 4.32 3.36 5.22 4710331
0.00 3.44 3.62 2.98 7.59 6.48 3.55 4.09 4.86 3.35 3.90 3.65 4.35 5.06 6.18 6.20 2.12 3.04 5.92 9.33 4.85 5.92 2.35 4.39 0.00 0.00 2.91 2.51 3.28 4.30 3.24 5.42 4723421
5.48 3.55 3.64 3.63 8.07 8.34 2.57 3.73 2.71 3.60 3.87 3.77 4.08 3.11 5.95 6.19 2.19 3.25 5.88 8.76 4.04 5.46 2.74 4.68 0.00 2.36 2.97 2.55 3.23 4.19 4.10 4.77 4736511
0.00 3.61 3.73 2.79 7.88 8.35 3.66 3.95 3.24 2.54 3.84 3.81 4.11 5.13 6.22 4.22 2.12 2.85 6.40 8.78 5.10 0.00 3.47 4.44 0.00 2.18 3.00 2.53 2.94 4.30 4.77 4.97 4749601
0.00 3.44 3.71 2.40 6.96 7.00 3.67 4.02 2.84 2.34 3.85 3.75 4.33 5.22 6.21 6.21 2.13 2.87 5.91 8.73 3.01 5.63 4.01 4.74 0.00 2.31 2.97 2.63 3.24 4.27 3.52 4.20 4762691
5.70 3.02 3.75 2.83 7.80 8.33 2.98 3.57 5.01 3.08 3.75 3.78 4.11 5.12 6.32 6.56 2.29 2.82 6.26 8.86 4.16 5.43 2.77 4.81 0.00 2.31 2.96 2.48 3.09 4.36 3.23 3.96 4775781
0.00 3.53 3.81 2.78 8.55 5.85 3.52 3.82 5.01 3.09 3.81 3.91 4.11 2.61 6.31 6.30 2.13 2.99 4.76 8.76 3.59 0.00 2.95 3.90 0.00 2.23 2.94 2.51 3.36 4.29 3.84 4.07 4788871
5.60 3.33 3.87 2.59 7.91 5.75 2.40 3.66 3.36 2.93 3.48 3.95 3.17 4.34 6.55 6.41 2.12 2.86 6.15 8.90 3.04 5.76 5.08 4.10 0.00 2.24 2.92 2.28 3.03 4.00 3.61 4.04 4801961
5.71 3.49 3.99 2.60 8.35 7.25 3.20 3.89 4.84 3.05 3.90 4.07 4.10 5.47 7.04 6.48 2.28 3.01 5.17 8.79 2.77 5.62 2.85 4.52 0.00 2.28 2.72 2.39 3.28 4.30 3.61 3.38 4815051
0.00 3.39 3.72 2.56 7.74 2.95 3.24 3.00 2.51 2.97 3.90 3.56 4.46 4.64 6.67 6.53 2.09 2.94 2.59 8.86 2.56 6.25 3.32 4.58 0.00 2.22 3.02 2.41 3.29 4.35 3.23 3.32 4828141
5.48 3.55 4.13 2.30 5.19 3.96 2.86 3.70 2.27 2.44 3.92 4.15 4.46 4.76 6.68 6.69 2.09 2.95 2.51 8.74 3.43 0.00 4.35 2.73 0.00 2.27 2.93 2.64 2.46 4.42 2.92 3.07 4841231
6.19 3.24 4.08 2.59 4.80 4.73 2.79 2.49 4.35 2.07 3.08 4.22 2.87 2.81 6.86 5.36 2.14 2.65 5.07 8.77 2.63 0.00 2.34 5.33 0.00 2.42 2.73 2.53 3.32 4.48 3.72 3.05 4854321
3.07 3.34 4.02 2.54 6.44 2.97 2.94 3.42 3.63 2.32 3.48 4.42 2.73 2.64 6.82 6.85 2.11 2.95 4.73 9.04 4.29 0.00 3.59 3.76 0.00 2.43 3.01 2.52 3.42 4.46 2.84 2.85 4867411
0.00 2.38 4.16 2.60 3.53 4.41 2.47 2.52 2.42 2.41 2.95 3.64 2.52 3.03 4.11 5.83 2.14 3.05 2.34 3.33 2.32 5.98 2.75 2.69 0.00 2.26 2.40 2.25 3.35 2.99 2.35 2.90 4880501
3.12 3.06 4.65 2.38 3.17 2.81 2.35 2.84 2.86 2.98 2.92 3.04 3.06 2.95 2.92 5.35 2.20 2.80 3.38 2.65 2.56 3.03 2.53 3.06 0.00 2.23 2.98 2.55 2.21 2.55 2.71 3.10 4893591
2.59 2.82 3.17 2.29 3.29 2.44 2.11 2.23 2.98 2.39 2.30 3.44 3.44 2.80 7.02 2.66 2.24 3.13 2.87 2.85 2.39 6.16 3.07 2.71 0.00 2.49 2.70 2.39 2.73 3.72 2.48 2.99 4906681
2.74 3.00 2.68 2.61 3.08 2.43 2.88 2.54 2.43 2.37 2.53 2.31 2.38 2.32 2.95 2.06 2.24 2.79 2.88 3.49 2.62 2.45 2.22 2.87 0.00 2.61 2.62 2.58 3.45 3.00 3.08 2.92 4919771
3.03 2.72 3.03 2.43 2.75 2.35 3.36 2.23 2.59 2.53 2.22 2.93 2.44 2.29 2.60 3.15 2.23 2.72 3.15 2.33 2.52 2.68 3.33 0.00 0.00 2.75 2.39 2.40 2.42 2.80 2.63 3.12 4932861
3.15 2.12 2.15 2.59 2.80 3.79 2.25 2.19 2.59 2.60 2.39 2.40 2.70 2.18 3.16 2.35 2.24 2.83 2.46 2.25 2.62 2.90 2.73 2.45 0.00 2.30 2.75 2.96 2.70 2.46 2.75 2.89 4945951
2.63 2.19 2.30 2.81 2.45 2.20 3.02 2.57 2.39 2.29 2.49 2.80 2.38 3.51 2.19 2.37 2.12 2.24 2.75 2.45 2.68 2.39 2.31 0.00 0.00 2.86 2.42 2.89 2.29 2.73 2.49 2.20 4959041
2.34 2.51 2.16 2.48 2.63 2.65 2.33 2.44 2.35 2.16 2.34 2.53 2.44 3.16 3.45 2.39 2.16 2.60 2.44 3.15 2.54 0.00 2.51 2.33 0.00 3.17 2.59 2.29 2.52 2.48 2.35 2.90 4972131
2.42 2.49 2.41 2.73 2.68 2.73 2.32 2.70 2.59 2.29 2.71 2.41 2.29 3.29 2.14 2.07 2.12 2.66 3.58 2.79 2.49 2.71 2.34 2.38 0.00 2.77 2.48 2.51 3.03 3.28 2.36 2.58 4985221
2.40 2.27 2.38 2.41 2.46 2.48 2.20 2.39 2.50 2.42 2.94 2.37 2.95 2.39 2.23 2.79 2.16 2.37 2.76 2.28 2.65 0.00 2.38 2.43 0.00 2.11 2.41 2.82 2.99 2.38 2.81 2.41 4998311
3.06 2.13 2.13 2.59 2.51 2.59 2.30 2.44 2.37 2.62 2.37 2.42 2.44 2.47 2.57 2.36 2.49 2.15 2.24 2.32 2.29 2.05 2.54 2.19 0.00 2.60 2.20 0.00 2.15 2.51 3.10 2.63 5011401
2.25 2.59 2.17 2.34 2.57 2.22 2.60 2.38 2.46 2.36 2.63 2.04 2.23 2.46 3.43 2.57 2.14 2.15 2.23 2.47 2.29 2.19 2.26 0.00 0.00 2.48 2.06 2.93 2.37 2.76 3.20 2.36 5024491
0.00 2.22 2.98 2.26 2.67 2.36 2.37 2.72 2.18 2.45 2.31 2.29 2.31 2.24 2.29 2.59 2.42 2.31 2.81 2.46 2.79 2.51 2.58 2.21 0.00 2.42 2.34 2.24 2.44 2.47 2.52 2.75 5037581
2.25 2.97 2.30 2.38 3.18 2.34 3.25 2.45 2.30 2.54 2.26 2.56 2.20 2.32 2.25 2.72 2.12 2.84 2.24 2.39 2.34 0.00 2.19 2.05 0.00 2.28 2.20 2.26 2.79 2.60 2.27 2.40 5050671
2.62 2.15 2.45 2.48 2.11 2.63 2.39 2.17 2.27 2.33 2.50 2.71 2.64 2.54 2.16 2.19 2.15 2.22 2.42 3.38 2.42 2.39 2.16 2.32 0.00 2.60 2.34 2.29 2.26 2.40 2.41 3.00 5063761
0.00 2.62 2.53 2.46 2.67 2.55 2.31 2.69 2.54 2.98 2.11 3.37 2.80 3.07 2.19 2.30 2.10 2.93 2.63 2.23 2.65 2.18 2.29 2.53 0.00 2.30 2.59 2.23 2.32 2.21 2.35 2.41 5076851
2.39 2.32 2.23 2.59 2.33 2.38 2.34 2.18 2.62 2.76 2.86 2.59 2.44 2.54 2.08 2.61 2.12 3.45 2.63 2.67 2.72 2.62 2.39 2.39 0.00 2.76 2.88 2.22 2.36 2.31 2.37 3.66 5089941
2.21 2.57 2.56 2.27 2.31 2.30 2.41 2.43 2.45 2.50 2.17 2.43 2.52 2.68 2.35 2.91 2.43 2.50 2.73 2.69 2.92 2.22 2.78 2.35 0.00 2.48 2.53 2.27 2.18 3.58 3.09 2.38 5103031
0.00 2.13 2.40 2.19 2.48 2.40 2.43 2.37 2.44 2.80 2.33 2.25 2.08 2.12 2.22 2.13 2.26 2.44 2.43 2.07 2.54 2.14 2.33 2.23 0.00 2.88 2.95 2.75 3.00 2.72 2.26 2.20 5116121
2.12 2.49 2.24 2.72 2.62 2.69 2.25 2.36 2.39 3.08 2.77 2.39 2.48 2.44 4.40 2.18 2.12 3.10 2.42 2.40 2.46 3.27 2.30 2.09 0.00 2.68 2.39 2.45 3.41 2.69 3.04 2.34 5129211
2.32 2.80 2.88 2.68 2.58 2.45 3.06 2.38 2.20 2.44 2.29 4.07 2.77 2.30 2.20 2.43 2.18 2.47 2.31 2.18 2.39 0.00 2.52 2.17 0.00 2.41 2.60 2.10 2.89 2.48 2.36 2.40 5142301
2.45 2.56 3.14 2.15 2.32 2.61 3.04 2.37 2.44 2.29 3.13 2.30 3.42 2.47 2.97 2.31 2.80 2.38 2.59 2.08 2.82 2.48 2.35 2.50 0.00 2.60 2.70 2.85 2.66 2.53 2.76 2.68 5155391
3.05 2.94 3.49 2.45 2.22 2.45 2.13 2.17 2.28 2.66 2.58 3.60 2.56 2.28 4.69 2.27 2.27 2.35 2.63 2.59 2.28 2.57 2.42 2.18 0.00 2.97 3.04 2.70 2.40 2.37 2.53 2.09 5168481
3.46 2.39 2.16 2.72 3.98 3.33 2.38 2.08 3.00 2.44 2.55 2.68 2.54 2.73 2.82 2.49 2.13 3.12 2.59 2.55 2.56 2.55 2.46 2.99 0.00 2.88 2.59 2.37 2.24 2.56 2.85 3.59 5181571
2.18 2.47 3.07 2.48 2.22 2.61 2.25 2.60 2.70 2.46 2.62 4.22 2.37 2.99 2.91 4.35 2.68 2.69 2.32 2.87 2.84 2.34 3.42 2.64 0.00 2.41 2.47 3.80 2.53 3.20 2.64 2.24 5194661
2.45 3.07 2.34 2.54 3.35 2.71 2.86 3.86 2.60 2.20 2.34 3.88 2.56 2.15 3.83 2.80 2.08 2.67 2.44 2.17 2.81 0.00 2.30 2.14 0.00 2.72 2.42 3.83 2.11 2.90 3.13 2.45 5207751
3.83 2.13 3.95 2.52 3.95 2.86 2.68 2.78 2.48 2.45 2.48 2.47 3.39 2.36 6.42 3.25 2.20 2.63 2.16 2.53 2.30 5.05 2.69 2.48 0.00 2.36 2.36 4.69 2.80 4.67 2.47 2.64 5220841
2.60 2.71 3.07 2.50 4.23 3.04 2.92 4.03 3.04 2.33 4.51 4.45 2.55 2.61 4.17 2.70 2.06 2.75 2.51 3.58 2.41 0.00 2.41 2.46 0.00 2.74 2.63 3.97 2.67 2.69 2.77 3.13 5233931
4.04 2.71 2.86 2.40 2.86 3.76 2.86 3.85 3.67 2.55 3.59 0.00 2.56 2.83 6.65 2.40 2.17 2.30 3.00 2.59 2.43 4.91 2.40 2.37 0.00 3.32 2.26 2.32 2.34 2.38 3.70 3.90 5247021
4.68 2.70 4.31 2.38 4.94 2.69 2.75 2.28 3.23 2.33 4.26 2.33 4.41 2.61 5.34 3.52 2.15 2.59 2.95 3.31 2.70 0.00 2.26 3.10 0.00 2.81 2.93 4.42 3.01 3.72 2.77 4.39 5260111
4.56 2.51 5.01 2.55 2.56 3.26 3.79 2.92 2.44 2.32 3.08 6.53 3.79 3.68 4.99 3.44 2.22 2.92 3.41 8.81 2.34 4.92 2.50 3.00 0.00 2.77 2.26 2.35 2.67 2.65 2.47 2.23 5273201
4.64 3.25 4.54 2.85 5.02 4.86 3.07 2.53 2.93 2.74 4.34 6.31 4.33 2.35 6.70 4.09 2.12 3.11 2.98 4.48 2.57 0.00 3.57 2.84 0.00 2.84 3.00 2.37 4.06 4.03 2.96 3.75 5286291
4.40 3.29 2.89 2.28 4.98 2.44 3.19 4.00 3.90 2.17 3.06 6.39 4.39 4.04 6.74 6.20 2.12 3.35 6.55 8.72 3.37 4.96 4.17 2.96 0.00 2.42 3.24 3.52 2.77 4.01 3.16 2.78 5299381
4.44 3.42 5.13 2.64 2.66 4.53 3.48 4.67 2.70 2.73 5.80 4.33 4.48 5.85 6.68 6.43 2.17 2.84 4.15 8.76 2.89 0.00 3.24 3.36 0.00 2.90 2.97 4.34 3.86 4.69 3.54 4.08 5312471
4.45 3.46 4.94 3.04 4.95 4.07 3.21 4.59 5.10 2.33 5.81 6.36 4.67 2.89 5.62 4.97 2.06 2.81 2.61 8.86 3.27 2.63 2.65 3.51 0.00 3.22 3.26 5.36 5.02 5.47 3.59 4.44 5325561
4.70 3.41 5.51 2.31 4.98 3.00 3.88 3.16 2.31 2.57 4.60 6.35 4.29 2.66 6.60 6.44 2.31 3.05 5.35 8.76 2.38 4.73 2.15 2.85 0.00 2.96 3.07 5.11 3.94 3.89 3.69 4.52 5338651
4.89 3.45 4.80 2.58 4.93 5.04 3.55 2.98 2.76 2.83 5.24 6.39 4.22 3.16 6.65 5.71 2.10 2.99 4.74 8.76 3.24 5.22 2.20 4.51 0.00 2.86 3.37 4.88 2.40 5.58 3.03 4.34 5351741
4.59 3.60 5.17 2.35 4.93 4.62 3.62 4.69 2.22 3.28 5.84 6.36 4.40 2.43 6.87 6.38 2.15 3.37 6.30 8.81 2.70 4.92 4.82 3.83 0.00 2.93 3.26 0.00 4.43 4.53 4.46 4.33 5364831
4.84 3.62 5.07 2.50 4.97 5.47 3.46 4.64 3.12 4.00 4.23 6.23 4.50 4.21 6.73 6.54 2.11 2.82 6.40 8.75 3.31 5.07 5.96 5.01 0.00 2.83 3.33 4.64 5.50 6.20 4.47 4.40 5377921
4.77 3.56 4.99 2.76 5.28 5.59 2.73 4.88 3.44 3.74 4.96 6.27 4.37 5.83 5.87 6.55 2.10 2.84 5.67 8.85 3.01 0.00 2.38 0.00 0.00 3.12 2.80 4.74 2.88 0.00 4.60 4.32 5391011
4.73 3.64 4.92 2.85 4.79 4.89 3.29 5.09 3.54 3.91 5.52 6.16 4.35 6.13 7.11 5.76 2.12 2.97 6.57 8.85 3.25 4.65 2.61 5.03 0.00 2.87 3.25 5.15 5.70 6.16 4.58 4.53 5404101
4.81 3.63 4.91 2.88 4.67 5.57 3.73 4.93 5.23 5.13 5.47 5.93 4.08 4.94 6.83 6.58 2.06 3.01 5.55 9.13 3.23 0.00 9.84 0.00 0.00 2.87 3.08 5.27 3.63 5.97 4.58 4.38 5417191
4.99 3.61 4.98 3.86 4.47 5.55 3.57 4.97 2.29 2.90 5.42 6.38 4.46 5.91 6.95 6.57 2.15 2.88 6.13 8.68 3.10 5.15 6.25 4.36 0.00 2.84 3.27 5.07 5.48 6.24 4.53 4.39 5430281
5.09 3.65 4.87 3.28 4.43 5.58 3.50 4.75 4.64 4.82 5.21 5.90 4.52 3.89 6.88 6.66 2.07 3.06 7.46 8.83 3.29 5.00 3.46 5.03 0.00 2.87 3.31 5.05 4.32 6.14 4.54 4.43 5443371
4.81 3.62 4.81 3.07 4.28 5.49 3.50 4.97 5.18 4.46 5.40 5.87 4.64 6.10 6.85 6.74 2.09 3.12 4.47 8.82 3.24 4.88 2.26 3.06 0.00 2.82 3.26 5.13 5.38 5.82 4.10 4.44 5456461
4.70 3.60 5.20 0.00 4.22 5.40 3.64 5.07 5.43 4.18 5.28 5.63 4.82 5.80 6.90 6.70 2.02 2.96 7.38 8.91 3.24 5.10 0.00 5.04 0.00 2.80 3.26 5.53 4.74 5.19 4.67 4.61 5469551
4.98 3.62 4.90 2.93 0.00 5.29 3.62 4.93 3.68 4.49 5.26 5.59 4.66 5.90 7.04 7.36 2.15 2.91 6.00 8.79 3.23 4.98 0.00 4.66 0.00 2.81 3.25 5.43 4.70 5.64 4.67 4.56 5482641
4.79 3.63 5.21 3.03 4.08 5.38 3.52 5.07 4.83 5.07 5.37 5.57 0.00 4.50 6.98 6.72 2.24 3.40 6.49 8.81 3.50 4.86 0.00 4.20 0.00 2.82 3.42 0.00 5.52 5.64 4.63 4.47 5495731
4.24 3.61 5.17 3.05 4.73 5.40 3.52 5.02 5.24 5.20 5.46 5.48 4.74 5.94 7.01 6.78 2.06 3.12 6.01 8.75 3.33 5.29 0.00 4.23 0.00 2.85 3.23 5.40 4.74 5.01 4.69 4.44 5508821
4.19 3.61 5.20 3.50 4.17 5.57 3.71 5.06 5.18 4.38 5.13 5.41 4.68 5.93 6.97 6.92 2.15 2.94 6.34 8.73 3.39 4.82 0.00 4.75 0.00 0.00 3.24 5.66 4.71 5.71 4.64 4.41 5521911
4.28 3.62 5.06 0.00 4.14 5.52 3.43 5.50 5.11 4.85 5.04 5.44 4.80 5.98 7.55 6.81 2.11 3.07 6.24 8.69 3.33 4.78 0.00 4.37 0.00 2.85 3.32 0.00 5.44 5.18 4.67 4.40 5535001
4.11 3.58 5.08 3.16 4.15 5.50 3.59 5.06 5.68 4.99 5.11 5.42 4.67 5.90 6.99 6.78 2.03 3.16 5.94 8.68 3.39 5.34 3.40 4.58 0.00 2.81 3.28 0.00 5.23 5.08 4.73 4.48 5548091
4.35 3.62 4.97 3.53 4.34 5.58 3.86 5.03 5.56 4.87 5.07 5.56 4.59 6.07 7.20 6.89 2.06 3.13 5.90 8.71 3.45 4.75 0.00 4.42 0.00 2.81 3.26 5.68 5.37 4.88 4.75 4.41 5561181
4.07 3.62 4.93 0.00 4.12 4.16 3.60 5.01 5.16 5.05 5.02 5.29 4.65 5.95 7.02 6.93 2.07 3.06 6.15 8.71 3.40 0.00 0.00 4.71 0.00 2.81 3.26 5.72 5.42 5.21 4.67 4.43 5574271
4.13 3.62 5.07 0.00 4.11 5.46 3.70 5.11 0.00 5.37 5.08 5.12 4.71 5.96 7.29 6.80 2.17 2.88 6.40 8.72 3.36 4.81 0.00 4.36 0.00 2.81 3.27 5.65 5.36 5.44 4.73 4.89 5587361
4.01 3.59 5.00 3.05 4.14 5.67 3.82 4.99 5.38 5.24 4.89 5.24 4.64 6.05 7.00 6.82 2.12 3.11 6.19 8.61 3.15 4.99 0.00 5.20 0.00 2.83 3.26 5.69 5.42 5.61 4.68 4.49 5600451
4.18 3.61 5.11 2.98 4.30 5.47 3.75 5.02 0.00 5.22 5.06 5.19 4.62 6.25 7.15 6.83 2.08 3.04 6.29 8.68 3.20 4.91 0.00 0.00 0.00 2.82 3.27 0.00 5.72 5.15 4.66 4.61 5613541
4.06 3.60 4.97 2.91 4.15 5.50 3.74 5.01 0.00 5.23 4.96 5.47 4.64 6.04 7.02 6.82 2.09 3.10 5.90 8.63 3.79 0.00 0.00 0.00 0.00 2.83 3.25 5.73 5.41 5.35 4.67 4.60 5626631
4.14 3.61 5.04 0.00 4.30 5.64 3.67 4.92 0.00 5.32 4.74 5.87 4.81 6.22 7.04 6.82 2.05 3.03 6.23 8.67 3.11 4.75 0.00 0.00 0.00 2.83 3.25 5.76 5.40 5.19 4.75 4.45 5639721
4.18 3.63 4.99 3.06 4.13 5.45 3.74 5.00 0.00 5.32 4.83 5.17 4.58 6.23 7.04 6.85 2.05 2.90 5.96 8.71 3.33 5.00 0.00 0.00 0.00 2.84 3.25 5.71 5.49 5.10 4.67 4.50 5652811
4.08 3.60 5.26 2.96 4.20 5.77 3.60 5.05 0.00 5.23 4.88 5.16 4.83 6.10 7.07 6.84 2.04 3.26 0.00 8.71 3.22 4.99 0.00 4.75 0.00 2.84 3.26 0.00 5.37 5.04 4.65 4.50 5665901
4.25 3.62 5.01 3.02 4.25 5.43 3.57 5.03 0.00 5.15 4.75 5.17 4.62 6.10 7.24 6.81 2.03 3.06 0.00 8.71 3.24 0.00 0.00 0.00 0.00 2.82 3.26 0.00 0.00 5.22 4.72 5.28 5678991
4.37 3.62 5.02 0.00 4.20 5.42 3.58 5.15 0.00 5.30 5.23 5.15 4.62 6.02 7.02 6.84 2.04 3.07 6.77 8.72 3.15 0.00 0.00 0.00 0.00 2.82 3.27 0.00 5.65 5.06 4.69 0.00 5692081
4.06 3.62 5.01 3.14 4.15 5.88 3.61 5.07 0.00 5.19 4.89 5.16 4.84 6.16 7.74 6.83 2.02 3.04 6.79 0.00 3.17 5.19 0.00 0.00 0.00 2.82 3.27 0.00 5.44 5.10 4.63 4.55 5705171
4.07 3.61 5.15 0.00 4.26 5.44 3.67 5.05 0.00 5.26 4.85 5.16 4.70 6.13 7.47 6.84 2.04 2.99 0.00 8.72 3.07 4.81 0.00 5.08 0.00 2.82 3.26 6.03 5.56 5.07 4.62 4.62 5718261
4.15 3.62 5.07 0.00 4.20 5.45 3.60 5.05 0.00 5.26 4.78 5.15 4.63 6.01 7.01 6.86 2.04 3.29 6.50 8.73 3.19 4.89 0.00 0.00 0.00 2.82 3.27 0.00 5.32 5.01 4.72 4.49 5731351
4.17 3.62 5.41 0.00 4.30 5.56 3.60 5.04 0.00 5.30 4.63 5.15 4.64 6.02 7.01 6.84 2.04 3.02 6.58 9.48 3.25 4.81 0.00 4.95 0.00 2.81 3.26 5.89 6.05 5.05 4.63 4.80 5744441
4.04 3.65 5.58 0.00 4.20 5.43 3.61 5.07 0.00 5.20 5.01 5.13 4.72 6.26 7.00 6.84 2.04 3.00 0.00 8.73 3.12 4.75 0.00 0.00 0.00 2.81 3.26 5.99 5.48 5.14 4.64 4.46 5757531
4.35 3.66 0.00 0.00 4.18 5.46 3.71 5.07 5.19 5.05 4.89 5.14 5.43 6.58 7.02 6.85 2.05 2.99 6.46 9.44 3.36 4.76 0.00 0.00 0.00 2.82 3.26 5.94 5.35 5.04 4.60 0.00 5770621
4.22 3.66 5.25 0.00 4.32 5.50 3.72 5.07 5.88 5.17 4.66 5.15 5.20 6.52 7.00 6.83 2.06 3.16 7.04 9.44 3.19 0.00 0.00 4.84 0.00 2.83 3.26 0.00 5.36 5.15 4.70 4.66 5783711
4.25 3.66 4.92 0.00 4.16 5.51 3.71 5.05 0.00 5.20 4.87 5.15 4.67 6.35 7.00 6.84 2.05 2.99 0.00 8.70 3.11 4.90 0.00 4.88 0.00 2.83 3.25 0.00 5.34 5.18 4.61 4.48 5796801
4.13 3.65 5.83 0.00 4.12 5.59 3.72 5.07 5.23 5.05 4.51 5.15 4.67 6.41 7.01 6.83 2.04 3.25 6.72 8.72 3.08 4.93 0.00 4.86 0.00 2.83 3.25 0.00 5.35 5.00 4.71 4.53 5809891
4.68 3.63 5.39 0.00 4.13 5.40 3.70 5.25 0.00 5.08 4.57 5.15 4.62 6.15 7.00 6.82 2.06 3.01 7.00 8.72 3.27 4.94 0.00 4.82 0.00 2.84 3.27 5.88 5.45 5.08 4.59 4.49 5822981
4.28 3.70 4.96 0.00 4.22 5.40 3.59 5.27 0.00 5.25 4.78 5.16 4.66 6.11 7.00 6.82 2.06 3.02 0.00 8.73 3.19 0.00 0.00 4.90 0.00 2.84 3.26 5.99 5.72 5.11 4.63 4.53 5836071
4.15 3.64 5.00 3.08 4.15 5.42 3.71 5.29 0.00 5.18 4.66 5.16 4.72 6.11 7.01 6.84 2.05 3.04 0.00 8.72 3.19 0.00 0.00 5.19 0.00 2.84 3.26 5.99 5.40 5.07 4.64 4.67 5849161
4.10 3.60 5.03 0.00 4.21 5.46 3.70 5.28 0.00 4.99 4.51 5.15 4.65 6.14 7.01 6.83 2.06 3.04 0.00 9.43 3.21 4.81 0.00 4.65 0.00 2.84 3.26 0.00 5.50 5.06 4.64 4.48 5862251
4.37 3.60 4.96 0.00 4.32 5.46 3.70 5.30 0.00 5.03 5.26 5.15 4.67 6.11 7.02 7.04 2.06 2.99 0.00 9.44 3.15 4.85 0.00 0.00 0.00 2.84 3.27 0.00 5.38 5.10 4.76 4.50 5875341
4.44 3.59 4.96 0.00 4.65 5.44 3.57 5.33 0.00 5.17 4.63 5.15 4.61 6.15 7.02 6.87 2.06 3.05 0.00 9.37 3.26 5.06 0.00 4.74 0.00 2.84 3.26 5.76 5.42 5.06 4.63 4.55 5888431
4.33 3.61 5.07 0.00 4.33 5.45 3.57 5.29 0.00 5.07 4.48 5.13 4.61 6.12 7.03 6.82 2.06 3.05 0.00 8.79 3.24 0.00 0.00 3.91 0.00 2.89 3.27 0.00 5.34 5.05 4.70 4.54 5901521
4.13 3.60 4.98 0.00 4.13 5.50 3.60 5.30 5.26 5.04 4.52 5.13 4.66 6.20 7.04 6.88 2.04 3.06 6.80 8.94 3.28 4.71 0.00 3.91 0.00 2.87 3.26 0.00 5.33 5.05 4.71 4.80 5914611
4.29 3.62 5.00 0.00 4.18 5.43 3.59 5.35 0.00 4.97 4.55 5.14 4.67 6.19 7.07 6.84 2.06 3.08 0.00 8.80 3.20 4.77 0.00 4.85 0.00 2.85 3.26 5.76 5.38 0.00 4.67 4.64 5927701
4.57 3.59 5.08 0.00 4.15 5.47 3.58 5.25 0.00 5.18 4.53 5.14 4.73 6.15 7.19 6.89 2.06 3.00 0.00 8.79 3.16 4.69 0.00 4.69 0.00 2.85 3.27 0.00 5.38 5.25 4.70 0.00 5940791
4.36 3.57 5.17 3.08 4.87 5.50 3.56 5.36 0.00 5.10 4.32 5.13 4.60 6.18 7.04 6.89 2.05 2.96 6.57 8.72 3.05 4.90 0.00 4.95 0.00 2.87 3.25 0.00 5.34 5.22 4.69 4.51 5953881
4.29 3.48 4.99 3.53 4.30 5.66 3.59 5.28 0.00 5.03 4.38 5.12 4.69 6.21 7.05 7.12 2.05 3.02 6.23 9.08 3.39 5.34 0.00 4.90 0.00 2.85 3.27 5.92 5.33 5.05 0.00 4.69 5966971
4.35 3.54 5.09 0.00 4.19 5.48 3.58 5.27 5.20 5.04 4.36 5.12 5.32 6.12 7.05 6.82 2.05 2.95 6.50 8.68 3.25 4.73 0.00 4.76 0.00 2.84 3.26 5.74 5.33 5.19 4.89 4.49 5980061
4.23 3.54 5.15 0.00 4.21 5.27 3.55 5.03 0.00 4.97 4.36 5.12 4.77 6.19 7.06 6.92 2.04 3.05 0.00 8.73 3.15 4.96 0.00 4.87 0.00 2.84 3.26 0.00 5.36 5.13 4.95 0.00 5993151
4.50 3.41 5.04 0.00 4.22 5.49 3.58 5.14 0.00 4.97 4.55 5.10 4.59 6.21 0.00 0.00 2.04 3.27 0.00 8.77 3.72 4.78 0.00 4.89 0.00 2.81 3.26 0.00 5.40 5.03 5.32 4.53 6006241
4.24 3.53 5.06 3.03 4.24 5.18 3.60 5.26 0.00 5.04 4.34 5.13 4.80 6.66 7.16 0.00 2.06 2.97 0.00 8.98 3.07 0.00 0.00 5.16 0.00 2.82 3.25 0.00 5.40 5.14 0.00 4.58 6019331
4.45 3.38 5.20 3.05 4.28 5.25 3.59 5.31 5.47 4.76 4.32 5.12 0.00 6.30 7.15 0.00 2.13 3.17 7.20 8.73 3.10 4.73 0.00 5.18 0.00 2.82 3.24 0.00 5.40 5.08 4.76 4.71 6032421
4.28 3.49 5.67 0.00 4.15 5.52 3.64 5.34 5.22 4.71 4.30 5.12 4.58 6.23 7.18 6.86 2.10 3.17 7.05 9.09 3.24 0.00 0.00 4.59 0.00 2.81 3.24 0.00 5.43 5.12 5.05 4.61 6045511
4.38 3.38 5.29 3.08 4.32 5.36 3.64 5.14 0.00 4.81 4.96 5.15 4.83 6.05 7.16 0.00 2.19 3.04 0.00 8.71 3.14 4.78 0.00 0.00 0.00 2.81 3.26 0.00 5.55 5.88 4.69 0.00 6058601
4.30 3.40 5.30 0.00 4.25 5.21 3.68 4.97 0.00 4.85 4.19 5.04 4.71 6.37 7.13 0.00 2.05 3.10 6.39 8.75 3.10 4.99 0.00 4.94 0.00 2.81 3.25 0.00 5.32 5.15 4.73 4.71 6071691
4.56 3.39 5.07 0.00 4.23 5.33 3.67 5.23 0.00 4.83 4.18 5.02 4.68 6.24 7.15 0.00 2.06 3.02 6.64 8.72 3.12 4.78 0.00 5.17 0.00 2.80 3.24 0.00 5.36 5.21 4.69 4.52 6084781
4.35 3.39 5.22 0.00 4.18 5.26 3.60 5.28 0.00 4.80 4.33 5.01 4.83 6.24 7.11 7.15 2.06 2.99 6.19 0.00 3.07 4.77 0.00 4.96 0.00 2.81 3.24 0.00 5.39 5.02 4.75 4.58 6097871
4.24 3.50 5.23 0.00 4.20 5.26 3.66 5.09 0.00 5.13 4.23 5.06 4.70 6.17 7.08 7.07 2.39 3.02 0.00 0.00 3.08 0.00 0.00 4.94 0.00 2.81 3.26 0.00 5.31 5.12 4.78 4.50 6110961
4.37 3.45 5.22 0.00 4.27 5.27 3.71 5.27 0.00 4.78 4.07 5.02 4.58 6.38 7.06 6.81 2.11 3.05 6.51 0.00 3.10 4.74 0.00 4.96 0.00 2.81 3.25 0.00 5.32 5.19 4.75 4.84 6124051
4.28 3.57 5.22 0.00 4.22 5.39 3.70 5.27 5.19 4.87 4.38 4.99 4.67 6.16 7.07 0.00 2.14 2.99 0.00 0.00 3.25 4.76 0.00 4.41 0.00 2.81 3.24 0.00 5.30 5.07 0.00 4.50 6137141
4.29 3.60 5.16 0.00 4.18 5.66 3.71 5.26 0.00 4.96 4.37 5.04 4.71 6.19 7.05 7.11 2.09 3.18 0.00 0.00 3.23 0.00 0.00 0.00 0.00 2.80 3.26 0.00 5.31 5.12 4.80 4.49 6150231
4.47 3.41 5.16 0.00 4.17 6.12 3.66 5.27 0.00 4.73 4.08 5.02 4.75 6.02 7.10 6.92 2.09 2.90 6.24 0.00 3.08 0.00 0.00 4.54 0.00 2.80 3.24 5.96 5.31 5.04 4.81 4.62 6163321
4.46 3.38 5.15 0.00 4.33 5.52 3.69 5.26 0.00 4.76 4.08 4.97 4.70 6.17 7.10 6.92 2.11 2.89 0.00 0.00 3.08 4.77 0.00 0.00 0.00 2.81 3.25 6.02 5.32 5.07 4.81 4.65 6176411
4.43 3.45 5.69 0.00 0.00 5.33 3.65 5.26 0.00 4.81 4.41 4.97 4.75 6.24 7.08 6.92 2.10 2.89 0.00 0.00 3.17 4.73 0.00 5.12 0.00 2.81 3.25 5.74 5.31 5.04 4.78 4.55 6189501
0.00 3.41 5.70 0.00 4.27 5.29 3.65 5.27 0.00 4.93 4.19 5.02 4.70 6.32 7.09 6.95 2.09 2.91 7.07 0.00 3.34 4.73 0.00 5.33 0.00 2.81 3.25 0.00 5.33 5.05 4.69 4.52 6202591
4.36 3.44 5.16 0.00 4.17 5.32 3.66 5.28 0.00 4.74 4.17 5.00 4.65 6.34 7.09 6.93 2.10 2.95 0.00 0.00 3.32 5.12 0.00 4.55 0.00 2.81 3.24 0.00 5.31 5.03 4.67 4.57 6215681
4.49 3.57 5.23 0.00 4.19 5.31 3.67 5.29 0.00 4.87 4.18 4.97 4.67 6.35 7.10 6.93 2.08 0.00 6.77 0.00 3.17 4.77 0.00 5.30 0.00 2.80 3.24 0.00 5.32 5.02 4.73 4.59 6228771
4.53 3.57 5.21 0.00 4.19 5.31 3.66 5.28 0.00 4.74 4.29 4.94 4.85 6.37 7.11 6.94 2.07 3.43 0.00 0.00 3.11 4.83 0.00 5.04 0.00 2.81 3.24 0.00 5.31 5.02 4.71 4.58 6241861
4.33 3.54 5.32 0.00 4.27 5.31 3.69 5.29 5.18 4.91 4.43 5.16 4.66 6.10 7.09 6.93 2.09 2.85 0.00 0.00 3.15 5.21 0.00 4.90 0.00 2.82 3.25 0.00 5.29 5.04 4.78 4.60 6254951
4.33 3.56 5.21 0.00 4.22 5.31 3.67 5.30 0.00 4.81 4.21 5.07 4.64 6.41 7.12 6.93 2.09 2.99 0.00 0.00 3.10 4.81 0.00 5.03 0.00 2.80 3.25 0.00 5.29 5.04 4.74 4.57 6268041
4.31 3.48 5.23 0.00 4.19 5.31 3.69 5.28 5.74 4.90 4.10 5.32 4.69 6.22 7.12 6.93 2.09 2.96 0.00 0.00 3.15 4.78 0.00 5.05 0.00 2.80 3.24 0.00 5.31 5.06 4.76 4.52 6281131
4.39 3.45 0.00 0.00 4.21 5.32 3.71 5.28 5.71 5.08 4.27 5.03 4.64 6.43 7.12 6.93 2.09 3.14 6.49 0.00 3.17 4.77 0.00 5.08 0.00 2.80 3.24 0.00 5.31 5.03 4.74 4.53 6294221
4.30 3.40 5.29 0.00 4.18 5.30 3.71 5.29 5.66 4.81 4.19 5.08 4.67 6.36 7.12 6.93 2.06 3.15 6.94 0.00 3.11 4.84 0.00 5.11 0.00 2.80 3.25 0.00 5.29 5.01 4.80 4.60 6307311
4.30 3.39 5.32 0.00 4.19 5.32 3.82 5.28 5.68 4.69 4.24 5.14 4.66 6.46 7.11 6.93 2.08 3.20 0.00 8.71 3.07 4.80 0.00 5.11 0.00 2.80 3.25 0.00 5.29 0.00 4.94 4.50 6320401
4.31 3.58 5.28 0.00 4.23 5.33 3.84 5.29 5.74 4.76 4.28 5.13 4.66 6.44 7.12 6.93 2.05 3.17 6.46 8.66 3.08 4.85 0.00 5.08 0.00 2.80 3.25 0.00 5.30 5.09 4.73 4.67 6333491
4.32 3.40 5.24 0.00 4.24 5.34 3.83 5.28 0.00 4.79 4.25 5.14 4.68 6.09 7.12 6.93 2.08 3.18 0.00 8.71 3.13 0.00 0.00 5.35 0.00 2.81 3.25 0.00 5.30 5.03 4.72 4.52 6346581
4.33 3.42 5.33 0.00 4.21 5.34 3.86 5.28 5.54 4.88 4.09 5.13 4.66 6.12 7.10 6.94 2.08 2.93 0.00 9.06 3.09 0.00 0.00 5.14 0.00 2.81 3.25 0.00 5.30 5.09 4.74 4.54 6359671
4.43 3.43 5.40 0.00 4.22 5.32 3.87 5.28 5.73 4.79 4.24 5.12 4.62 6.08 7.11 6.96 2.08 2.95 0.00 8.71 3.06 4.90 0.00 5.43 0.00 2.80 3.26 0.00 5.31 5.10 4.73 0.00 6372761
4.43 3.44 5.28 0.00 4.24 5.34 3.90 5.28 5.54 4.73 4.14 5.14 4.67 6.11 7.11 6.94 2.03 3.04 0.00 8.73 3.07 4.78 0.00 5.52 0.00 2.81 3.25 0.00 5.30 5.01 4.79 4.55 6385851
4.39 3.37 5.20 0.00 4.23 5.38 3.88 5.29 0.00 4.69 4.33 5.13 4.71 6.12 7.11 6.93 2.04 3.09 0.00 8.79 3.07 5.49 0.00 4.72 0.00 2.80 3.25 0.00 5.30 5.09 4.85 4.52 6398941
4.37 3.38 5.34 0.00 4.23 5.39 3.85 5.29 5.57 4.74 4.81 5.14 4.78 6.59 7.11 6.92 2.04 3.08 0.00 0.00 3.07 4.79 0.00 5.57 0.00 2.81 3.25 0.00 5.30 5.26 4.70 4.56 6412031
4.48 3.39 5.18 0.00 4.22 5.39 3.85 5.28 5.52 5.03 4.18 5.14 4.69 6.41 7.12 6.91 2.03 3.11 0.00 0.00 3.06 5.57 0.00 5.56 0.00 2.80 3.25 0.00 5.31 5.00 4.72 4.59 6425121
4.38 3.39 5.24 0.00 4.22 5.40 3.84 5.29 5.54 4.77 4.16 5.14 4.79 6.07 7.12 6.92 2.02 3.18 0.00 0.00 3.05 0.00 0.00 5.55 0.00 2.80 3.24 0.00 5.32 5.03 4.71 4.55 6438211
4.35 3.39 0.00 0.00 4.21 5.39 3.84 5.29 5.54 4.73 4.49 5.14 4.70 6.25 7.11 6.93 2.01 3.38 6.64 8.71 3.10 4.82 0.00 5.54 0.00 2.81 3.25 0.00 5.30 5.07 4.75 4.57 6451301
4.34 3.43 0.00 0.00 4.20 5.34 3.85 5.28 5.54 4.72 4.44 5.14 5.15 6.14 7.11 6.92 2.03 3.39 0.00 8.67 3.08 4.80 0.00 5.54 0.00 2.80 3.25 0.00 5.31 5.03 4.74 4.57 6464391
4.31 3.58 5.86 0.00 4.21 5.40 3.83 5.29 5.69 4.72 4.21 5.15 4.59 6.21 7.12 6.92 2.08 3.37 0.00 8.56 3.09 4.82 0.00 5.50 0.00 2.81 3.24 0.00 5.32 5.03 4.71 4.91 6477481
4.31 3.60 5.18 0.00 4.21 5.39 3.84 5.29 5.67 4.73 4.17 5.14 4.58 6.11 7.12 6.93 2.10 3.12 0.00 0.00 3.09 4.79 0.00 5.47 0.00 2.81 3.25 0.00 5.31 4.98 4.70 4.74 6490571
4.30 3.59 5.20 0.00 4.22 5.41 3.85 5.28 5.65 4.74 4.38 5.15 4.68 6.07 7.11 6.92 2.10 3.11 0.00 8.97 3.08 4.79 0.00 5.34 0.00 2.82 3.24 0.00 5.31 5.14 4.72 4.68 6503661
4.38 3.49 5.19 0.00 4.22 5.39 3.84 5.28 5.58 4.79 4.20 5.16 5.13 6.27 7.12 6.93 2.10 3.39 0.00 8.96 3.08 4.80 0.00 5.31 0.00 2.80 3.23 0.00 5.31 5.14 4.70 4.62 6516751
4.42 3.46 0.00 0.00 4.20 5.40 3.84 5.28 5.68 4.80 4.19 5.16 4.66 6.44 7.11 6.91 2.09 3.38 0.00 0.00 3.09 0.00 0.00 5.32 0.00 2.80 3.25 0.00 5.31 5.15 4.69 0.00 6529841
4.31 3.37 5.30 0.00 4.17 5.40 3.83 5.29 0.00 4.81 4.13 5.17 4.63 6.25 7.12 6.91 2.09 3.60 0.00 8.58 3.12 4.81 0.00 5.26 0.00 2.80 3.24 0.00 5.31 5.03 4.72 4.75 6542931
4.43 3.37 0.00 0.00 4.16 5.41 3.83 5.29 5.21 4.82 4.16 5.16 5.15 6.10 7.12 6.92 2.09 3.52 0.00 0.00 3.11 4.83 0.00 5.35 0.00 2.81 3.24 0.00 5.32 5.06 4.83 4.54 6556021
4.44 3.37 5.24 0.00 4.16 5.41 3.84 5.28 0.00 4.81 4.08 5.15 5.32 6.48 7.13 6.92 2.10 3.59 0.00 9.37 3.09 4.82 0.00 5.09 0.00 2.81 3.25 0.00 5.32 5.06 4.73 4.56 6569111
4.42 3.39 5.69 0.00 4.16 5.41 3.84 5.29 5.69 4.83 4.08 5.16 4.59 6.37 7.12 6.92 2.11 3.02 0.00 8.99 3.11 4.93 0.00 5.36 0.00 2.81 3.24 0.00 5.34 5.04 4.76 4.59 6582201
4.43 3.40 5.36 0.00 4.17 5.42 3.83 5.29 5.48 4.74 4.23 5.15 4.57 6.31 7.12 6.92 2.13 2.99 6.62 9.38 3.14 4.97 0.00 5.36 0.00 2.81 3.24 0.00 5.40 5.17 4.75 4.72 6595291
0.00 3.52 0.00 0.00 4.17 5.42 3.84 5.33 5.20 4.74 4.09 5.17 4.56 6.15 7.12 6.91 2.19 2.94 6.75 9.36 3.27 4.79 0.00 5.36 0.00 2.81 3.25 0.00 5.37 5.64 4.81 4.58 6608381
0.00 4.12 5.81 0.00 4.17 5.42 3.84 5.27 5.83 4.92 4.11 5.27 4.57 6.16 7.13 6.91 2.19 2.99 6.69 8.84 3.21 5.45 0.00 5.22 0.00 2.80 3.24 0.00 5.36 5.01 4.84 4.58 6621471
4.55 3.51 0.00 0.00 4.24 5.42 3.84 5.28 5.71 5.03 4.12 5.54 4.64 6.16 7.11 6.91 2.18 2.96 6.68 8.77 3.07 4.97 0.00 5.56 0.00 2.81 3.24 0.00 5.35 5.36 4.80 4.56 6634561
4.76 3.47 5.18 0.00 4.21 5.42 3.86 5.27 5.70 4.72 4.09 5.00 4.78 6.13 7.10 6.90 2.21 2.99 6.29 8.74 3.12 0.00 0.00 5.11 0.00 2.81 3.24 0.00 5.32 5.07 4.78 4.57 6647651
4.44 3.38 0.00 0.00 4.20 5.42 3.84 5.29 5.71 4.71 4.10 5.06 4.59 6.16 7.11 6.89 2.20 3.07 6.34 8.66 3.11 5.46 0.00 4.84 0.00 2.81 3.24 0.00 5.33 4.95 4.78 4.58 6660741
4.41 3.34 5.96 0.00 4.25 5.43 3.85 5.27 5.68 4.72 4.07 5.06 4.57 6.10 7.09 6.89 2.19 3.03 6.37 8.73 3.10 5.07 0.00 0.00 0.00 2.82 3.25 0.00 5.31 4.95 4.73 4.60 6673831
4.41 3.37 0.00 0.00 4.18 5.41 3.85 5.28 5.84 4.87 4.06 5.08 4.57 6.16 7.09 6.91 2.19 3.09 6.69 8.72 3.14 0.00 0.00 4.61 0.00 2.81 3.25 0.00 5.31 4.91 4.74 4.57 6686921
4.42 3.36 0.00 0.00 4.18 5.40 3.86 5.29 5.69 4.83 4.05 5.05 4.77 6.17 7.08 6.92 2.19 3.06 6.49 8.75 3.14 0.00 0.00 5.57 0.00 2.80 3.25 0.00 5.34 4.94 4.72 5.22 6700011
4.39 3.35 5.32 0.00 4.21 5.40 3.76 5.28 5.57 4.83 4.09 5.07 5.23 6.16 7.09 6.90 2.19 3.06 6.32 8.76 3.12 4.73 0.00 4.85 0.00 2.81 3.24 0.00 5.32 4.95 5.52 4.56 6713101
4.39 3.35 5.36 0.00 4.21 5.39 3.75 5.27 5.65 4.82 4.20 5.15 5.18 6.19 7.09 6.88 2.20 2.96 6.36 8.76 3.13 4.70 0.00 5.53 0.00 2.81 3.25 0.00 5.33 5.01 4.79 4.51 6726191