0.00 3.59 4.99 0.00 6.15 7.65 3.41 5.04 0.00 6.10 5.06 5.05 5.19 6.64 7.48 0.00 2.13 3.56 6.69 8.92 4.63 7.00 0.00 4.76 0.00 3.44 3.98 0.00 7.43 6.96 6.26 0.00 22721195
0.00 3.58 4.99 0.00 6.13 7.65 3.40 5.02 0.00 6.08 5.05 5.05 5.18 6.63 7.51 0.00 2.11 3.54 7.34 9.00 4.62 0.00 0.00 4.77 0.00 3.45 3.98 0.00 7.43 6.95 6.27 0.00 22734285
0.00 3.59 4.98 0.00 6.14 7.65 3.41 5.03 0.00 6.09 5.06 5.05 5.19 6.63 7.50 0.00 2.12 3.55 0.00 9.02 4.61 7.02 0.00 4.76 0.00 3.43 3.98 0.00 7.42 6.95 6.27 0.00 22747375
0.00 3.58 4.99 0.00 6.14 7.65 3.41 5.03 0.00 6.09 5.06 5.05 5.20 6.64 7.51 0.00 2.12 3.56 7.35 9.03 4.60 7.00 0.00 4.77 0.00 3.43 3.98 0.00 7.43 6.95 6.27 0.00 22760465
0.00 3.58 4.98 0.00 6.14 7.65 3.41 5.02 0.00 6.08 5.06 5.05 5.18 6.65 7.50 0.00 2.12 3.56 7.21 9.04 4.61 0.00 0.00 4.90 0.00 3.43 3.99 0.00 7.43 6.94 6.28 0.00 22773555
0.00 3.59 5.00 0.00 6.14 7.65 3.43 5.02 0.00 6.09 5.06 5.05 5.19 6.67 7.51 0.00 2.14 3.56 6.96 9.04 4.61 7.01 0.00 4.86 0.00 3.43 3.98 0.00 7.41 6.95 6.27 0.00 22786645
0.00 3.59 5.00 0.00 6.14 7.66 3.41 5.03 0.00 6.09 5.07 5.06 5.18 6.67 7.50 0.00 2.14 3.56 7.10 9.04 4.61 6.99 0.00 4.80 0.00 3.46 3.98 0.00 7.42 6.93 6.28 0.00 22799735
0.00 3.59 4.99 0.00 6.14 7.66 3.42 5.03 0.00 6.08 5.07 5.06 5.18 6.62 7.50 0.00 2.15 3.56 7.02 9.05 4.62 6.98 0.00 4.80 0.00 3.45 3.99 0.00 7.41 6.93 6.28 0.00 22812825
0.00 3.59 5.00 0.00 6.13 7.66 3.41 5.03 0.00 6.09 5.06 5.06 5.19 6.62 7.51 0.00 2.15 3.56 6.63 9.05 4.61 6.99 0.00 4.76 0.00 3.46 3.98 0.00 7.41 6.92 6.28 7.31 22825915
0.00 3.58 4.98 0.00 6.14 7.66 3.38 5.01 0.00 6.11 5.06 5.06 5.18 6.63 7.51 0.00 2.25 3.56 7.19 9.03 4.62 6.98 0.00 4.80 0.00 3.46 3.99 0.00 7.42 6.92 6.28 7.31 22839005
0.00 3.58 5.00 0.00 6.14 7.65 3.39 5.01 0.00 6.11 5.05 5.06 5.19 6.62 7.50 0.00 2.21 3.55 6.63 9.03 4.62 6.99 0.00 4.94 0.00 3.45 3.98 0.00 7.42 6.90 6.27 0.00 22852095
0.00 3.60 5.00 0.00 6.14 7.64 3.70 5.03 0.00 6.10 5.06 5.05 5.18 6.63 7.50 0.00 2.25 3.56 6.55 9.08 4.63 7.00 0.00 4.92 0.00 3.44 4.00 0.00 7.42 6.92 6.30 0.00 22865185
0.00 3.60 4.89 0.00 6.13 7.66 3.74 5.03 0.00 6.10 5.06 5.05 5.19 6.66 7.52 8.13 2.25 3.57 6.63 9.30 4.67 0.00 0.00 4.92 0.00 3.45 3.98 0.00 7.43 6.90 6.31 6.61 22878275
0.00 3.59 5.01 0.00 6.15 7.65 3.79 5.04 0.00 6.10 5.06 5.04 5.19 6.51 7.52 0.00 2.14 4.37 6.57 9.30 4.60 6.30 0.00 4.94 0.00 3.43 3.98 0.00 7.46 6.93 6.31 6.51 22891365
0.00 3.60 4.94 0.00 6.18 7.65 3.72 4.98 0.00 6.12 5.08 5.06 5.20 6.43 7.53 7.58 2.16 0.00 6.59 8.74 4.67 6.31 0.00 4.67 0.00 3.43 4.00 0.00 7.42 6.93 6.37 6.49 22904455
0.00 3.60 4.92 3.32 6.17 0.00 3.82 4.89 0.00 6.13 5.07 5.07 5.33 6.57 7.51 7.56 2.25 3.90 0.00 8.96 4.64 6.70 0.00 4.64 0.00 3.43 3.99 0.00 7.46 6.91 6.33 0.00 22917545
0.00 3.59 5.01 0.00 6.38 7.65 3.72 4.85 0.00 6.13 5.03 5.06 5.71 6.19 7.51 7.58 2.25 3.65 6.59 8.76 4.64 6.26 0.00 4.67 0.00 3.44 3.99 0.00 7.47 7.00 6.24 6.62 22930635
0.00 3.61 4.83 0.00 6.04 0.00 3.70 4.87 0.00 6.14 5.03 5.12 5.16 6.22 7.49 7.45 2.27 4.15 6.61 8.87 4.61 0.00 0.00 4.74 0.00 3.44 3.99 0.00 7.39 6.93 6.24 6.45 22943725
0.00 3.61 4.84 0.00 6.04 7.66 3.54 4.89 0.00 6.08 5.07 5.04 5.15 6.18 7.53 7.42 2.11 3.60 6.65 8.85 4.69 6.44 0.00 4.69 0.00 3.43 3.99 0.00 7.43 7.03 6.24 6.92 22956815
0.00 3.61 4.96 0.00 6.20 7.65 3.76 0.00 0.00 6.00 5.05 5.07 5.18 6.96 7.52 7.56 2.52 3.69 7.44 8.84 4.67 6.36 0.00 4.71 0.00 3.42 3.99 0.00 7.35 7.00 6.34 6.50 22969905
0.00 3.64 5.52 0.00 6.16 0.00 3.23 4.95 0.00 5.98 5.04 5.02 5.16 6.21 7.57 7.39 2.63 3.77 6.66 8.99 4.84 0.00 0.00 5.18 0.00 3.43 3.98 0.00 7.47 6.90 7.00 6.46 22982995
0.00 3.64 4.87 0.00 0.00 0.00 3.12 5.06 5.23 5.96 5.04 5.04 5.23 6.30 0.00 7.38 2.52 3.66 6.62 9.10 4.72 6.76 0.00 4.69 0.00 3.42 3.98 0.00 7.40 7.01 6.27 0.00 22996085
0.00 3.63 4.94 0.00 6.02 7.65 3.19 4.96 5.25 6.10 5.13 5.25 5.17 6.48 7.51 8.10 2.06 3.47 6.65 9.21 4.70 6.48 0.00 4.65 0.00 3.44 3.98 0.00 7.47 6.91 6.27 6.68 23009175
0.00 3.60 4.89 0.00 6.66 7.64 0.00 5.01 0.00 5.74 5.07 5.14 5.17 6.22 7.56 7.77 2.07 3.52 6.76 9.08 5.06 6.78 0.00 0.00 0.00 3.58 3.98 0.00 7.45 7.02 6.27 6.49 23022265
0.00 3.62 4.98 0.00 6.68 7.66 0.00 5.00 5.16 5.69 5.10 5.14 5.24 6.23 7.51 0.00 2.07 3.71 6.73 8.93 4.90 6.97 0.00 0.00 0.00 3.52 3.99 0.00 7.41 6.93 6.32 6.75 23035355
0.00 3.60 4.86 0.00 6.01 7.65 3.90 5.36 5.21 4.97 5.04 5.08 5.18 6.24 8.07 7.62 2.17 3.62 0.00 9.16 5.01 0.00 4.84 0.00 0.00 3.42 4.00 0.00 7.46 7.39 6.27 6.87 23048445
0.00 3.60 4.87 3.03 6.23 7.68 3.42 4.99 0.00 5.73 5.07 5.05 5.81 6.43 7.54 0.00 2.18 3.30 6.61 0.00 5.02 0.00 0.00 5.71 0.00 3.51 4.01 0.00 7.47 6.95 6.27 6.56 23061535
0.00 3.61 4.95 3.01 6.00 7.63 3.48 4.88 5.26 5.76 5.13 5.12 5.30 6.26 7.98 7.43 2.08 3.60 6.86 0.00 4.99 0.00 0.00 4.55 0.00 0.00 4.02 0.00 7.38 6.93 6.28 6.68 23074625
0.00 3.64 5.07 2.74 6.02 7.65 3.79 4.88 0.00 5.60 5.11 5.66 5.21 6.36 7.57 7.53 2.20 3.27 6.60 9.06 5.06 6.68 9.89 5.85 0.00 0.00 4.01 0.00 7.41 6.89 6.22 6.52 23087715
0.00 3.64 4.99 3.05 6.13 7.65 0.00 4.91 5.17 5.51 5.03 5.12 5.31 6.53 7.53 7.49 2.14 3.47 6.41 8.95 5.06 6.59 0.00 4.41 0.00 3.19 3.99 0.00 8.13 6.95 6.19 6.42 23100805
0.00 3.66 4.96 2.77 6.15 7.64 0.00 5.06 0.00 4.53 5.12 5.03 5.27 6.40 0.00 7.43 2.11 3.33 6.62 0.00 5.16 6.73 0.00 5.23 0.00 3.18 4.00 0.00 7.45 7.11 6.22 6.56 23113895
0.00 3.62 4.97 0.00 6.40 7.75 3.68 4.99 0.00 5.49 5.16 5.11 0.00 6.24 7.52 7.54 2.10 3.37 6.61 8.97 5.30 0.00 0.00 0.00 0.00 3.30 4.01 0.00 7.42 6.93 6.28 6.59 23126985
0.00 3.61 4.88 3.10 6.41 7.69 3.88 4.99 0.00 5.71 5.07 5.05 5.42 6.33 7.79 7.56 2.17 3.83 6.65 0.00 5.17 0.00 0.00 0.00 0.00 3.41 4.01 0.00 0.00 6.91 6.28 6.57 23140075
0.00 3.61 4.87 2.75 6.61 7.66 0.00 4.96 0.00 5.57 5.04 5.11 5.32 6.28 0.00 7.57 2.07 3.73 6.59 9.02 5.10 6.75 0.00 0.00 0.00 3.15 4.08 0.00 7.44 6.90 6.22 0.00 23153165
0.00 3.62 5.07 3.12 6.35 7.68 0.00 5.09 0.00 5.57 5.05 5.09 5.30 6.38 7.62 0.00 2.11 3.73 6.66 8.97 5.09 6.85 0.00 0.00 0.00 3.21 4.03 0.00 7.43 6.92 6.26 0.00 23166255
0.00 3.61 4.97 0.00 6.74 0.00 0.00 5.27 0.00 5.56 5.08 5.11 5.22 6.55 7.52 7.47 2.05 3.56 6.62 8.92 5.12 6.82 0.00 0.00 0.00 0.00 4.06 0.00 7.46 6.90 6.49 6.51 23179345
0.00 3.60 4.87 0.00 6.31 0.00 3.37 5.08 5.17 5.55 5.13 5.10 5.55 6.32 7.50 7.54 2.10 3.84 6.64 8.99 5.27 6.61 0.00 0.00 0.00 3.67 4.00 0.00 7.44 6.93 6.25 6.57 23192435
0.00 3.63 4.96 3.21 6.01 0.00 0.00 5.16 0.00 5.57 5.15 5.09 5.76 6.28 7.52 7.53 2.11 3.54 6.65 9.52 4.97 6.83 0.00 4.70 0.00 3.13 4.01 0.00 7.44 6.91 6.28 6.42 23205525
0.00 3.65 4.92 0.00 6.40 7.72 0.00 5.27 0.00 5.61 5.07 5.03 5.22 6.34 7.52 7.45 2.11 3.49 6.66 9.03 5.82 0.00 0.00 0.00 0.00 3.26 4.02 0.00 7.45 6.90 6.27 0.00 23218615
0.00 3.61 4.95 0.00 6.00 0.00 0.00 4.96 8.97 5.64 5.07 5.08 5.23 6.50 7.53 7.49 2.05 3.54 6.73 0.00 5.15 6.92 0.00 4.71 0.00 0.00 4.02 0.00 7.42 6.96 6.23 6.40 23231705
0.00 3.60 5.00 0.00 6.37 7.65 3.71 5.49 0.00 5.62 5.14 5.04 5.22 6.44 7.52 7.47 2.07 3.60 6.70 0.00 4.97 7.25 0.00 0.00 0.00 0.00 4.01 0.00 7.46 6.93 6.23 6.47 23244795
0.00 3.62 4.98 0.00 6.25 8.34 3.25 5.05 0.00 5.44 0.00 5.06 5.19 6.27 7.53 7.44 2.06 3.57 6.66 9.53 5.10 0.00 0.00 4.53 0.00 3.18 4.00 0.00 7.48 7.03 6.31 6.46 23257885
0.00 3.60 4.84 0.00 6.23 8.34 0.00 5.21 5.22 5.47 5.07 5.05 5.82 6.43 7.53 7.46 2.06 3.48 6.70 0.00 5.20 0.00 0.00 0.00 0.00 0.00 4.00 0.00 7.50 6.94 6.22 6.58 23270975
0.00 3.62 4.93 3.34 5.99 7.75 0.00 4.93 5.20 5.47 5.06 5.07 0.00 6.32 7.51 7.44 2.05 3.89 6.73 9.12 5.29 6.75 0.00 4.97 0.00 3.28 4.01 0.00 7.46 7.03 6.96 6.50 23284065
0.00 3.61 4.97 3.32 6.23 7.67 0.00 4.95 0.00 5.56 5.85 5.07 5.42 6.27 7.52 7.46 2.12 3.55 6.68 9.49 5.16 0.00 0.00 5.70 0.00 3.17 4.01 0.00 8.09 7.02 6.21 6.50 23297155
0.00 3.61 4.96 3.31 6.22 7.66 3.59 4.93 0.00 5.41 5.07 5.06 5.23 6.57 7.52 7.46 2.37 3.53 6.68 9.12 5.09 0.00 0.00 4.49 0.00 0.00 4.01 0.00 7.46 0.00 0.00 6.44 23310245
0.00 3.61 4.96 3.35 6.42 7.65 0.00 4.97 8.84 5.29 5.10 5.05 5.26 0.00 7.51 7.43 2.23 3.70 6.62 0.00 4.93 0.00 0.00 4.43 0.00 3.24 4.01 0.00 7.44 6.97 6.24 6.61 23323335
0.00 3.60 4.96 3.32 6.28 7.64 0.00 5.00 5.21 5.43 5.10 5.08 5.26 6.27 7.52 7.54 2.08 3.57 6.64 9.23 5.41 0.00 0.00 5.41 0.00 3.86 4.01 0.00 7.43 0.00 6.22 6.50 23336425
0.00 3.61 4.91 3.36 6.27 7.64 0.00 4.93 5.21 2.93 5.17 5.10 5.26 6.99 7.55 7.43 2.07 3.55 6.63 9.50 5.06 7.23 0.00 4.43 0.00 3.35 4.01 0.00 7.43 6.97 6.44 0.00 23349515
0.00 3.61 4.94 3.37 6.30 7.64 0.00 4.91 0.00 5.25 5.09 5.09 5.28 6.59 7.53 7.39 2.09 3.49 6.62 9.49 5.18 0.00 0.00 4.43 0.00 3.38 4.00 0.00 7.46 7.09 6.24 6.45 23362605
0.00 3.61 4.88 3.37 6.30 7.66 0.00 4.91 0.00 5.26 5.12 5.10 5.26 6.51 7.54 7.39 2.10 3.61 6.61 0.00 5.14 6.61 0.00 4.91 0.00 0.00 4.01 0.00 7.46 6.92 6.83 0.00 23375695
0.00 3.59 4.95 3.33 6.29 7.66 0.00 4.92 0.00 5.29 5.09 5.09 5.28 6.42 7.51 7.37 2.38 3.75 6.58 0.00 5.12 0.00 0.00 0.00 0.00 3.77 4.01 0.00 7.48 6.93 6.25 6.74 23388785
0.00 3.59 4.97 3.35 6.32 7.65 0.00 4.91 0.00 5.28 5.09 5.09 5.24 6.37 7.52 7.38 2.38 3.61 6.64 0.00 5.04 6.70 0.00 0.00 0.00 3.40 4.02 0.00 7.42 7.59 6.38 6.52 23401875
0.00 3.61 4.99 3.32 6.35 7.69 0.00 4.91 0.00 5.37 5.74 5.11 5.22 6.39 7.53 7.39 2.37 3.73 6.64 0.00 5.47 0.00 0.00 0.00 0.00 3.44 4.02 0.00 7.45 7.06 0.00 0.00 23414965
0.00 3.61 5.01 0.00 6.31 0.00 0.00 4.93 0.00 5.28 5.32 5.10 5.22 6.37 7.52 7.44 2.36 3.95 6.63 9.11 4.98 0.00 0.00 0.00 0.00 3.43 4.01 0.00 7.47 7.07 6.20 0.00 23428055
0.00 3.61 5.04 3.34 6.01 0.00 0.00 4.95 0.00 5.40 5.09 5.09 5.29 6.38 7.52 7.40 2.31 3.66 6.62 0.00 5.19 6.60 0.00 0.00 0.00 3.49 4.02 0.00 7.44 7.27 6.20 6.53 23441145
0.00 3.60 5.04 3.40 6.03 7.67 0.00 5.29 0.00 5.41 5.07 5.10 5.42 6.36 7.52 7.40 2.33 3.77 6.63 9.09 4.97 6.73 0.00 4.58 0.00 3.54 4.02 0.00 7.65 7.24 6.21 6.32 23454235
0.00 3.62 5.28 0.00 6.16 0.00 0.00 5.02 0.00 5.56 5.47 5.10 5.64 6.62 7.55 7.51 2.10 3.55 6.61 0.00 5.01 0.00 0.00 0.00 0.00 3.15 4.02 0.00 7.51 0.00 6.28 6.40 23467325
0.00 3.60 5.05 3.36 6.12 7.68 0.00 4.94 8.78 5.29 5.11 5.15 5.17 6.65 0.00 7.60 2.06 3.68 6.60 0.00 5.31 0.00 0.00 0.00 0.00 3.17 4.02 0.00 7.46 0.00 6.16 0.00 23480415
0.00 3.61 4.98 0.00 6.14 7.68 0.00 4.93 0.00 5.25 5.08 5.08 5.17 6.57 7.74 7.50 2.09 3.78 6.60 0.00 5.14 6.72 0.00 0.00 0.00 3.20 4.02 0.00 7.65 7.01 6.24 0.00 23493505
0.00 3.62 5.02 0.00 6.15 7.96 0.00 4.94 0.00 5.26 5.10 5.19 5.21 6.30 7.53 7.44 2.21 3.62 6.59 0.00 5.16 6.69 0.00 5.82 0.00 3.57 4.02 0.00 0.00 6.98 6.19 6.62 23506595
0.00 3.60 4.89 0.00 6.20 8.34 3.47 4.94 5.20 5.25 5.11 5.12 5.15 6.51 7.53 7.41 2.19 3.41 6.59 9.44 5.09 0.00 9.83 5.29 0.00 3.14 4.02 0.00 7.51 6.97 6.22 6.34 23519685
0.00 3.62 4.95 0.00 6.49 7.83 0.00 4.95 0.00 5.39 5.07 5.08 5.17 6.27 7.55 7.42 2.21 3.58 6.62 9.47 5.28 0.00 0.00 0.00 0.00 3.40 4.03 0.00 7.49 7.20 6.70 6.64 23532775
0.00 3.61 4.91 0.00 6.44 7.67 3.84 5.31 0.00 5.25 5.07 5.12 5.19 6.55 7.58 7.41 2.21 3.44 6.58 9.48 5.20 6.87 0.00 0.00 0.00 3.16 4.03 0.00 7.45 7.07 6.27 6.69 23545865
0.00 3.60 4.88 3.34 6.60 7.67 0.00 5.15 5.20 5.19 5.10 5.19 5.25 6.37 7.70 7.47 2.19 3.58 6.58 9.48 5.15 0.00 0.00 0.00 0.00 3.12 4.03 0.00 7.45 7.02 6.31 6.51 23558955
0.00 3.61 4.98 3.54 0.00 8.18 0.00 4.98 5.26 5.45 5.08 5.16 5.25 6.40 7.55 7.49 2.17 3.62 6.60 0.00 5.07 6.64 0.00 0.00 0.00 3.14 4.03 0.00 7.46 6.95 6.74 6.66 23572045
0.00 3.61 4.90 3.36 6.14 7.66 3.29 4.97 0.00 5.47 5.05 5.26 5.26 6.63 7.57 7.45 2.03 3.86 6.59 0.00 5.27 6.68 0.00 0.00 0.00 3.19 4.03 0.00 7.97 7.06 0.00 6.64 23585135
0.00 3.60 4.86 3.30 6.14 7.79 3.64 4.85 0.00 5.34 5.07 5.07 0.00 6.28 7.55 7.49 2.02 3.66 6.58 0.00 5.23 6.64 0.00 0.00 0.00 3.17 4.03 0.00 7.59 6.92 6.45 6.49 23598225
0.00 3.60 4.94 3.31 6.39 8.10 0.00 4.95 0.00 5.33 5.24 5.08 5.27 6.64 7.53 8.07 2.02 3.53 6.57 0.00 5.13 6.65 0.00 0.00 0.00 0.00 4.03 0.00 7.53 7.01 6.24 6.55 23611315
0.00 3.62 4.93 0.00 6.82 0.00 3.20 4.93 0.00 5.45 5.09 5.08 5.27 6.42 7.62 7.44 2.15 3.59 6.61 0.00 5.16 6.71 0.00 4.51 0.00 3.21 4.03 0.00 0.00 7.08 6.16 0.00 23624405
0.00 3.63 4.95 0.00 6.53 7.73 0.00 4.92 0.00 5.29 5.16 5.10 5.52 6.34 7.58 7.44 2.20 3.82 6.61 0.00 5.26 0.00 9.81 0.00 0.00 3.09 4.04 0.00 7.50 6.95 6.32 0.00 23637495
0.00 3.62 4.93 0.00 6.69 7.69 3.21 4.92 5.22 5.21 5.23 5.08 5.12 6.46 7.60 7.39 2.16 3.57 6.58 0.00 5.25 0.00 0.00 0.00 0.00 3.19 4.04 0.00 7.70 7.01 6.21 6.44 23650585
0.00 3.61 4.92 0.00 6.30 8.33 0.00 5.05 5.25 5.49 5.12 5.11 5.31 6.39 7.57 7.42 2.15 3.56 6.56 0.00 5.14 6.74 0.00 4.96 0.00 3.19 4.03 0.00 7.59 6.96 6.25 6.38 23663675
0.00 3.61 4.92 3.35 6.04 7.69 0.00 0.00 0.00 5.28 5.15 5.10 5.14 6.48 7.56 7.47 2.12 3.55 6.60 0.00 5.26 6.57 0.00 0.00 0.00 3.11 4.04 0.00 0.00 7.05 6.21 6.46 23676765
0.00 3.62 5.01 0.00 6.31 7.71 0.00 5.23 0.00 5.21 5.13 5.12 5.17 6.49 7.56 7.42 2.20 3.42 6.62 0.00 5.53 0.00 0.00 4.77 0.00 3.21 4.05 0.00 7.59 6.95 6.99 6.51 23689855
0.00 3.60 4.84 0.00 6.14 7.68 4.01 0.00 0.00 5.42 5.22 5.07 5.20 6.46 7.54 7.48 2.13 3.35 6.63 0.00 5.50 0.00 0.00 0.00 0.00 3.18 4.04 0.00 7.49 6.93 6.26 6.56 23702945
0.00 3.62 4.96 0.00 6.27 7.66 3.28 5.25 0.00 5.13 5.10 5.13 5.16 6.36 7.59 7.51 2.05 3.29 0.00 8.81 5.17 0.00 0.00 4.37 0.00 3.20 4.02 0.00 7.48 6.96 6.24 6.43 23716035
0.00 3.61 4.92 0.00 6.39 8.11 3.95 5.04 0.00 5.04 5.06 5.09 5.29 6.40 7.58 7.47 2.04 3.42 6.47 9.02 5.25 6.69 0.00 5.36 0.00 3.40 4.05 0.00 7.46 7.04 6.23 6.34 23729125
0.00 3.62 4.93 3.33 6.15 7.70 0.00 5.33 0.00 5.02 5.13 5.10 5.17 6.54 7.78 7.47 2.01 3.41 6.89 8.96 5.31 6.66 0.00 0.00 0.00 3.21 4.03 0.00 7.59 7.02 6.33 6.51 23742215
0.00 3.60 4.93 0.00 5.98 7.52 0.00 5.00 5.18 5.12 5.10 5.12 5.26 6.41 7.65 7.44 2.35 3.52 6.64 8.94 5.16 6.98 9.94 5.78 0.00 3.27 4.01 0.00 7.47 7.10 6.21 0.00 23755305
0.00 3.61 4.94 3.36 5.87 7.64 0.00 4.93 5.22 5.27 5.10 5.09 0.00 6.56 7.66 7.77 2.01 3.39 6.60 8.90 5.27 0.00 0.00 0.00 0.00 3.21 4.05 0.00 7.54 6.95 6.25 7.16 23768395
0.00 3.60 5.02 3.32 5.93 7.71 3.48 5.04 0.00 4.98 5.13 5.28 5.34 6.33 7.92 7.46 2.01 3.70 6.76 8.91 5.19 6.72 0.00 0.00 0.00 0.00 4.04 0.00 7.73 7.00 6.32 6.51 23781485
0.00 3.63 4.99 3.38 5.88 7.66 0.00 4.89 0.00 5.01 5.14 5.26 0.00 6.55 7.67 7.65 2.23 3.52 6.40 8.93 5.23 7.03 0.00 5.48 0.00 3.25 4.07 0.00 7.46 6.92 6.36 6.71 23794575
0.00 3.61 5.20 0.00 6.14 7.52 3.19 5.18 0.00 5.00 5.12 5.14 5.16 6.45 7.65 7.61 2.10 3.44 0.00 8.89 5.11 6.93 0.00 4.42 0.00 3.16 4.06 0.00 7.52 6.91 6.34 6.38 23807665
0.00 3.61 5.05 3.24 5.68 7.63 3.74 5.03 0.00 5.02 5.08 5.19 5.08 6.61 7.73 7.44 2.07 3.47 6.78 8.88 5.63 6.82 0.00 0.00 0.00 3.21 4.04 0.00 7.57 7.10 6.38 7.05 23820755
0.00 3.62 5.11 2.88 5.79 7.25 3.33 5.09 5.39 4.88 5.13 5.11 5.19 6.23 7.68 8.08 2.04 3.63 6.62 8.93 5.28 6.95 4.80 4.57 0.00 3.07 4.02 0.00 0.00 6.88 6.31 6.42 23833845
0.00 3.60 5.06 3.35 5.66 7.49 3.25 5.00 5.12 4.99 5.12 5.22 5.31 6.81 7.66 8.08 2.06 3.46 6.50 9.63 5.58 0.00 0.00 0.00 0.00 3.12 4.02 0.00 7.47 6.95 6.22 6.46 23846935
0.00 3.60 5.17 3.28 5.74 7.62 3.60 5.03 3.40 4.74 5.08 5.83 5.23 6.27 7.86 7.53 2.06 3.53 6.80 0.00 5.45 6.87 0.00 4.58 0.00 3.07 4.01 0.00 7.48 6.97 6.32 6.47 23860025
0.00 3.63 5.16 2.99 5.59 7.08 3.43 4.93 0.00 4.94 5.23 5.11 5.16 6.47 7.79 7.41 2.79 3.57 6.80 9.66 5.53 6.79 0.00 0.00 0.00 3.16 4.03 0.00 7.49 6.92 6.71 6.39 23873115
0.00 3.64 5.08 0.00 5.77 7.22 3.08 5.16 5.15 4.77 5.12 5.13 5.26 6.43 8.41 7.53 2.65 3.60 6.92 8.93 5.38 0.00 0.00 4.41 0.00 3.17 4.02 0.00 7.50 6.96 6.33 6.64 23886205
0.00 3.58 5.05 3.69 5.98 7.21 3.41 4.94 5.19 4.68 5.15 5.14 5.23 6.31 7.72 7.59 2.58 3.48 6.45 9.27 6.26 7.40 0.00 0.00 0.00 3.08 4.03 0.00 7.52 7.00 6.32 6.42 23899295
0.00 3.60 5.09 0.00 5.54 7.31 3.42 5.09 5.47 4.63 5.06 5.36 5.13 6.44 8.44 7.57 2.12 3.48 6.67 9.48 5.80 6.86 0.00 0.00 0.00 3.10 4.05 0.00 7.64 7.04 6.30 0.00 23912385
0.00 3.61 5.52 3.55 5.51 7.01 3.58 5.00 5.15 4.69 5.14 5.19 5.32 6.36 7.84 7.52 2.23 3.53 6.58 9.00 5.33 6.79 0.00 5.45 0.00 3.12 4.05 0.00 7.52 6.90 6.28 6.31 23925475
0.00 3.61 5.03 3.34 5.58 7.17 0.00 4.94 0.00 4.65 5.12 5.15 5.30 6.43 7.81 7.41 2.53 3.64 6.54 9.36 5.57 0.00 0.00 0.00 0.00 3.22 4.04 0.00 7.48 6.88 6.64 6.28 23938565
0.00 3.59 5.11 0.00 5.56 6.97 3.60 4.94 0.00 4.77 5.27 0.00 5.08 6.28 7.75 8.27 2.03 3.58 7.37 9.03 5.61 6.81 0.00 5.20 0.00 3.17 4.14 0.00 8.05 6.93 6.38 6.40 23951655
0.00 3.62 5.18 0.00 5.74 6.98 3.47 4.93 0.00 4.68 5.07 0.00 5.33 6.42 7.82 7.79 2.06 3.60 6.88 9.05 5.58 6.84 0.00 0.00 0.00 3.08 4.04 0.00 0.00 6.97 6.31 6.33 23964745
0.00 3.61 5.08 3.09 5.51 7.18 3.46 4.90 5.18 4.54 5.20 5.13 5.03 6.45 7.68 7.47 2.17 3.60 6.77 9.45 5.52 6.85 0.00 0.00 0.00 3.15 4.05 0.00 7.48 6.88 6.30 6.32 23977835
0.00 3.60 5.63 0.00 5.53 6.92 3.57 4.99 5.96 4.67 5.33 5.15 5.09 6.34 7.76 7.59 2.21 3.52 6.60 9.05 5.45 7.29 0.00 5.46 0.00 3.06 4.04 0.00 7.52 6.89 6.37 6.32 23990925
0.00 3.63 5.01 0.00 5.90 7.01 3.68 5.02 5.19 4.51 5.31 5.14 5.18 6.58 8.44 0.00 2.14 3.92 6.91 9.07 5.64 7.41 0.00 5.17 0.00 3.11 4.05 0.00 7.65 6.90 6.41 0.00 24004015
0.00 3.61 5.07 0.00 6.34 7.26 3.83 4.95 0.00 4.54 5.15 5.12 5.03 6.29 7.89 7.58 2.10 3.54 0.00 9.04 5.58 0.00 0.00 5.10 0.00 3.71 4.03 0.00 7.50 6.89 6.29 6.45 24017105
0.00 3.62 5.22 3.35 5.52 7.13 0.00 5.00 0.00 4.67 5.28 5.14 0.00 6.34 7.83 0.00 2.15 3.67 0.00 9.01 5.74 6.99 0.00 5.05 0.00 3.10 4.04 0.00 7.54 6.90 6.91 6.49 24030195
0.00 3.61 5.07 0.00 5.62 7.22 3.47 5.60 0.00 4.59 5.08 5.22 5.03 6.36 7.74 7.79 2.27 3.56 6.70 9.03 5.57 6.82 0.00 5.15 0.00 3.18 4.04 0.00 7.57 7.13 6.33 6.38 24043285
0.00 3.61 5.20 3.28 5.54 7.11 0.00 4.95 0.00 4.52 5.17 5.16 5.19 6.41 7.75 7.49 2.18 3.78 6.70 8.99 5.39 7.00 0.00 4.71 0.00 3.18 4.04 0.00 7.58 6.92 6.35 6.33 24056375
0.00 3.60 5.15 0.00 5.68 7.18 3.21 4.95 0.00 4.52 5.10 5.20 5.14 6.36 7.86 7.82 2.25 3.55 6.61 8.98 5.57 6.81 0.00 5.21 0.00 3.18 4.05 0.00 7.81 6.89 6.35 0.00 24069465
0.00 3.61 5.07 0.00 5.70 7.16 3.44 4.95 0.00 4.52 0.00 5.18 5.11 6.65 8.01 7.71 2.06 3.77 6.61 8.98 6.21 6.96 0.00 5.14 0.00 3.15 4.06 0.00 7.48 6.96 6.37 6.97 24082555
0.00 3.60 5.21 0.00 5.61 7.04 3.39 4.96 5.77 4.41 5.11 5.29 5.13 6.37 7.97 7.53 2.23 3.61 6.61 9.00 5.55 0.00 0.00 4.63 0.00 3.38 4.03 0.00 7.54 7.11 7.04 6.46 24095645
0.00 3.63 5.01 0.00 6.06 7.02 0.00 4.99 0.00 4.47 5.09 5.23 5.10 6.30 7.78 7.55 2.04 3.71 0.00 8.93 5.81 6.91 0.00 4.56 0.00 3.11 4.02 0.00 7.56 6.99 6.27 6.95 24108735
0.00 3.60 5.08 0.00 5.54 6.88 3.59 4.99 5.21 4.39 5.13 5.14 5.20 6.47 8.50 7.50 2.25 3.88 0.00 0.00 5.56 6.87 0.00 5.12 0.00 3.06 4.04 0.00 7.57 6.94 6.31 6.26 24121825
0.00 3.62 5.78 0.00 5.75 6.88 0.00 4.97 0.00 4.51 5.09 5.10 5.20 6.42 7.82 7.62 2.02 3.48 6.78 0.00 5.60 0.00 0.00 4.50 0.00 0.00 4.03 0.00 7.50 6.92 6.29 6.34 24134915
0.00 3.57 5.00 0.00 5.98 6.86 0.00 4.98 5.22 4.51 5.14 5.68 5.21 6.35 8.54 7.42 0.00 3.42 7.07 0.00 5.92 0.00 0.00 0.00 0.00 0.00 4.03 0.00 7.51 7.12 6.25 6.44 24148005
0.00 3.60 5.68 2.97 5.59 7.11 0.00 5.02 5.21 4.41 5.16 5.12 5.00 6.41 7.90 7.58 2.08 3.90 0.00 8.97 6.07 6.97 0.00 0.00 0.00 3.08 4.02 0.00 7.49 6.95 6.31 6.24 24161095
0.00 3.61 5.06 0.00 5.82 7.06 3.44 5.06 5.18 4.09 5.11 5.17 5.11 6.39 8.00 7.57 2.03 3.60 6.77 8.96 5.90 7.14 0.00 5.14 0.00 3.14 4.01 0.00 7.56 6.86 6.27 6.36 24174185
0.00 3.61 5.26 0.00 5.75 6.75 3.73 5.02 5.72 4.45 5.09 5.24 5.13 6.39 8.62 7.67 2.11 3.45 6.65 8.95 5.97 7.25 0.00 0.00 0.00 3.09 4.03 0.00 7.53 7.01 6.36 6.31 24187275
0.00 3.61 5.53 3.70 5.54 6.80 0.00 5.03 5.77 4.45 5.06 5.26 5.15 6.40 7.96 7.75 2.79 3.35 6.87 8.94 5.76 0.00 0.00 4.60 0.00 3.24 4.03 0.00 7.53 7.05 6.18 0.00 24200365
0.00 3.60 5.68 0.00 5.53 6.95 3.24 0.00 5.34 4.40 5.15 5.19 5.14 6.10 8.04 7.68 2.13 3.81 6.67 8.94 5.82 0.00 0.00 5.43 0.00 3.47 4.03 0.00 7.52 6.99 6.22 6.28 24213455
0.00 3.62 5.06 0.00 5.55 6.52 3.36 0.00 3.33 4.34 5.15 5.14 5.00 6.34 8.03 7.57 0.00 3.37 6.18 8.97 5.79 0.00 0.00 4.66 0.00 3.12 3.96 0.00 7.78 7.60 6.21 6.87 24226545
0.00 3.60 0.00 3.32 5.55 6.45 3.65 5.03 4.64 3.79 5.14 5.27 5.72 5.66 8.12 7.62 2.09 3.61 6.59 9.15 5.84 7.06 0.00 4.60 0.00 3.10 4.02 0.00 7.60 6.95 6.18 6.27 24239635
0.00 3.66 5.41 2.77 5.75 6.50 3.31 5.03 5.19 4.43 5.25 5.23 5.00 6.29 8.22 7.67 0.00 3.63 6.50 8.91 6.24 0.00 6.29 5.36 0.00 3.12 4.05 0.00 7.98 6.94 5.74 6.48 24252725
0.00 3.62 5.31 0.00 5.62 5.74 3.07 5.05 5.32 4.35 5.16 5.50 4.95 6.36 8.78 7.61 2.05 3.44 5.04 9.00 5.70 0.00 0.00 4.50 0.00 3.05 4.04 0.00 7.65 6.99 6.27 6.29 24265815
0.00 3.58 5.25 2.66 5.71 6.09 3.48 4.93 3.90 4.47 5.30 5.14 5.21 6.61 8.50 0.00 2.11 3.61 5.33 8.89 6.05 7.24 9.72 5.09 0.00 0.00 4.02 0.00 7.70 7.56 6.22 6.46 24278905
0.00 3.60 5.26 3.05 5.74 6.18 3.41 5.00 4.53 3.62 5.10 5.17 5.06 7.00 8.41 8.25 0.00 3.50 6.62 8.94 5.83 7.43 0.00 4.73 0.00 3.07 3.99 0.00 7.54 6.83 6.08 6.54 24291995
0.00 3.54 5.36 3.07 5.70 6.15 0.00 4.99 4.89 4.36 5.15 5.17 4.98 7.30 8.45 7.71 2.01 3.56 6.08 8.85 5.95 0.00 2.54 3.37 0.00 3.17 3.96 0.00 7.57 6.94 3.35 6.26 24305085
0.00 3.62 5.50 2.94 5.78 3.27 3.37 4.99 4.94 4.23 5.21 5.27 4.81 6.10 8.31 7.84 2.11 3.49 5.87 8.97 5.96 7.28 0.00 4.30 0.00 3.45 4.04 0.00 6.52 6.83 6.15 6.89 24318175
0.00 3.47 5.27 0.00 5.66 5.99 3.12 4.87 4.92 3.93 5.30 5.30 3.97 3.71 8.66 0.00 2.06 3.89 6.32 9.10 6.06 7.47 0.00 5.44 0.00 3.20 4.04 0.00 7.54 6.82 5.08 6.45 24331265
0.00 3.62 5.07 2.07 5.66 6.07 3.28 4.87 4.88 3.87 5.24 5.18 4.76 4.65 8.49 8.02 2.10 3.59 5.98 9.00 6.09 0.00 6.50 5.00 0.00 3.13 4.01 0.00 7.57 7.47 4.07 6.43 24344355
6.29 3.60 5.00 3.02 5.68 5.89 2.60 4.96 4.15 4.08 5.24 5.54 5.03 3.61 8.57 7.61 2.16 3.30 5.37 9.12 2.70 7.30 4.49 4.22 0.00 3.49 2.89 0.00 5.23 6.85 6.14 6.09 24357445
0.00 3.54 4.99 2.32 5.72 5.89 3.63 5.24 3.76 3.94 5.60 5.22 5.42 7.86 8.46 0.00 2.11 3.21 5.42 9.01 4.95 7.38 4.19 2.64 0.00 3.18 3.83 0.00 4.59 7.05 6.18 6.47 24370535
0.00 3.49 4.89 2.29 6.00 4.20 3.14 4.85 4.52 3.18 5.31 5.27 5.46 6.22 5.02 7.89 2.14 3.38 6.33 9.03 5.34 0.00 4.44 2.08 0.00 3.24 3.27 0.00 7.62 6.92 4.67 6.86 24383625
5.86 3.23 4.62 2.96 5.68 5.90 2.85 4.31 2.72 4.23 5.34 5.56 5.96 4.52 8.43 0.00 2.06 3.46 6.65 9.01 2.43 7.43 2.53 3.22 0.00 3.30 3.29 0.00 3.61 5.10 5.51 6.68 24396715
5.63 2.94 4.94 2.50 5.80 5.05 3.36 4.52 4.05 2.63 5.38 5.47 5.51 4.25 8.41 0.00 2.07 3.11 3.13 9.60 2.38 6.00 5.13 3.92 0.00 3.27 3.74 0.00 2.82 6.08 4.23 4.28 24409805
5.88 3.09 3.95 3.14 5.01 6.05 2.90 4.65 4.58 2.25 5.04 5.50 6.00 2.60 8.40 0.00 2.54 3.44 5.53 0.00 2.41 0.00 2.58 4.84 0.00 3.40 2.85 0.00 5.76 7.00 2.83 4.46 24422895
5.50 3.31 3.84 2.50 5.82 3.32 3.20 2.41 2.73 2.60 5.35 5.91 5.46 4.01 8.42 0.00 2.06 3.46 5.50 9.11 3.11 0.00 3.30 2.80 0.00 3.43 3.08 0.00 5.88 5.84 4.13 4.63 24435985
4.17 2.80 2.96 2.50 5.53 4.25 2.53 4.38 3.05 2.86 4.37 5.84 6.26 4.21 6.19 0.00 2.15 2.37 2.64 0.00 2.48 0.00 2.45 2.37 0.00 3.40 3.54 0.00 4.38 4.50 2.90 3.59 24449075
4.17 2.42 5.08 2.55 5.60 4.78 2.82 2.49 3.21 2.35 4.88 5.75 3.22 2.86 8.54 5.80 2.06 3.89 3.00 3.80 2.38 0.00 2.72 2.22 0.00 3.24 2.77 0.00 3.24 2.59 3.82 3.28 24462165
3.61 2.46 3.68 2.88 3.16 2.39 3.34 2.66 3.09 2.22 3.73 2.67 6.17 2.72 6.71 2.28 2.10 3.26 3.53 2.68 2.23 0.00 2.53 2.40 0.00 3.22 2.52 0.00 4.64 3.18 2.67 3.81 24475255
2.66 2.44 3.84 2.27 3.44 2.27 2.85 3.24 2.94 2.69 2.95 5.97 4.10 3.04 4.84 3.35 2.77 3.31 5.79 5.40 2.26 2.90 2.10 2.55 0.00 2.61 3.70 0.00 2.54 2.54 3.15 3.33 24488345
3.56 2.30 2.12 2.24 4.38 3.34 2.34 2.24 3.07 2.82 2.76 2.29 3.88 3.31 2.12 2.26 2.41 2.19 2.21 5.86 2.41 2.41 2.50 2.44 0.00 2.89 2.68 3.07 2.53 3.05 2.90 4.49 24501435
3.64 2.40 2.88 2.46 4.30 2.14 2.63 2.79 2.58 2.41 2.23 2.32 2.22 2.69 3.20 2.53 2.14 3.27 2.96 2.97 2.41 0.00 2.78 3.06 0.00 2.85 2.63 0.00 2.54 2.62 2.99 2.71 24514525
2.15 3.33 2.72 2.88 2.29 2.08 2.62 2.56 2.35 3.00 3.84 3.06 2.90 2.75 2.94 2.04 2.15 3.16 2.43 2.27 2.16 0.00 2.65 2.58 0.00 2.72 2.70 2.35 2.28 2.63 2.84 3.99 24527615
2.87 2.28 2.51 2.52 3.68 2.42 2.65 2.61 2.84 2.38 2.07 2.97 3.20 2.62 2.93 3.16 2.11 2.22 2.94 2.36 3.10 0.00 2.71 2.05 0.00 2.81 3.50 0.00 2.46 2.22 4.33 3.05 24540705
2.30 2.31 2.61 2.85 2.58 2.51 2.70 2.32 2.81 2.70 3.21 2.19 3.40 2.51 3.37 2.70 2.21 2.15 4.21 2.58 2.59 0.00 3.04 2.95 0.00 2.93 2.84 0.00 4.02 3.14 2.33 4.18 24553795
5.92 2.64 2.66 2.34 2.59 2.71 2.71 2.85 2.82 2.36 3.03 2.26 3.17 2.93 2.69 3.10 2.44 3.38 2.28 2.59 2.44 5.73 2.48 2.82 0.00 2.64 3.26 3.26 2.83 2.38 2.66 3.12 24566885
3.11 2.71 3.82 2.19 2.57 3.28 2.36 2.99 2.60 2.26 3.46 3.41 4.50 2.61 4.85 2.74 2.24 2.30 4.54 2.38 2.98 2.36 2.39 0.00 0.00 3.11 3.16 0.00 3.03 2.25 2.50 3.66 24579975
3.08 2.67 3.04 2.25 3.06 2.39 3.53 2.72 2.73 2.36 2.19 2.98 3.44 3.43 2.70 3.25 2.06 3.28 2.44 3.21 2.33 0.00 2.74 0.00 0.00 3.27 3.41 2.19 2.53 3.21 3.08 4.39 24593065
2.40 2.41 2.47 2.28 3.67 2.35 2.65 2.74 2.58 2.29 3.05 2.49 2.47 2.32 3.03 3.51 2.50 3.37 2.59 4.94 3.27 0.00 2.17 2.53 0.00 2.57 2.84 3.05 2.64 2.95 2.21 3.88 24606155
5.74 2.54 3.36 2.47 3.00 2.45 3.22 2.57 2.55 2.50 2.17 3.75 3.04 2.59 4.39 2.70 2.49 3.08 3.11 3.66 3.05 5.73 2.48 2.66 0.00 3.10 2.74 2.21 2.79 2.21 2.70 4.46 24619245
3.41 2.42 2.80 2.54 3.16 2.45 2.16 2.63 2.61 2.41 3.33 2.36 4.36 2.74 3.30 2.41 2.43 2.94 2.45 2.61 2.82 0.00 2.67 2.32 0.00 2.99 2.23 2.86 3.55 3.01 2.88 4.24 24632335
3.28 3.38 3.24 2.22 3.12 2.59 2.50 3.01 2.88 2.50 2.70 2.47 4.52 3.54 2.47 2.40 2.27 2.30 3.51 2.18 2.59 5.60 2.42 2.29 0.00 3.78 2.44 4.20 2.71 2.74 2.44 2.53 24645425
2.31 2.35 4.75 2.93 2.89 2.47 2.40 4.60 2.45 2.24 2.27 2.84 3.95 2.67 3.29 4.21 2.04 2.64 2.52 2.60 4.39 2.65 2.36 2.38 0.00 3.49 3.20 3.78 2.98 3.22 3.41 3.82 24658515
2.35 3.46 4.36 2.52 4.42 3.13 2.60 2.62 2.41 2.44 2.23 2.22 2.28 2.63 3.02 2.38 2.38 3.37 3.46 2.68 2.66 0.00 2.56 2.89 0.00 2.45 2.27 3.09 2.65 4.07 2.90 4.66 24671605
0.00 3.23 4.58 2.37 4.86 2.85 3.23 2.60 2.22 2.32 2.20 2.51 2.79 2.32 2.75 2.44 2.27 2.48 3.79 2.72 2.38 0.00 2.38 2.60 0.00 3.17 3.73 2.44 2.63 3.11 2.48 4.65 24684695
2.54 2.57 5.10 2.51 2.93 2.46 2.65 3.01 2.89 2.87 3.38 7.08 3.71 2.61 2.70 2.84 2.07 2.56 2.31 3.27 3.78 0.00 2.87 2.18 0.00 4.44 2.82 2.62 2.17 3.59 2.80 4.77 24697785
3.40 2.66 2.19 2.33 2.71 2.39 3.22 2.63 2.74 2.39 2.51 0.00 2.81 2.22 3.87 4.68 2.21 3.63 2.80 2.63 2.91 0.00 2.52 2.51 0.00 4.65 2.93 3.00 2.39 2.68 2.52 4.45 24710875
2.57 2.70 4.57 2.30 4.17 3.02 2.77 3.94 2.99 3.01 4.15 4.75 3.91 3.08 2.94 2.83 2.05 2.51 2.91 2.55 2.99 5.60 2.43 2.25 0.00 4.61 3.16 3.48 2.31 3.39 3.21 4.34 24723965
3.29 2.86 3.91 2.88 3.29 2.45 2.41 4.43 3.30 2.40 3.20 6.93 3.60 2.54 5.16 3.59 2.08 2.90 3.33 4.22 2.78 5.59 2.80 2.57 0.00 4.62 3.53 3.49 2.70 3.06 2.79 3.33 24737055
5.33 2.87 2.82 2.09 2.62 3.00 2.63 2.78 2.66 2.57 5.33 3.17 3.80 2.33 3.79 2.98 2.14 3.22 2.41 2.43 3.33 5.57 3.61 2.85 0.00 4.42 2.51 3.28 2.76 3.22 3.89 5.45 24750145
4.47 2.73 4.96 2.59 4.81 3.81 2.46 4.98 2.31 2.51 2.50 3.02 4.49 2.42 2.74 4.56 2.36 3.43 2.39 2.06 4.39 0.00 2.42 2.20 0.00 2.43 4.01 3.61 3.62 3.97 4.32 5.66 24763235
5.44 2.63 2.65 2.82 3.77 4.09 3.20 2.86 2.45 2.60 2.60 3.50 3.79 3.58 4.40 3.93 2.06 3.00 4.56 2.15 4.43 0.00 2.64 2.16 0.00 4.26 2.58 3.99 3.21 2.16 3.73 5.72 24776325
4.61 3.45 2.97 2.58 4.70 2.88 2.79 3.05 4.30 2.38 3.52 6.00 3.57 2.88 4.70 4.82 2.54 2.37 6.05 3.55 2.14 0.00 3.75 2.07 0.00 2.83 2.82 3.69 2.61 3.99 2.90 5.73 24789415
4.87 2.78 4.76 2.63 4.11 3.55 3.18 3.66 3.77 2.39 3.02 6.86 4.10 3.14 5.28 4.00 2.04 2.77 6.14 8.86 2.98 6.16 2.28 2.77 0.00 4.70 4.27 3.32 2.87 2.42 3.57 5.00 24802505
4.79 2.26 4.89 2.85 4.68 4.64 2.98 4.59 2.45 3.16 5.69 6.36 4.87 2.64 4.57 3.49 2.80 2.66 3.42 2.75 3.52 5.89 3.05 2.12 0.00 4.45 3.11 3.31 2.94 2.90 3.99 5.78 24815595
4.45 2.87 3.66 2.56 4.36 2.78 3.06 4.33 4.42 2.15 5.02 2.70 5.11 3.15 3.90 4.21 2.02 3.76 2.47 5.49 3.96 5.86 2.51 2.63 0.00 4.61 2.59 3.10 2.81 2.49 3.85 5.80 24828685
4.13 3.60 5.23 2.49 4.74 3.15 2.64 4.35 4.18 2.36 7.21 7.24 4.43 3.08 4.75 4.79 2.32 3.09 4.49 6.13 3.59 0.00 4.52 3.76 0.00 4.55 4.30 3.03 3.78 3.83 4.49 2.89 24841775
4.42 3.56 5.15 2.63 4.68 3.31 2.95 3.70 2.51 3.10 6.16 6.83 5.39 5.00 5.17 4.38 2.67 3.63 4.31 4.22 4.86 0.00 3.37 2.32 0.00 4.53 3.37 3.30 3.55 4.53 4.41 4.08 24854865
3.98 3.08 5.04 2.45 4.67 4.07 2.62 4.53 3.13 3.14 6.87 7.53 4.56 3.72 5.25 4.60 2.37 3.15 3.23 7.94 4.59 0.00 3.37 3.47 0.00 5.32 5.57 3.05 3.04 3.05 5.15 6.07 24867955
3.83 3.12 5.13 2.57 4.88 3.04 3.25 4.50 2.46 2.83 6.25 7.03 5.10 2.35 5.21 4.30 2.09 3.06 5.30 0.00 3.73 6.23 3.68 2.63 0.00 3.70 4.54 3.05 3.06 2.87 3.48 0.00 24881045
3.54 3.38 5.15 2.38 4.62 4.32 3.21 4.58 3.95 2.35 6.64 6.84 4.18 2.97 5.21 4.48 2.04 3.50 5.55 8.76 3.98 0.00 3.19 3.05 0.00 4.53 6.00 2.90 3.77 3.46 4.62 6.23 24894135
4.25 3.70 5.20 3.33 4.68 4.43 0.00 4.16 3.08 3.87 7.19 7.02 5.16 4.80 5.11 4.53 2.08 3.61 6.72 8.49 5.57 6.18 3.93 2.55 0.00 4.74 4.93 3.11 2.44 4.32 5.50 6.44 24907225
3.82 3.65 5.09 2.74 4.71 4.17 3.24 4.57 5.18 2.22 7.27 7.16 5.17 5.65 5.14 4.61 2.04 3.74 6.30 8.85 3.61 6.10 5.87 4.26 0.00 4.80 5.40 3.73 3.82 4.55 5.45 0.00 24920315
3.53 3.45 5.16 2.67 4.68 3.55 2.95 4.85 2.76 6.09 6.96 6.78 5.71 5.61 5.09 4.37 2.12 3.68 6.42 9.06 0.00 6.13 3.47 3.06 0.00 4.44 6.30 2.88 3.81 4.50 5.51 6.28 24933405
3.60 3.42 0.00 2.54 4.66 4.40 3.72 4.64 0.00 6.51 7.21 6.82 5.20 5.71 5.07 4.81 2.07 3.93 5.81 8.59 5.41 0.00 5.49 4.50 0.00 0.00 6.09 2.96 3.75 4.81 5.47 6.60 24946495
3.62 3.34 5.18 0.00 4.73 4.50 3.07 4.76 5.20 6.61 7.31 7.43 5.08 5.68 5.25 3.56 0.00 3.73 6.67 0.00 5.40 6.19 0.00 5.30 0.00 4.39 6.21 2.87 3.73 3.99 5.89 6.59 24959585
3.88 3.41 5.27 2.91 4.82 4.47 3.54 5.08 5.14 6.37 7.63 6.69 5.36 5.66 5.20 4.39 2.07 3.55 6.12 8.52 5.41 0.00 0.00 4.48 0.00 4.40 6.24 2.78 3.68 4.52 5.78 6.51 24972675
0.00 3.33 5.14 3.07 4.88 4.60 3.18 4.78 5.31 7.22 7.21 6.79 5.62 5.69 5.11 4.37 0.00 3.83 6.21 0.00 5.80 6.21 0.00 4.68 0.00 4.32 5.99 2.84 3.93 4.68 5.53 6.73 24985765
3.85 3.48 5.16 2.63 4.75 4.48 3.39 4.94 5.17 7.45 7.56 7.10 5.26 5.89 5.22 4.37 2.78 3.61 4.81 8.65 5.89 6.20 9.89 4.84 0.00 4.45 5.48 2.93 3.74 4.53 5.85 6.65 24998855
3.55 3.34 5.12 3.14 4.68 4.72 3.63 4.79 0.00 7.47 7.25 7.08 5.11 5.70 5.09 4.34 2.06 3.56 6.20 9.08 5.45 0.00 9.86 5.55 0.00 4.85 6.01 3.02 3.76 4.53 5.62 7.04 25011945
3.55 3.31 5.31 0.00 4.68 4.54 3.44 4.72 5.21 7.51 7.25 0.00 5.79 5.65 0.00 4.41 2.01 3.85 6.54 9.12 5.45 6.23 9.81 5.08 0.00 4.78 6.00 2.99 3.69 4.55 5.70 6.70 25025035
3.59 3.31 5.16 3.35 4.69 4.51 3.42 0.00 5.22 6.47 7.24 6.64 5.53 5.70 5.15 4.34 2.37 3.60 6.50 8.70 5.41 6.17 0.00 0.00 0.00 4.46 6.02 3.40 3.67 4.51 5.65 6.84 25038125
3.40 3.29 5.00 0.00 4.77 4.46 3.39 5.04 5.19 7.50 7.28 6.75 5.25 5.74 5.35 4.46 2.74 3.81 6.31 8.52 5.34 0.00 0.00 4.76 0.00 4.36 6.02 2.96 3.67 4.68 5.65 7.13 25051215
3.37 3.32 5.16 3.40 4.77 4.69 0.00 4.96 0.00 7.49 7.24 6.80 5.18 5.79 5.16 4.35 0.00 3.66 6.38 8.51 5.34 6.10 0.00 0.00 0.00 4.32 6.14 2.87 3.63 4.57 5.60 6.74 25064305
3.49 3.30 5.17 0.00 4.87 4.52 4.04 4.88 0.00 7.54 7.31 7.40 5.09 5.70 5.19 4.35 2.66 3.62 6.56 8.66 5.60 0.00 2.09 4.62 0.00 4.27 6.13 3.55 3.76 4.71 5.50 6.84 25077395
3.44 3.28 5.16 3.35 4.82 4.45 0.00 4.78 0.00 7.52 7.30 0.00 5.15 5.68 5.12 4.31 2.12 3.61 6.32 8.41 5.28 0.00 0.00 0.00 0.00 4.24 6.15 2.92 3.67 4.52 5.57 6.91 25090485
3.59 3.35 5.13 0.00 4.66 4.55 0.00 4.76 0.00 7.52 7.24 6.82 5.13 5.67 5.80 4.33 2.36 3.57 6.25 8.29 5.31 6.06 0.00 0.00 0.00 4.39 6.14 2.90 3.84 4.55 5.73 7.49 25103575
3.47 3.31 5.55 0.00 4.64 4.46 0.00 5.09 5.13 7.51 7.27 0.00 5.05 5.65 5.12 4.92 2.11 4.34 6.63 8.37 5.32 6.05 0.00 4.36 0.00 4.42 6.11 2.90 3.75 4.54 5.54 0.00 25116665
3.44 3.30 5.24 0.00 4.63 4.55 0.00 4.85 0.00 7.52 7.25 6.78 5.15 5.64 5.18 4.40 2.09 3.62 6.63 8.41 5.54 6.10 0.00 4.35 0.00 4.38 6.12 2.91 3.72 4.61 5.68 6.99 25129755
3.52 3.31 4.97 0.00 4.64 4.48 0.00 4.81 5.14 7.51 7.28 6.72 5.18 5.66 5.12 4.37 2.10 3.48 6.47 8.76 5.36 0.00 0.00 0.00 0.00 4.38 6.13 3.32 3.67 4.59 5.55 6.78 25142845
3.41 3.32 5.12 0.00 4.64 4.44 0.00 4.84 0.00 7.61 7.27 6.81 5.07 5.66 5.09 4.40 2.09 3.71 6.44 8.75 5.53 6.07 0.00 0.00 0.00 4.41 6.14 2.92 3.80 4.65 5.59 6.87 25155935
3.40 3.37 5.06 0.00 4.65 4.46 3.53 4.80 0.00 7.53 7.28 6.70 5.26 5.69 5.09 4.38 2.08 3.53 6.59 8.71 5.81 6.03 0.00 0.00 0.00 4.42 6.12 2.91 3.79 4.59 5.54 6.77 25169025
3.38 3.37 5.27 0.00 4.64 4.62 3.60 4.78 5.43 7.52 7.28 6.76 5.09 5.69 5.09 4.36 2.05 3.72 6.56 8.47 5.50 6.17 0.00 0.00 0.00 4.41 6.13 2.93 3.78 4.65 5.74 6.93 25182115
3.63 3.36 5.14 0.00 4.64 4.43 0.00 4.81 0.00 7.51 7.27 6.76 5.20 5.69 5.10 4.34 2.09 3.73 6.40 8.51 5.39 0.00 0.00 0.00 0.00 4.43 6.14 2.92 4.00 4.63 5.70 6.81 25195205
3.33 3.31 5.06 0.00 4.65 4.55 0.00 4.76 0.00 7.52 7.29 6.68 5.73 5.69 5.10 4.35 2.12 3.86 6.44 8.69 5.44 0.00 0.00 4.71 0.00 4.43 6.13 2.91 3.77 4.54 5.52 6.77 25208295
3.37 3.27 5.25 3.06 4.66 4.73 0.00 4.81 0.00 7.50 7.26 6.67 5.34 5.70 5.10 4.36 0.00 3.69 6.56 8.79 5.46 0.00 0.00 4.69 0.00 4.42 6.15 2.91 3.75 4.51 5.70 6.85 25221385
3.44 3.34 5.04 2.95 4.65 4.59 0.00 4.85 0.00 7.49 7.26 6.70 5.25 5.71 5.10 4.60 2.16 3.65 6.74 8.73 5.54 6.73 0.00 4.71 0.00 4.43 6.13 2.99 3.77 4.61 5.63 6.76 25234475
3.45 3.33 5.02 0.00 4.66 4.56 0.00 4.84 0.00 7.49 7.28 6.69 5.28 5.69 5.10 4.42 2.19 3.67 6.37 8.81 5.43 6.14 0.00 4.70 0.00 4.41 6.13 3.25 3.75 4.51 5.52 6.79 25247565
3.37 3.46 5.12 3.03 4.65 4.54 0.00 4.83 0.00 7.49 7.27 6.68 5.27 5.68 5.10 4.45 2.19 3.90 6.77 8.97 5.32 6.11 0.00 4.72 0.00 4.42 6.13 3.17 3.90 4.72 5.75 6.75 25260655
3.48 3.33 5.12 0.00 4.64 4.56 0.00 4.83 0.00 7.50 7.27 0.00 5.22 5.67 5.11 4.43 2.16 3.84 6.76 8.83 5.42 6.15 0.00 4.89 0.00 4.42 6.13 3.28 4.01 4.50 5.47 6.74 25273745
3.56 3.25 5.09 0.00 4.64 4.60 0.00 4.83 0.00 7.50 7.27 6.93 5.12 5.67 5.10 4.40 2.17 3.64 6.99 8.52 5.44 6.31 0.00 4.93 0.00 4.39 6.12 3.61 3.69 4.58 5.49 6.74 25286835
3.45 3.25 5.27 0.00 4.65 4.43 0.00 4.86 0.00 7.54 7.29 0.00 5.48 5.69 5.10 4.40 2.16 3.57 6.97 0.00 5.35 6.17 0.00 4.36 0.00 4.41 6.13 3.27 4.38 4.88 5.52 6.76 25299925
3.37 3.24 5.07 0.00 4.66 4.50 0.00 4.95 0.00 7.50 7.28 6.95 5.28 5.67 5.12 4.41 2.17 3.75 6.62 8.60 5.35 6.20 0.00 4.69 0.00 4.42 6.13 3.02 3.66 4.52 5.61 6.77 25313015
3.42 3.57 5.11 0.00 4.63 4.53 0.00 5.05 0.00 7.50 7.28 7.35 5.44 5.68 5.16 4.68 2.17 3.75 0.00 8.50 5.39 6.11 0.00 4.73 0.00 4.44 6.13 3.11 3.64 4.49 5.59 6.76 25326105
3.39 3.35 5.12 0.00 4.64 4.49 0.00 4.87 0.00 7.53 7.28 0.00 5.10 5.69 5.15 4.36 2.19 3.70 0.00 8.42 5.48 6.34 0.00 4.74 0.00 4.43 6.12 2.84 3.65 4.49 5.53 6.76 25339195
3.54 3.24 5.15 0.00 4.63 4.50 0.00 4.91 0.00 7.52 7.27 6.62 5.27 5.67 5.22 4.37 2.26 3.63 0.00 8.61 5.40 6.21 0.00 0.00 0.00 4.43 6.12 2.87 3.71 4.51 5.57 6.74 25352285
3.37 3.22 5.19 3.00 4.67 4.47 0.00 4.90 0.00 7.52 7.26 0.00 5.25 5.65 5.11 4.44 2.05 3.85 6.27 8.19 5.35 6.14 0.00 4.72 0.00 4.43 6.13 2.81 3.65 4.50 5.53 6.79 25365375
3.36 3.48 5.06 0.00 4.65 4.44 0.00 0.00 0.00 7.59 7.28 7.10 5.12 5.68 5.14 4.32 2.47 3.56 6.82 8.24 5.39 6.17 0.00 4.71 0.00 4.43 6.12 2.94 3.65 4.48 5.66 6.96 25378465
3.38 3.28 5.20 0.00 4.67 4.43 0.00 4.79 0.00 7.49 7.28 6.62 5.53 5.69 5.12 4.45 2.10 4.46 0.00 8.54 5.39 0.00 0.00 4.31 0.00 4.44 6.11 2.81 3.72 4.49 5.57 6.94 25391555
3.41 3.27 5.10 2.93 4.66 4.49 0.00 0.00 0.00 7.55 7.27 6.64 5.38 5.68 5.15 4.36 2.06 3.72 6.58 8.48 5.37 6.12 0.00 4.35 0.00 4.46 6.12 2.88 3.64 4.47 5.58 6.71 25404645
3.50 3.27 5.23 2.95 4.65 4.44 0.00 4.80 0.00 7.51 7.27 6.87 5.20 5.72 5.12 4.62 2.05 3.82 6.57 8.82 5.36 6.27 0.00 4.32 0.00 4.45 6.11 2.91 3.64 4.49 5.50 6.74 25417735
3.34 3.24 5.07 2.98 4.66 4.43 0.00 5.08 0.00 7.61 7.26 6.65 5.22 5.71 5.34 4.35 2.05 3.82 6.60 8.42 5.35 6.20 0.00 4.34 0.00 4.45 6.12 3.36 3.62 4.50 5.55 6.78 25430825
3.41 3.23 4.97 3.01 4.66 4.47 0.00 5.00 0.00 7.61 7.28 6.62 5.13 5.70 0.00 4.34 2.01 3.63 6.57 0.00 5.32 0.00 9.81 4.34 0.00 4.45 6.12 2.95 3.64 4.64 5.49 6.80 25443915
3.40 3.25 5.01 0.00 4.66 4.47 0.00 4.83 0.00 7.56 7.29 6.64 5.07 5.72 5.41 4.34 3.11 3.74 6.54 8.87 5.47 6.17 0.00 4.38 0.00 4.45 6.12 3.01 3.63 4.48 5.51 6.81 25457005
0.00 3.25 5.10 3.03 4.66 4.47 0.00 4.82 0.00 7.62 7.27 6.61 5.05 5.67 5.48 4.38 3.10 3.83 6.53 9.00 5.46 6.03 0.00 4.34 0.00 4.47 6.12 2.83 3.72 4.50 5.49 6.83 25470095
3.48 3.26 5.09 3.02 4.68 4.49 0.00 4.94 0.00 7.51 7.28 6.62 5.07 5.68 0.00 4.48 3.09 0.00 6.54 8.18 5.51 0.00 0.00 4.36 0.00 4.46 6.12 2.79 3.71 4.50 6.21 6.93 25483185
3.34 3.24 5.10 3.00 4.69 4.47 0.00 4.87 0.00 7.53 7.29 0.00 5.05 5.67 0.00 4.47 3.09 3.63 6.56 8.54 5.51 6.24 0.00 4.37 0.00 4.44 6.11 2.85 3.63 4.49 5.56 6.87 25496275
3.39 3.23 5.15 2.99 4.70 4.41 0.00 4.88 0.00 7.52 7.29 6.75 5.26 5.66 0.00 4.48 3.08 3.64 6.58 8.93 5.53 0.00 0.00 4.35 0.00 4.58 6.12 0.00 3.67 4.49 5.47 6.96 25509365
3.35 3.26 5.12 3.05 4.78 4.42 0.00 4.86 0.00 7.54 7.29 6.76 5.09 5.67 5.13 4.51 3.08 3.58 6.52 8.41 5.67 6.24 0.00 4.36 0.00 4.48 6.13 3.59 3.68 4.86 5.58 7.07 25522455
3.44 3.33 5.12 0.00 4.68 4.50 0.00 4.82 0.00 7.62 7.30 6.65 5.05 5.64 5.13 4.52 3.10 3.52 6.52 8.66 5.49 0.00 9.78 4.38 0.00 4.50 6.12 2.73 3.68 4.50 5.49 7.09 25535545
3.43 3.25 5.10 0.00 4.68 4.52 0.00 4.87 0.00 7.59 7.29 6.68 5.20 5.66 5.15 4.42 3.12 3.54 6.52 8.71 5.55 6.05 0.00 4.36 0.00 4.51 6.12 2.73 3.67 4.60 5.56 6.95 25548635
3.31 3.23 5.13 3.05 4.71 4.46 0.00 4.86 0.00 7.52 7.30 6.68 5.22 5.72 5.12 4.67 3.14 3.53 6.52 8.87 5.63 0.00 0.00 4.34 0.00 4.53 6.13 2.73 3.66 4.60 5.71 7.54 25561725
3.34 3.28 5.15 3.02 4.69 4.46 0.00 4.86 0.00 7.58 7.31 6.69 5.22 5.72 5.13 4.60 3.06 3.52 6.52 8.88 5.53 0.00 0.00 4.35 0.00 4.48 6.12 2.75 3.69 4.60 5.54 0.00 25574815
3.38 3.35 5.20 0.00 4.70 4.49 3.47 4.87 0.00 7.60 7.31 6.68 5.39 5.71 0.00 4.37 3.07 3.54 6.47 8.86 5.37 0.00 0.00 4.35 0.00 4.50 6.12 2.77 3.69 4.60 5.57 6.99 25587905
3.31 3.28 5.04 3.04 4.70 4.51 0.00 4.82 0.00 7.61 7.30 6.68 5.12 5.71 0.00 4.39 3.07 3.55 6.51 8.73 5.34 6.06 0.00 4.35 0.00 4.53 6.12 2.77 0.00 4.59 5.64 6.96 25600995
3.30 3.29 5.05 0.00 4.68 4.50 0.00 4.85 0.00 7.61 7.30 6.67 5.15 5.72 5.22 4.40 3.07 3.55 6.50 8.71 5.34 6.08 0.00 4.35 0.00 0.00 6.13 2.81 3.89 4.60 5.55 7.25 25614085
3.32 3.25 5.33 3.26 4.68 4.50 0.00 4.84 0.00 7.61 7.31 6.68 5.16 5.71 5.13 4.37 3.08 3.55 6.45 8.64 5.48 6.07 0.00 4.35 0.00 4.51 6.12 2.82 3.73 4.59 6.24 6.84 25627175
3.37 3.34 5.19 2.98 4.69 4.51 0.00 4.88 0.00 7.60 7.29 6.68 5.15 5.71 5.16 4.42 3.10 3.58 6.50 8.71 5.37 6.09 0.00 4.35 0.00 4.52 6.12 2.86 3.93 4.60 5.55 7.12 25640265