3.65 3.48 0.00 0.00 5.54 4.82 0.00 5.42 3.41 2.81 4.60 5.24 4.59 5.95 6.57 0.00 2.13 3.18 6.10 8.04 5.42 0.00 0.00 5.16 0.00 0.00 3.67 0.00 2.61 2.82 2.40 2.49 11760568
3.65 3.46 0.00 0.00 5.54 4.81 0.00 5.44 3.42 2.81 4.61 5.23 4.49 5.93 6.56 0.00 2.12 3.20 6.09 7.99 5.43 0.00 0.00 5.15 0.00 0.00 3.55 0.00 2.62 2.83 2.53 2.49 11773658
3.63 3.46 0.00 0.00 5.55 4.96 0.00 5.43 3.41 2.80 4.60 5.25 4.55 5.93 6.55 0.00 2.13 3.22 6.10 7.99 5.43 0.00 0.00 5.16 0.00 0.00 3.64 0.00 2.60 2.83 2.55 2.48 11786748
3.63 3.46 0.00 0.00 5.55 4.95 0.00 5.49 3.42 2.79 4.61 5.24 4.49 5.94 6.55 0.00 2.13 3.29 6.11 7.99 5.42 0.00 0.00 5.16 0.00 0.00 3.65 0.00 2.62 2.82 2.54 2.48 11799838
3.64 3.46 0.00 0.00 5.54 4.97 0.00 5.48 3.40 2.81 4.60 5.24 4.48 5.93 6.56 0.00 2.13 3.30 6.24 8.00 5.41 0.00 0.00 5.16 0.00 0.00 3.64 0.00 2.62 2.83 2.54 2.49 11812928
3.63 3.46 0.00 0.00 5.55 4.96 0.00 5.50 3.41 2.80 4.61 5.24 4.62 5.93 6.55 0.00 2.13 3.32 6.39 8.03 5.42 0.00 0.00 5.16 0.00 0.00 3.64 2.84 2.62 2.82 2.53 2.48 11826018
3.65 3.44 0.00 0.00 5.51 4.95 0.00 5.49 3.42 2.81 4.59 5.24 4.56 5.92 6.56 0.00 2.13 3.28 6.41 8.04 5.42 0.00 0.00 5.17 0.00 0.00 4.02 2.72 2.63 2.83 2.52 2.48 11839108
3.64 3.44 0.00 0.00 5.53 4.81 0.00 5.50 3.42 2.80 4.60 5.25 4.44 5.93 6.56 0.00 2.12 3.32 6.41 7.97 5.41 0.00 0.00 5.02 0.00 0.00 4.25 2.32 2.70 2.82 2.43 2.50 11852198
3.65 3.44 0.00 0.00 5.66 4.82 0.00 5.49 3.41 2.80 4.60 5.24 4.43 5.91 6.56 7.18 2.13 3.33 6.41 7.94 5.53 5.95 0.00 5.17 0.00 0.00 3.58 2.18 3.35 2.83 2.83 2.52 11865288
3.63 3.44 0.00 0.00 5.50 4.81 0.00 5.50 3.40 2.79 4.62 5.25 4.44 5.94 6.54 7.17 2.12 3.32 6.21 7.94 5.42 5.83 0.00 5.14 0.00 0.00 3.45 2.19 2.62 3.00 2.74 2.48 11878378
3.62 3.44 0.00 0.00 5.35 4.80 0.00 5.48 3.40 2.80 4.63 5.23 4.75 5.89 6.55 7.16 2.12 3.02 6.21 7.95 5.48 6.50 0.00 5.16 0.00 0.00 3.54 0.00 2.60 2.81 2.44 2.55 11891468
3.61 3.45 0.00 0.00 5.35 4.88 0.00 5.46 3.53 2.78 4.62 5.25 4.48 5.92 6.55 6.34 2.12 2.89 6.18 7.84 5.54 0.00 0.00 5.14 0.00 3.07 3.45 0.00 2.62 2.83 2.31 2.50 11904558
3.62 3.56 0.00 0.00 5.38 4.89 0.00 5.46 3.56 2.77 4.63 5.23 4.63 5.93 6.55 6.35 2.13 3.21 6.23 7.93 5.48 0.00 0.00 5.15 0.00 3.04 3.55 2.41 2.60 2.90 2.39 2.48 11917648
3.63 3.68 0.00 0.00 5.80 4.87 0.00 5.53 3.54 2.81 4.61 5.22 4.59 5.97 6.56 7.16 2.13 3.03 6.18 7.84 5.43 6.02 0.00 5.18 0.00 3.05 3.53 2.24 2.62 2.80 2.52 0.00 11930738
3.58 3.48 0.00 0.00 0.00 4.90 0.00 5.52 3.41 2.83 4.88 5.28 4.50 5.97 6.53 6.99 2.12 2.91 6.14 7.82 5.89 5.95 0.00 5.01 0.00 3.06 3.39 2.34 2.63 2.76 2.42 2.48 11943828
3.61 3.43 0.00 0.00 5.37 4.83 0.00 5.76 3.28 2.81 4.57 5.32 4.92 5.98 6.54 6.66 2.12 3.12 6.07 7.82 5.45 5.87 0.00 4.68 0.00 3.04 3.39 2.23 2.64 2.80 2.46 2.46 11956918
3.64 3.46 5.41 0.00 5.40 4.79 0.00 5.74 3.55 2.78 4.74 5.22 4.65 5.95 6.54 6.63 2.12 2.95 6.27 7.93 5.42 6.52 0.00 4.96 0.00 3.36 3.43 2.25 2.64 2.80 2.30 2.52 11970008
3.66 3.46 0.00 0.00 5.49 4.86 3.68 5.75 3.21 2.77 4.63 5.23 4.70 5.95 6.55 6.59 2.13 2.97 6.27 7.84 5.41 5.99 0.00 5.24 0.00 3.23 3.39 2.27 2.60 2.84 2.33 2.51 11983098
3.61 3.42 5.18 0.00 5.45 4.83 0.00 0.00 3.43 2.75 4.89 5.28 4.48 5.91 6.53 6.49 2.10 2.96 6.39 7.88 5.66 0.00 0.00 5.17 0.00 3.02 3.65 2.32 2.65 2.82 2.22 2.53 11996188
3.63 3.46 5.67 0.00 5.51 4.84 0.00 0.00 3.41 2.76 4.72 5.40 4.48 5.96 6.56 6.46 2.10 2.98 6.19 8.23 5.41 5.86 0.00 5.24 0.00 3.29 3.43 2.24 2.62 2.80 2.22 2.83 12009278
3.62 3.49 0.00 0.00 5.52 4.90 3.65 5.48 3.56 2.75 4.83 5.24 4.47 5.98 6.57 6.43 2.10 3.13 6.22 8.23 5.65 5.79 0.00 4.96 0.00 2.99 3.45 2.38 2.64 2.82 2.20 2.55 12022368
3.64 3.46 0.00 0.00 5.33 4.86 0.00 5.48 3.34 2.80 4.79 5.34 4.70 6.02 6.55 6.50 2.10 3.01 6.13 9.00 5.57 5.84 0.00 0.00 0.00 3.11 3.42 2.22 2.60 2.90 2.19 2.57 12035458
3.70 3.52 0.00 0.00 5.35 4.88 0.00 6.42 3.05 2.76 4.82 5.26 4.69 6.00 6.69 6.36 2.10 2.88 6.15 7.80 5.50 0.00 0.00 0.00 0.00 3.59 3.57 2.29 2.69 2.92 2.26 2.62 12048548
3.63 3.50 0.00 0.00 5.34 4.86 3.63 5.72 3.28 2.78 4.77 5.31 4.55 5.94 6.62 6.28 2.11 3.00 6.22 8.07 5.62 6.00 0.00 0.00 0.00 3.01 3.49 2.25 2.65 2.92 2.22 2.55 12061638
3.66 3.47 0.00 0.00 5.75 4.89 3.64 5.63 3.28 2.83 4.67 5.43 4.51 6.01 6.60 6.43 2.09 3.00 6.33 7.85 5.50 6.02 0.00 4.67 0.00 3.63 3.46 2.35 2.67 3.02 2.15 2.57 12074728
3.74 3.51 0.00 0.00 5.39 4.93 3.66 5.44 3.22 2.89 4.74 5.36 4.29 6.03 6.67 6.35 2.08 2.99 6.23 8.55 5.66 6.07 0.00 4.96 0.00 3.10 3.63 2.28 2.67 2.88 2.23 2.43 12087818
3.65 3.47 5.39 0.00 0.00 4.86 0.00 5.84 2.90 2.55 4.77 5.42 4.86 6.03 6.61 6.29 2.10 3.08 6.25 7.88 5.48 5.94 6.04 0.00 0.00 3.15 3.56 2.27 2.71 2.87 2.24 2.53 12100908
3.72 3.45 5.38 0.00 5.39 4.78 4.18 5.46 2.84 2.91 4.74 5.53 4.73 6.03 6.64 6.32 2.15 3.03 6.30 7.88 6.31 6.00 0.00 4.89 0.00 3.02 3.58 2.33 2.68 2.88 2.36 2.44 12113998
3.37 3.45 0.00 0.00 5.41 4.92 3.57 5.19 2.95 2.87 4.77 5.31 4.74 5.97 6.80 6.45 2.08 3.02 6.25 7.95 5.49 5.94 0.00 0.00 0.00 3.11 3.66 2.16 2.84 2.84 2.32 2.39 12127088
4.36 3.66 0.00 0.00 5.38 4.85 3.64 5.43 2.95 3.01 4.77 0.00 4.62 5.96 6.91 6.37 2.12 3.32 6.27 7.86 5.73 5.93 0.00 0.00 0.00 3.08 3.56 2.36 2.71 2.94 2.35 2.41 12140178
3.69 3.51 5.35 0.00 5.66 4.95 0.00 5.12 2.56 3.07 4.77 5.45 4.90 6.10 6.66 6.40 2.17 3.00 6.32 8.39 5.59 6.76 0.00 0.00 0.00 3.05 3.62 2.32 2.65 3.00 2.39 2.40 12153268
3.80 3.49 5.37 0.00 5.40 4.85 3.63 5.14 3.05 2.95 4.90 5.40 4.48 6.02 6.68 7.04 2.09 2.93 6.59 7.94 5.64 0.00 0.00 5.18 0.00 3.26 3.60 2.20 2.74 2.96 2.23 2.46 12166358
3.65 3.49 5.40 0.00 5.45 4.91 0.00 4.99 2.87 3.11 4.76 5.46 4.97 6.01 6.70 6.48 2.15 2.92 6.02 8.00 5.73 0.00 4.48 4.33 0.00 3.15 3.75 2.20 2.74 3.05 2.23 2.74 12179448
3.75 3.57 5.23 3.04 5.44 4.87 3.65 4.97 2.85 3.08 4.82 5.49 4.67 5.96 6.71 6.43 2.58 2.96 6.25 7.93 5.55 6.23 3.41 0.00 0.00 3.08 3.62 2.19 2.64 2.94 2.29 2.49 12192538
3.71 3.53 0.00 2.94 5.44 4.97 3.64 4.75 2.88 2.90 4.84 5.54 4.59 6.01 6.75 6.63 2.22 2.91 6.91 8.22 5.71 6.30 2.75 5.29 0.00 3.29 3.81 2.15 2.65 3.04 2.29 2.43 12205628
3.69 3.50 5.94 0.00 5.62 5.07 0.00 4.94 2.78 2.65 4.89 5.61 4.68 6.07 6.71 6.64 2.40 3.12 6.32 8.08 5.70 6.30 2.91 4.51 0.00 3.35 3.76 2.19 2.68 2.97 2.29 2.50 12218718
3.68 3.47 5.35 0.00 5.47 5.11 0.00 4.98 2.76 2.57 4.85 5.92 5.25 5.98 7.14 6.43 2.12 2.84 6.42 8.14 4.37 0.00 3.26 4.46 0.00 3.08 3.75 2.13 2.61 3.01 2.24 2.53 12231808
3.67 3.11 5.39 3.21 5.45 5.11 3.60 4.81 2.80 3.03 4.87 5.62 4.73 6.06 6.76 6.58 2.12 2.98 6.46 8.05 5.70 6.26 0.00 4.92 0.00 3.44 3.84 2.18 2.75 3.05 2.24 2.52 12244898
3.72 3.65 5.34 0.00 5.55 5.09 3.65 5.13 2.86 3.02 5.10 5.81 0.00 5.37 6.82 6.53 2.19 3.78 6.43 8.28 5.85 0.00 4.73 2.50 0.00 3.09 3.89 2.26 2.94 3.03 2.13 2.64 12257988
3.77 3.48 5.11 0.00 5.51 5.21 3.55 4.55 2.81 3.16 4.97 5.75 3.28 6.21 6.97 6.72 2.20 2.99 6.44 7.92 5.89 6.60 0.00 5.02 0.00 3.16 3.79 2.28 2.76 3.12 2.19 2.58 12271078
3.91 3.49 5.10 3.01 5.61 5.23 4.02 4.30 2.79 3.11 5.05 5.79 4.61 6.21 6.89 6.54 2.12 3.17 6.33 8.16 6.05 6.45 0.00 5.14 0.00 3.14 3.86 2.36 2.59 3.27 2.17 3.03 12284168
3.77 3.46 0.00 2.97 5.65 5.13 0.00 4.25 2.98 2.31 5.13 5.75 4.75 6.17 6.90 6.72 2.10 3.17 6.41 8.34 5.96 6.61 2.47 5.23 0.00 3.59 3.54 2.04 2.74 3.22 2.22 2.58 12297258
3.74 3.47 5.30 4.05 5.57 5.26 0.00 4.19 2.81 2.57 5.06 5.65 4.77 6.37 6.91 6.54 2.55 2.94 6.25 8.09 5.90 6.55 5.26 3.87 0.00 3.20 3.94 2.21 2.63 3.18 2.17 2.76 12310348
4.38 3.52 5.59 0.00 6.20 5.26 3.64 4.29 2.78 3.26 5.14 5.89 4.69 6.27 7.11 6.56 2.18 3.18 6.26 8.00 6.65 0.00 0.00 4.56 0.00 3.23 3.98 0.00 2.73 3.24 2.23 2.74 12323438
3.69 3.41 5.37 2.79 5.86 5.32 3.58 4.15 2.67 2.42 5.05 5.83 4.85 6.33 6.96 6.62 2.07 3.01 6.28 8.15 6.04 0.00 5.74 5.14 0.00 3.22 4.04 2.16 2.77 3.22 2.20 2.55 12336528
3.71 3.50 5.29 3.05 5.62 5.34 4.00 4.18 3.07 3.33 5.07 5.78 4.61 6.33 6.99 6.66 2.10 2.88 6.57 8.24 6.12 6.67 0.00 0.00 0.00 3.34 4.14 2.23 2.84 3.11 2.16 2.67 12349618
3.68 3.47 5.32 2.90 5.65 5.41 3.60 4.08 2.66 3.26 5.21 5.81 4.84 6.35 7.01 6.77 2.12 3.02 6.12 8.17 5.82 6.67 4.54 0.00 0.00 3.53 4.14 2.05 2.74 3.15 2.26 2.55 12362708
3.93 3.55 5.31 0.00 5.59 5.50 3.58 4.25 2.74 3.24 5.11 5.89 4.82 6.41 7.72 6.70 2.13 3.06 6.32 8.12 6.51 6.59 0.00 4.50 0.00 3.31 4.37 2.16 2.72 3.17 2.17 2.56 12375798
3.68 3.54 5.24 0.00 5.74 4.73 3.84 4.19 2.71 3.33 5.12 5.82 5.14 6.38 7.26 6.71 2.12 2.93 6.39 8.05 6.19 6.88 0.00 4.49 0.00 3.30 4.40 2.02 2.88 3.18 2.15 3.00 12388888
3.70 3.50 5.42 0.00 5.69 5.55 0.00 4.13 2.66 3.36 5.17 6.08 4.75 6.47 7.13 6.62 2.17 2.94 6.06 8.00 6.54 0.00 0.00 4.57 0.00 3.45 4.34 2.09 2.70 3.20 2.24 2.64 12401978
3.80 3.73 0.00 3.07 5.72 5.62 0.00 4.30 2.78 3.10 5.23 5.90 4.51 6.44 7.07 6.85 2.15 3.20 6.47 8.15 0.00 6.70 0.00 4.77 0.00 3.25 4.40 2.22 2.71 3.14 2.26 2.61 12415068
3.74 3.43 0.00 3.04 5.97 5.64 3.59 4.18 2.66 3.38 5.24 5.88 4.66 6.49 7.01 0.00 2.16 3.08 6.46 8.41 5.76 0.00 0.00 5.23 0.00 3.38 4.36 2.10 2.70 3.18 2.32 2.90 12428158
3.71 3.40 5.29 0.00 5.77 5.64 3.59 4.27 2.71 3.63 5.22 5.90 4.78 6.46 7.00 7.06 2.10 3.03 6.36 8.31 5.96 6.81 0.00 4.54 0.00 3.63 4.34 2.13 2.75 3.24 2.26 2.54 12441248
3.73 3.38 0.00 0.00 5.66 5.69 3.60 4.27 2.78 3.16 5.22 5.92 4.66 6.58 7.30 6.92 2.07 2.99 6.24 8.07 6.17 6.81 0.00 4.61 0.00 3.23 4.51 2.05 2.83 3.31 2.23 2.57 12454338
3.82 3.49 0.00 3.05 5.72 5.64 4.41 4.23 2.71 3.48 5.13 6.30 4.69 6.68 7.07 7.19 2.06 3.33 6.33 8.02 6.27 6.88 5.76 4.59 0.00 3.33 4.30 2.16 2.78 3.17 2.20 3.31 12467428
3.80 3.44 5.33 0.00 5.71 5.72 3.71 4.35 2.67 3.40 5.53 6.10 4.72 6.53 7.22 6.67 2.05 3.00 6.37 8.07 6.44 6.90 0.00 4.87 0.00 3.34 4.31 2.01 2.82 3.24 2.37 2.60 12480518
4.02 3.44 0.00 3.39 6.34 5.70 4.05 4.22 2.74 3.39 5.22 5.95 4.82 6.55 7.15 6.85 2.09 3.20 6.22 8.29 6.46 0.00 0.00 0.00 0.00 0.00 4.58 2.17 2.90 3.28 2.18 2.65 12493608
3.76 3.44 0.00 0.00 6.09 5.71 3.81 4.29 2.73 3.38 5.32 5.96 4.59 6.46 7.15 0.00 2.08 3.00 6.30 8.17 0.00 6.89 0.00 4.77 0.00 3.33 4.50 2.05 2.93 3.29 2.15 2.70 12506698
3.75 3.50 0.00 0.00 6.35 5.75 3.75 4.18 2.75 2.54 5.29 6.21 5.08 6.59 7.13 6.72 2.05 3.07 6.50 8.20 0.00 7.09 0.00 0.00 0.00 3.29 4.43 2.13 2.91 2.71 2.23 2.47 12519788
3.90 3.52 5.23 0.00 5.66 5.75 4.10 4.20 2.76 3.48 5.60 6.02 5.14 6.63 7.22 6.66 2.16 3.17 6.36 8.13 5.91 6.85 5.45 4.67 0.00 3.31 4.27 2.02 2.85 3.28 2.16 2.51 12532878
4.33 3.43 0.00 0.00 6.31 5.95 4.09 4.80 2.79 3.46 5.19 5.99 5.00 6.54 7.21 6.67 2.07 3.14 6.11 0.00 6.26 0.00 0.00 4.68 0.00 3.33 4.59 2.13 2.76 3.42 2.18 2.54 12545968
3.87 3.48 0.00 0.00 5.72 5.86 4.10 4.12 2.84 3.47 5.27 5.98 4.67 6.55 7.19 6.72 2.21 3.13 6.35 8.44 0.00 7.02 0.00 4.59 0.00 3.33 4.72 2.13 2.82 3.36 2.22 2.46 12559058
3.77 3.48 0.00 0.00 5.77 5.81 4.15 4.11 2.74 3.56 5.23 6.02 4.66 6.59 7.16 6.68 2.07 3.12 5.98 8.35 0.00 6.93 0.00 4.40 0.00 3.28 4.80 2.19 2.84 3.35 2.18 2.53 12572148
4.16 3.51 0.00 0.00 0.00 5.78 3.84 4.12 2.84 3.39 5.27 6.09 4.70 6.55 7.15 6.72 2.10 2.99 6.04 8.14 0.00 0.00 0.00 4.63 0.00 3.36 4.60 2.23 2.72 3.44 2.23 2.51 12585238
3.72 3.47 0.00 0.00 0.00 5.72 3.82 4.20 2.76 3.47 5.27 6.12 4.49 6.49 7.18 6.73 2.09 3.29 6.30 8.07 0.00 6.95 0.00 4.43 0.00 3.98 4.75 0.00 2.70 3.48 2.22 2.49 12598328
3.84 3.57 0.00 0.00 5.94 5.86 4.07 4.16 2.80 3.50 5.46 6.02 5.43 6.55 0.00 6.71 2.08 3.24 6.52 8.13 0.00 0.00 0.00 0.00 0.00 3.34 5.12 2.59 2.70 3.48 2.26 2.62 12611418
3.75 3.47 5.41 0.00 5.77 5.79 4.23 4.15 2.82 3.59 5.46 6.15 4.56 6.57 7.26 6.73 2.08 3.14 6.50 8.07 6.53 0.00 0.00 0.00 0.00 3.33 4.69 2.57 2.79 3.44 2.27 2.59 12624508
3.85 3.42 0.00 0.00 5.80 5.81 4.15 4.40 2.75 3.45 5.31 6.17 4.77 6.67 7.38 6.75 0.00 3.19 5.99 8.88 0.00 0.00 0.00 5.44 0.00 3.29 4.67 2.04 2.72 3.33 2.25 2.49 12637598
3.77 3.41 5.24 0.00 5.75 5.80 3.99 4.40 2.76 3.43 5.39 6.02 4.68 6.61 7.25 6.76 0.00 3.07 6.13 0.00 6.57 6.97 0.00 0.00 0.00 3.46 4.78 2.02 2.81 3.44 2.21 2.57 12650688
3.77 3.41 0.00 0.00 5.79 5.79 3.65 4.35 2.75 3.43 5.27 6.17 5.27 6.57 7.19 6.78 0.00 3.23 6.03 0.00 0.00 0.00 0.00 0.00 0.00 3.32 4.70 2.16 2.69 3.46 2.30 2.52 12663778
3.73 3.44 0.00 0.00 5.74 5.85 0.00 4.38 2.82 3.45 5.28 6.08 5.10 6.51 7.67 6.76 0.00 3.05 5.94 9.06 0.00 7.14 0.00 0.00 0.00 3.33 4.81 2.22 2.70 3.36 2.29 2.56 12676868
3.74 3.43 0.00 0.00 5.70 5.83 3.64 4.34 2.82 3.54 5.25 5.98 4.64 6.63 7.23 0.00 0.00 3.36 6.17 0.00 0.00 0.00 0.00 0.00 0.00 3.28 4.69 2.08 2.79 3.55 2.36 2.58 12689958
3.83 3.46 5.25 0.00 5.73 5.92 3.71 4.25 2.80 3.43 5.58 5.96 4.61 6.93 7.78 6.76 0.00 3.26 6.16 0.00 6.43 0.00 0.00 0.00 0.00 3.27 4.72 2.04 2.73 3.46 2.29 2.63 12703048
3.79 3.41 5.24 0.00 5.79 5.82 0.00 4.16 2.89 3.49 5.24 5.97 5.00 6.59 7.55 6.75 0.00 3.16 6.16 8.80 0.00 0.00 0.00 4.43 0.00 3.28 4.78 2.07 2.74 3.50 2.35 2.53 12716138
3.83 3.41 5.21 0.00 5.75 5.85 0.00 4.14 2.74 3.54 5.32 6.71 4.64 6.64 7.10 6.75 0.00 3.13 6.13 8.79 0.00 7.03 0.00 4.77 0.00 3.31 4.76 2.03 2.75 3.48 2.36 2.51 12729228
3.83 3.63 5.41 0.00 6.42 5.81 4.25 4.16 2.78 3.51 5.27 0.00 4.82 6.52 7.18 6.76 0.00 3.15 6.22 8.19 0.00 0.00 0.00 0.00 0.00 3.28 4.66 2.13 2.77 3.55 2.28 2.52 12742318
3.81 3.40 5.19 0.00 5.81 5.87 4.29 4.16 2.88 3.44 5.19 6.09 5.16 6.82 7.18 0.00 2.45 3.16 6.24 8.82 6.56 7.13 0.00 0.00 0.00 3.27 4.73 2.07 2.73 3.51 2.29 2.83 12755408
3.74 3.43 5.19 0.00 5.83 5.77 0.00 4.18 2.98 3.48 5.24 6.26 4.75 6.72 7.18 6.81 2.99 3.55 6.20 0.00 0.00 7.40 0.00 4.46 0.00 3.39 4.70 2.14 2.76 3.48 2.28 2.66 12768498
3.76 3.61 0.00 0.00 5.81 5.96 0.00 4.17 2.87 3.34 5.28 6.07 4.88 6.56 7.19 6.74 2.47 3.24 6.45 0.00 0.00 7.04 0.00 4.55 0.00 3.61 4.71 2.77 2.86 3.38 2.31 2.72 12781588
3.79 3.45 5.23 0.00 5.71 5.92 4.38 4.12 2.77 3.47 5.40 6.19 4.94 6.62 7.19 6.85 2.23 3.16 6.30 8.23 0.00 6.98 0.00 5.06 0.00 3.40 4.79 2.24 2.83 3.39 2.28 2.67 12794678
3.78 3.62 5.39 0.00 5.82 5.90 0.00 4.16 2.81 3.43 5.43 6.07 4.62 6.54 7.29 6.94 2.18 3.36 6.21 8.62 6.47 0.00 0.00 0.00 0.00 3.33 4.69 2.21 2.82 3.54 2.34 2.70 12807768
3.77 3.54 5.32 0.00 5.87 5.85 0.00 4.23 2.82 3.42 5.45 6.05 4.88 6.49 7.35 7.36 2.19 3.12 6.06 8.47 0.00 0.00 0.00 0.00 0.00 3.36 4.58 2.12 2.89 3.43 2.31 2.57 12820858
3.82 3.45 5.22 0.00 5.75 5.87 0.00 4.18 2.79 3.47 5.27 6.04 4.80 6.69 7.19 6.86 2.21 3.57 6.13 0.00 0.00 0.00 0.00 4.98 0.00 3.35 4.80 2.19 2.83 3.44 2.28 2.54 12833948
3.91 3.50 5.34 0.00 6.43 5.94 3.63 4.31 2.80 3.49 5.30 6.10 4.99 6.62 7.15 6.89 2.18 3.16 6.20 8.50 0.00 7.19 0.00 4.34 0.00 3.40 4.79 2.06 2.87 3.51 2.28 2.60 12847038
3.80 3.47 0.00 0.00 5.81 5.92 0.00 4.26 2.74 3.42 5.32 6.74 4.64 6.55 7.36 7.01 2.39 3.11 6.26 8.13 0.00 0.00 0.00 5.36 0.00 0.00 4.90 2.17 2.91 3.55 2.34 2.69 12860128
3.79 3.47 5.18 0.00 5.89 5.94 0.00 4.41 2.84 3.47 5.21 6.06 5.00 6.58 7.22 7.04 2.13 3.23 6.13 8.23 0.00 0.00 0.00 4.40 0.00 3.36 4.80 2.50 2.89 3.49 2.40 2.62 12873218
3.79 3.43 5.18 0.00 5.91 5.92 0.00 4.10 2.86 3.47 5.27 6.16 4.84 6.56 7.45 7.03 2.11 3.29 6.19 8.46 0.00 0.00 0.00 4.43 0.00 3.36 4.69 2.07 2.82 3.46 2.37 2.52 12886308
3.74 3.46 5.22 0.00 5.90 6.00 0.00 4.10 2.84 3.48 5.24 6.09 4.92 6.56 7.37 7.04 2.16 3.16 6.19 9.01 0.00 7.17 0.00 4.41 0.00 3.31 4.75 2.41 2.76 3.54 2.75 3.08 12899398
3.80 3.58 5.20 0.00 5.99 5.90 0.00 4.11 2.96 3.68 5.45 0.00 4.83 6.61 7.28 6.91 2.15 3.13 6.12 8.45 0.00 7.08 0.00 4.58 0.00 0.00 4.76 2.23 2.78 3.56 2.37 2.57 12912488
3.81 3.56 0.00 0.00 5.91 6.04 0.00 4.43 2.84 3.57 5.28 6.11 4.82 6.55 0.00 6.96 2.14 3.23 6.24 8.42 0.00 7.13 0.00 0.00 0.00 3.35 4.78 2.25 2.81 3.54 2.31 2.66 12925578
4.02 3.46 5.11 0.00 0.00 6.00 0.00 4.14 2.97 3.48 5.29 0.00 4.68 6.93 7.41 7.42 2.07 3.19 6.19 8.66 0.00 7.08 0.00 0.00 0.00 3.40 4.83 2.10 2.79 3.63 2.35 2.81 12938668
4.27 3.47 5.35 0.00 5.97 5.96 0.00 4.16 2.95 3.45 5.23 6.12 4.68 6.70 7.33 0.00 2.02 3.20 6.40 8.56 0.00 7.13 0.00 0.00 0.00 3.34 4.76 2.25 2.81 3.56 2.35 2.53 12951758
3.98 3.46 0.00 0.00 6.00 6.01 3.93 4.30 2.81 3.61 5.49 6.34 4.59 6.58 7.37 6.80 2.07 3.12 6.14 8.25 0.00 7.09 0.00 0.00 0.00 3.29 5.05 2.32 2.77 3.50 2.56 2.83 12964848
4.18 3.49 5.23 0.00 5.94 6.03 4.38 4.30 2.84 3.47 5.26 6.16 4.71 6.62 7.24 6.94 2.05 3.16 6.22 8.13 0.00 7.39 0.00 5.45 0.00 3.49 4.87 2.15 2.83 3.62 2.39 2.50 12977938
3.79 3.50 5.25 0.00 6.02 6.02 0.00 4.28 2.78 2.56 5.30 6.07 0.00 6.64 7.28 6.92 2.05 3.23 6.30 8.36 0.00 7.22 0.00 5.23 0.00 4.14 4.81 2.23 2.95 3.57 2.34 2.72 12991028
4.00 3.48 5.21 0.00 0.00 5.99 4.21 4.10 2.86 3.60 5.33 6.09 4.76 6.64 7.39 6.87 2.11 3.20 6.42 8.42 0.00 7.15 0.00 5.77 0.00 3.36 4.80 2.11 2.79 3.53 2.34 2.55 13004118
3.81 3.48 5.21 0.00 6.14 6.12 0.00 4.13 2.89 3.51 5.40 6.13 4.89 6.57 7.28 6.96 2.10 3.29 6.47 8.64 0.00 7.15 0.00 5.20 0.00 3.46 4.81 2.05 2.85 3.47 2.33 2.54 13017208
3.80 3.50 5.28 0.00 6.08 6.29 4.36 4.11 3.11 3.48 5.26 6.13 5.03 6.62 0.00 6.81 2.07 3.42 6.49 8.07 0.00 7.41 3.40 5.08 0.00 3.33 4.89 2.89 2.94 3.43 2.32 2.68 13030298
4.11 3.48 5.11 0.00 6.07 6.13 4.04 4.39 2.90 3.48 5.33 6.11 4.78 6.64 7.36 6.83 2.20 3.30 6.55 8.84 0.00 7.27 0.00 0.00 0.00 3.32 4.98 2.14 2.83 3.43 2.42 2.47 13043388
3.79 3.55 5.12 0.00 6.32 6.22 3.82 4.42 2.94 3.48 5.33 0.00 4.69 6.67 7.47 6.86 2.05 3.17 6.11 8.41 0.00 7.15 0.00 3.14 0.00 3.32 4.97 2.11 2.91 3.57 2.35 2.53 13056478
3.78 3.50 5.34 0.00 6.00 6.24 0.00 4.15 2.89 3.54 5.58 6.19 4.96 6.84 7.33 6.78 2.06 3.17 6.59 8.90 0.00 7.27 0.00 4.93 0.00 3.31 5.05 2.12 2.84 3.55 2.36 2.61 13069568
4.04 3.55 5.08 0.00 6.10 6.18 3.86 4.26 2.89 3.50 5.13 6.13 4.74 6.74 7.32 7.00 2.09 3.13 6.44 8.23 0.00 7.16 0.00 0.00 0.00 3.36 5.16 2.18 2.86 3.57 2.37 2.51 13082658
3.88 3.54 4.90 0.00 6.03 6.21 3.99 4.14 3.00 3.64 4.37 6.07 4.82 6.78 8.12 7.03 2.05 3.21 6.63 9.02 0.00 7.18 0.00 4.38 0.00 3.33 5.13 2.15 2.83 3.61 2.36 2.52 13095748
3.96 3.59 5.03 0.00 6.49 6.29 4.34 4.02 3.01 3.60 5.37 6.15 4.85 6.69 7.45 6.94 0.00 3.16 5.63 8.84 0.00 0.00 0.00 0.00 0.00 3.54 3.93 2.23 2.97 3.64 2.71 2.52 13108838
3.84 3.51 4.91 0.00 6.47 6.28 3.78 4.17 2.90 3.61 5.40 6.23 4.43 6.86 7.36 7.53 2.03 3.30 6.08 8.66 0.00 7.33 0.00 4.95 0.00 2.90 5.13 2.19 3.00 3.64 2.45 2.66 13121928
3.90 3.62 5.36 0.00 6.56 6.37 4.27 4.13 2.93 3.57 5.36 6.25 5.37 6.72 7.41 6.99 2.13 3.19 6.22 8.24 0.00 0.00 0.00 4.59 0.00 3.45 5.18 2.49 3.01 3.66 2.42 2.67 13135018
3.84 3.49 4.91 0.00 6.18 6.29 4.08 4.05 2.99 3.54 5.68 6.13 4.80 6.72 7.83 7.37 2.26 3.20 6.29 8.33 0.00 7.20 0.00 5.00 0.00 3.59 5.17 2.78 2.94 3.59 2.41 3.02 13148108
3.82 3.47 4.82 0.00 6.31 6.32 0.00 4.12 2.97 3.62 5.52 6.23 4.87 6.88 7.38 7.19 2.05 3.17 6.34 8.30 6.45 7.32 2.07 4.61 0.00 3.47 5.37 2.11 2.94 3.61 2.45 2.62 13161198
3.87 3.50 4.78 0.00 6.75 6.90 0.00 4.06 3.05 3.67 5.37 6.29 4.68 6.65 7.41 6.99 2.15 3.28 6.52 8.28 6.24 7.15 0.00 5.20 0.00 3.43 5.25 2.30 2.87 3.89 2.42 2.67 13174288
3.78 3.50 4.92 0.00 6.27 6.37 0.00 4.07 3.06 3.59 5.27 6.25 5.01 6.77 7.51 7.11 2.18 3.15 6.37 8.28 0.00 7.17 0.00 4.99 0.00 3.42 5.25 2.20 2.90 3.78 2.58 2.68 13187378
3.87 3.57 4.86 0.00 6.27 6.38 0.00 4.05 2.98 3.64 5.28 6.19 4.75 6.97 7.45 7.44 2.48 3.26 6.44 8.19 0.00 7.22 0.00 0.00 0.00 4.08 5.31 2.13 2.89 3.64 2.45 2.79 13200468
3.90 3.53 4.84 0.00 6.29 6.36 4.18 3.91 3.00 3.56 5.52 6.17 5.21 6.80 7.46 7.13 2.22 3.07 6.59 8.38 0.00 0.00 0.00 5.21 0.00 3.52 5.37 2.22 2.95 3.61 2.46 2.60 13213558
3.88 3.48 4.54 0.00 6.21 6.41 0.00 4.00 3.01 3.58 5.42 0.00 4.75 6.73 7.56 7.20 2.05 3.34 6.48 8.45 0.00 7.25 0.00 0.00 0.00 3.46 5.65 2.11 2.92 3.68 2.43 2.72 13226648
3.80 3.54 5.01 0.00 6.39 6.37 0.00 4.02 3.02 3.70 5.41 6.33 4.95 6.85 7.80 7.03 2.18 3.03 6.20 8.42 0.00 0.00 0.00 0.00 0.00 3.30 5.33 2.19 2.85 3.97 2.44 2.57 13239738
3.86 3.52 4.63 0.00 6.12 6.43 3.74 3.94 3.16 3.59 5.48 6.21 4.89 6.99 7.77 7.04 2.04 3.15 6.10 8.37 0.00 7.29 0.00 5.18 0.00 4.19 5.35 2.16 2.96 3.65 2.44 2.57 13252828
3.92 3.64 4.40 0.00 6.34 6.56 0.00 3.91 3.11 3.66 5.38 6.89 4.92 6.74 7.51 7.13 2.11 3.07 6.28 8.19 6.24 7.33 0.00 0.00 0.00 3.53 5.32 2.14 2.94 3.87 2.41 2.69 13265918
3.97 3.51 4.34 0.00 6.21 6.40 4.10 3.94 3.00 3.63 5.42 6.33 4.86 6.72 7.56 7.25 2.10 3.07 6.41 8.23 0.00 0.00 0.00 4.54 0.00 3.42 5.32 2.14 2.89 3.74 2.42 2.60 13279008
3.85 3.54 4.27 0.00 6.19 6.48 4.28 4.00 3.08 3.65 5.40 6.28 4.86 6.97 7.52 6.97 2.08 3.07 6.50 8.18 0.00 0.00 0.00 0.00 0.00 4.00 5.28 2.23 2.91 3.67 2.45 2.74 13292098
3.89 3.89 5.24 0.00 6.27 6.47 0.00 3.92 3.04 3.72 5.29 6.20 4.75 6.75 7.64 7.00 2.08 3.21 6.65 8.26 0.00 0.00 0.00 4.47 0.00 3.47 5.44 2.25 2.87 3.64 2.61 2.75 13305188
3.90 3.88 4.25 0.00 6.23 7.01 0.00 4.09 3.03 3.67 5.91 6.45 4.90 6.78 7.71 7.33 2.03 3.04 6.72 8.67 0.00 7.32 0.00 3.51 0.00 3.51 5.39 2.24 2.92 3.66 2.40 2.70 13318278
3.87 3.55 4.20 0.00 7.10 6.54 0.00 4.11 3.07 3.66 5.30 6.59 4.92 6.75 8.27 7.16 2.03 3.13 6.61 8.31 0.00 0.00 0.00 3.93 0.00 3.37 5.51 2.31 2.92 3.70 2.53 2.67 13331368
3.87 3.61 4.09 3.03 6.41 6.53 0.00 3.91 3.07 3.71 5.26 6.23 5.77 6.93 7.53 0.00 2.05 3.30 6.64 8.25 6.46 7.33 0.00 0.00 0.00 3.44 5.39 2.18 2.95 3.75 2.39 0.00 13344458
3.90 3.56 4.30 0.00 6.94 6.52 0.00 4.03 3.07 3.71 5.27 6.27 4.96 6.77 7.61 7.08 2.04 2.97 6.70 8.24 0.00 7.35 0.00 0.00 0.00 3.52 5.29 2.21 2.92 3.57 2.44 2.99 13357548
3.86 3.55 4.19 0.00 6.28 6.52 4.26 3.94 3.04 3.68 5.42 7.06 4.93 6.94 0.00 7.07 2.07 3.11 6.40 8.32 0.00 0.00 0.00 5.02 0.00 3.43 5.44 2.25 3.04 3.57 2.41 2.59 13370638
3.88 3.56 4.83 0.00 6.30 6.62 4.31 3.91 3.15 3.67 5.29 6.31 4.85 6.98 7.72 7.09 2.03 3.33 5.87 8.35 0.00 0.00 0.00 0.00 0.00 3.91 5.48 2.34 2.89 3.76 2.45 2.62 13383728
3.81 3.52 4.34 0.00 6.64 7.32 0.00 4.06 3.09 3.84 5.50 6.35 4.94 6.91 7.69 7.26 2.04 3.07 7.06 8.27 0.00 7.42 0.00 0.00 0.00 0.00 5.62 2.26 2.88 3.60 2.48 2.81 13396818
3.85 3.57 4.31 0.00 6.42 6.62 0.00 4.05 3.13 3.73 5.40 6.56 4.98 6.91 7.77 7.75 2.06 3.20 6.40 8.48 0.00 7.29 0.00 4.16 0.00 3.52 5.36 2.26 3.02 3.67 2.42 2.59 13409908
3.89 3.57 4.05 0.00 6.34 6.64 4.09 3.93 3.25 3.78 5.84 6.30 4.96 6.82 7.65 7.23 2.10 3.09 6.23 8.33 6.01 7.43 0.00 5.10 0.00 3.42 6.08 2.33 3.05 3.72 2.48 2.59 13422998
4.25 3.52 3.92 5.57 6.69 6.64 3.69 3.97 3.23 3.77 5.93 6.33 5.09 6.79 7.61 7.94 2.06 3.26 6.53 8.36 0.00 7.81 0.00 4.91 0.00 0.00 5.61 2.29 2.85 3.34 2.46 2.71 13436088
3.89 0.00 3.94 0.00 6.36 6.71 4.13 3.91 3.14 3.89 5.42 6.37 5.03 6.93 7.91 7.40 2.01 3.00 6.90 8.28 0.00 0.00 0.00 0.00 0.00 0.00 5.45 2.34 2.97 3.69 2.60 2.61 13449178
3.86 3.59 3.90 0.00 6.43 6.60 0.00 3.86 3.19 3.83 5.40 6.33 4.99 6.86 7.62 7.30 2.11 3.71 6.68 8.33 0.00 7.31 5.42 4.43 0.00 4.06 5.42 2.69 3.00 3.65 2.55 2.82 13462268
3.93 3.55 3.84 3.67 6.40 6.67 4.35 3.93 3.17 3.75 5.30 6.48 5.39 6.40 7.74 7.29 2.23 3.29 6.58 8.42 0.00 7.36 10.00 4.63 0.00 3.38 5.59 2.30 3.01 3.76 2.54 3.43 13475359
3.89 3.64 3.88 4.75 6.53 6.81 3.72 4.03 3.25 3.93 5.35 6.38 5.12 6.92 7.74 7.11 2.34 3.22 6.77 8.31 0.00 0.00 0.00 4.80 0.00 3.59 5.73 2.49 2.98 3.47 2.47 2.66 13488448
3.87 3.58 3.55 3.84 6.67 6.87 3.92 3.86 3.78 3.89 5.42 6.39 5.11 6.83 7.84 7.38 2.17 3.48 7.26 8.22 0.00 7.34 0.00 4.67 0.00 3.61 5.63 2.25 3.06 3.72 2.63 2.65 13501538
4.14 3.50 3.66 3.95 6.57 7.74 3.99 3.89 3.37 3.86 5.43 6.39 5.28 6.83 0.00 7.20 2.38 3.46 0.00 8.39 0.00 7.42 9.99 4.00 0.00 3.55 5.69 2.38 2.88 3.67 2.55 2.67 13514628
3.89 3.51 3.38 3.58 0.00 6.84 3.63 4.03 3.29 3.97 5.23 6.39 5.23 7.04 7.90 7.42 2.03 3.01 0.00 8.35 6.45 0.00 0.00 4.25 0.00 3.51 5.94 2.28 2.92 3.69 2.51 2.62 13527718
3.91 3.62 3.39 3.68 5.81 6.98 3.63 3.91 3.50 3.92 5.39 6.47 5.54 7.34 7.91 7.46 2.09 2.85 6.59 8.33 3.00 7.40 7.75 4.60 0.00 3.63 5.89 2.28 2.92 3.77 2.58 2.58 13540808
3.93 3.53 3.28 3.48 6.66 7.04 3.64 4.02 3.37 3.99 5.92 6.62 5.41 6.96 7.99 7.60 2.36 2.99 6.65 8.44 3.23 7.43 9.75 5.13 0.00 3.87 5.92 2.39 2.94 3.75 2.61 2.67 13553898
3.87 3.51 3.24 3.31 6.57 7.07 3.69 3.92 3.32 3.74 5.36 6.50 5.88 6.94 8.11 7.63 2.15 2.90 6.37 8.51 5.80 7.45 9.85 4.21 0.00 3.79 5.94 2.41 2.95 3.98 2.53 2.58 13566988
3.93 3.65 3.28 3.56 6.88 5.77 3.57 4.15 3.44 3.14 5.09 0.00 4.94 3.38 8.28 7.76 2.05 2.87 6.22 8.41 4.82 0.00 2.58 3.18 0.00 3.87 5.80 2.37 3.11 3.77 2.55 2.77 13580078
3.97 3.62 3.16 3.48 6.86 6.51 3.53 4.05 3.47 4.07 5.50 6.56 5.52 7.07 8.26 7.73 2.15 2.88 6.58 8.22 6.06 7.53 7.08 3.03 0.00 4.36 5.95 2.29 3.23 3.82 2.62 2.71 13593168
3.90 3.68 3.29 3.69 6.96 7.32 3.82 3.97 3.15 2.64 5.46 6.53 4.85 6.84 8.32 7.75 2.49 2.86 2.69 8.41 3.97 7.72 7.29 3.97 0.00 4.32 5.89 2.32 3.11 3.90 2.57 2.69 13606258
4.01 3.73 3.23 2.80 7.08 7.41 3.15 4.04 3.65 4.00 2.72 0.00 6.33 2.84 8.68 8.57 2.10 2.78 6.39 8.66 4.48 7.41 2.97 4.43 0.00 0.00 5.84 2.41 3.08 4.02 2.51 2.66 13619348
3.94 3.53 3.25 2.71 7.14 7.47 3.50 3.98 3.32 4.11 5.45 6.64 4.75 3.92 8.31 8.18 2.15 2.86 6.41 0.00 3.45 0.00 4.37 4.59 0.00 3.94 5.56 2.43 3.01 3.93 2.59 2.78 13632438
4.02 3.59 3.48 3.67 7.07 3.15 3.53 3.93 3.12 3.08 4.65 6.61 5.82 3.47 8.37 7.96 2.10 2.82 6.61 8.38 4.77 0.00 3.60 3.93 0.00 3.97 6.01 2.51 3.03 3.33 2.66 2.81 13645528
4.14 3.33 3.40 3.20 7.26 7.54 3.49 3.96 3.24 3.68 5.71 6.80 5.87 2.53 8.56 2.77 2.32 2.73 4.50 8.62 6.13 7.38 7.53 4.54 0.00 3.99 5.99 2.47 3.11 3.31 2.57 2.73 13658618
4.18 3.54 3.38 3.25 6.98 7.68 3.57 3.90 3.64 3.88 5.81 6.80 5.86 7.07 6.52 0.00 2.15 2.97 6.93 8.42 5.67 0.00 3.10 4.34 0.00 4.23 4.81 2.40 3.08 3.52 2.56 3.01 13671708
4.19 3.52 3.33 3.12 7.52 7.77 3.50 3.89 2.95 3.90 5.95 6.63 5.75 7.10 8.48 8.17 2.10 2.79 6.26 8.17 4.80 0.00 9.91 0.00 0.00 4.26 5.98 2.50 3.00 4.03 2.62 2.84 13684798
4.01 3.47 3.42 3.18 7.29 7.83 3.52 3.75 3.73 2.48 5.45 6.70 6.04 7.04 8.39 7.93 2.10 2.78 6.52 8.82 4.26 0.00 9.89 4.51 0.00 4.17 6.40 2.46 3.21 4.11 2.60 2.67 13697888
4.10 3.52 3.34 2.98 0.00 7.80 3.53 3.92 3.86 4.03 5.86 6.73 5.82 5.97 8.49 0.00 2.12 2.99 6.44 8.34 5.98 7.53 5.42 3.40 0.00 4.56 6.52 2.57 3.23 3.61 2.60 2.77 13710978
4.18 3.57 3.44 2.73 7.18 7.79 3.48 3.73 3.65 2.93 5.85 6.82 0.00 7.35 8.37 0.00 2.33 2.99 6.75 8.27 2.51 7.68 3.83 3.84 0.00 4.41 6.30 2.63 2.82 4.10 2.96 2.82 13724068
4.10 3.51 3.56 3.10 7.63 7.78 3.54 3.73 3.76 4.54 5.88 6.78 0.00 7.39 8.38 8.16 2.12 3.10 6.07 8.15 0.00 0.00 5.49 3.99 0.00 4.37 4.56 2.56 3.20 3.95 2.77 2.93 13737158
4.06 3.57 3.57 3.50 7.17 7.89 3.62 3.83 3.98 4.51 0.00 6.82 6.36 5.35 8.51 0.00 2.22 3.15 6.13 8.30 5.76 0.00 9.78 4.92 0.00 4.31 6.42 2.60 3.09 3.63 2.80 2.79 13750248
4.22 3.56 3.42 3.85 7.68 7.91 3.50 3.68 4.08 4.65 5.77 6.90 0.00 7.35 8.38 0.00 2.18 3.08 5.98 8.25 5.74 0.00 0.00 2.75 0.00 4.57 6.39 3.10 3.24 3.96 2.79 2.82 13763338
4.13 3.64 3.45 3.24 7.70 7.90 3.53 3.65 4.05 4.73 5.96 6.87 0.00 7.77 8.39 0.00 2.13 3.06 6.57 8.51 0.00 0.00 0.00 5.54 0.00 4.20 4.63 2.55 3.17 4.01 2.79 2.76 13776428
4.02 3.54 3.47 3.20 7.66 7.88 3.63 3.54 3.93 4.83 5.83 6.77 0.00 7.33 8.44 8.68 2.15 3.15 5.82 8.27 0.00 7.76 0.00 5.52 0.00 4.37 6.52 2.73 3.18 3.98 2.81 2.89 13789518
4.22 3.64 3.67 3.41 7.47 7.87 3.61 3.69 3.97 4.78 5.91 6.76 0.00 7.30 8.39 0.00 2.28 3.07 6.38 8.32 0.00 0.00 0.00 4.80 0.00 0.00 6.72 2.51 3.14 4.13 2.80 2.82 13802608
4.09 3.50 3.45 3.82 7.60 7.94 3.61 3.72 4.05 4.48 5.67 6.86 0.00 7.35 8.39 0.00 2.10 3.14 5.71 8.47 4.06 7.34 2.83 4.00 0.00 4.18 6.64 2.55 3.17 4.08 2.86 3.51 13815698
4.07 3.57 3.43 3.75 7.39 8.02 3.63 3.56 4.06 4.87 5.82 6.73 0.00 7.31 8.40 8.13 2.18 2.99 6.29 8.31 6.22 0.00 2.93 4.21 0.00 4.30 6.81 2.82 3.29 4.08 2.84 2.82 13828788
4.13 3.65 3.42 0.00 7.27 7.97 3.57 3.62 4.24 4.86 5.61 6.80 6.20 7.34 8.38 8.56 2.12 3.22 6.25 8.36 5.75 0.00 2.79 4.71 0.00 4.40 6.67 2.69 3.30 3.99 2.85 2.90 13841878
4.30 3.66 3.16 3.46 7.35 7.95 3.61 3.53 4.15 4.87 6.01 7.37 0.00 5.64 8.38 8.70 2.15 3.32 6.41 8.47 6.52 0.00 9.93 0.00 0.00 4.79 6.82 2.54 3.24 4.19 2.83 2.75 13854968
4.34 3.60 3.35 3.42 7.87 8.04 3.65 3.51 4.12 4.92 5.94 6.80 0.00 7.44 8.39 0.00 2.10 3.10 6.49 8.22 6.33 0.00 3.76 5.47 0.00 4.33 6.91 2.85 3.28 4.06 2.89 2.85 13868058
4.12 3.58 3.00 3.42 8.32 7.93 3.61 3.52 4.22 4.89 6.04 6.83 0.00 7.33 8.39 0.00 2.10 3.11 6.47 8.33 5.99 7.36 9.92 3.84 0.00 4.65 7.15 2.59 3.28 4.10 2.83 2.82 13881148
4.13 3.59 2.94 3.44 6.95 7.96 3.63 3.54 4.44 4.07 5.75 0.00 0.00 7.29 8.40 0.00 2.12 3.16 6.42 8.47 5.90 7.46 3.95 4.98 0.00 4.30 6.77 2.61 3.38 3.94 2.85 2.77 13894238
4.24 3.60 3.07 3.33 7.09 7.96 3.57 3.60 4.29 4.71 5.98 6.84 0.00 7.41 8.40 0.00 2.23 3.08 6.31 8.29 0.00 7.71 0.00 3.70 0.00 4.24 7.21 2.64 3.31 3.99 2.95 3.00 13907328
4.79 3.60 2.89 3.14 7.69 8.28 3.55 3.63 4.35 5.05 5.81 7.04 0.00 7.36 8.45 0.00 2.43 3.32 6.32 8.24 0.00 7.28 9.94 4.50 0.00 4.63 7.00 2.72 3.58 4.27 2.92 2.85 13920418
4.25 3.57 2.86 3.00 7.32 8.08 3.59 3.48 4.40 5.01 5.85 6.79 0.00 7.51 8.42 0.00 2.22 3.14 6.32 8.42 4.14 7.31 9.83 3.92 0.00 4.39 7.29 2.79 2.73 4.07 2.88 3.07 13933508
4.22 3.60 2.94 3.26 7.88 8.12 3.59 3.56 4.34 5.11 5.99 6.92 0.00 7.54 8.52 0.00 2.18 3.09 6.34 8.21 6.42 0.00 0.00 4.02 0.00 4.60 6.99 2.63 3.33 4.14 2.86 2.96 13946598
4.28 3.51 2.91 3.28 7.40 8.01 3.49 3.49 4.31 5.06 5.76 6.95 0.00 7.48 8.40 0.00 2.10 3.08 6.30 8.44 5.77 7.58 9.93 4.61 0.00 4.53 7.37 2.75 3.37 4.11 2.85 2.78 13959688
4.42 3.56 2.93 3.22 7.74 8.13 3.59 3.47 4.41 5.19 5.91 6.80 0.00 7.53 8.42 0.00 2.11 2.77 6.39 8.33 3.27 0.00 9.73 3.95 0.00 4.55 7.08 2.75 3.42 4.32 2.84 3.13 13972778
4.20 3.61 2.95 3.31 7.44 8.04 3.56 3.53 4.38 5.16 5.90 6.97 0.00 6.13 8.41 0.00 2.15 2.95 6.33 8.34 5.95 0.00 9.70 4.54 0.00 4.68 7.26 2.79 3.40 4.25 3.01 2.88 13985868
4.38 3.61 2.99 3.38 8.12 8.17 3.62 3.58 4.33 5.14 5.83 6.83 0.00 7.57 8.40 0.00 2.09 2.90 6.18 8.24 5.88 0.00 9.79 4.34 0.00 4.90 7.22 2.71 3.38 4.56 2.98 2.78 13998958
4.22 3.59 2.87 3.38 7.60 8.21 3.87 3.57 4.47 5.29 5.88 6.88 0.00 7.60 8.28 0.00 2.16 3.07 6.36 8.28 6.04 7.40 9.60 4.60 0.00 4.71 7.26 2.75 3.39 4.21 2.97 2.89 14012048
4.29 3.66 2.91 3.05 7.44 8.17 3.65 3.51 4.56 5.19 5.94 6.88 0.00 7.60 8.19 0.00 2.11 3.07 6.75 8.34 6.14 7.31 9.64 4.89 0.00 0.00 7.36 2.84 3.46 4.20 3.05 2.82 14025138
4.29 3.60 2.88 3.54 7.92 8.04 3.63 3.61 4.56 5.22 0.00 7.01 0.00 7.56 8.46 0.00 2.15 3.04 0.00 8.36 6.22 7.00 9.75 5.22 0.00 4.78 7.49 2.83 3.22 4.42 3.06 2.80 14038228
4.48 3.57 3.12 3.50 7.41 8.04 3.66 3.45 4.60 5.35 6.08 7.20 0.00 7.55 8.21 0.00 2.09 3.05 6.36 8.99 0.00 0.00 9.60 0.00 0.00 4.81 7.25 2.77 3.25 4.39 3.04 2.81 14051318
4.36 3.59 2.93 3.55 7.48 8.06 3.54 3.49 4.50 5.27 4.79 7.52 0.00 4.51 8.20 8.53 2.26 3.07 6.48 8.55 6.11 0.00 9.60 0.00 0.00 5.33 6.63 2.93 3.42 4.13 3.08 2.80 14064408
4.27 3.61 2.92 3.26 7.55 8.13 3.67 3.46 4.64 4.33 5.99 6.91 0.00 7.60 8.09 8.65 2.11 3.05 0.00 8.47 0.00 0.00 9.58 0.00 0.00 5.24 7.14 2.84 3.24 4.19 3.02 2.82 14077498
4.28 3.58 2.97 3.51 8.45 8.18 3.67 3.54 4.65 5.34 6.04 7.04 0.00 7.70 0.00 0.00 2.29 2.90 6.51 0.00 5.89 0.00 9.47 0.00 0.00 5.09 7.32 3.03 3.26 3.54 2.97 2.98 14090588
0.00 3.54 3.04 3.34 7.92 8.09 4.20 3.62 4.56 5.23 5.93 6.94 0.00 7.32 8.08 0.00 2.11 2.98 6.38 8.69 6.44 0.00 9.48 4.60 0.00 4.97 7.54 2.87 3.40 4.31 3.00 2.91 14103678
4.30 3.61 2.94 3.21 7.53 8.20 3.66 4.32 4.29 5.37 5.98 6.93 0.00 7.66 8.23 0.00 2.06 2.98 6.53 8.32 2.73 0.00 9.77 4.69 0.00 5.21 7.28 2.83 3.32 4.25 3.07 2.93 14116768
4.67 3.65 2.97 3.17 7.69 8.18 3.81 3.47 4.69 5.33 5.54 6.96 0.00 7.65 8.11 0.00 2.17 2.98 6.69 8.79 5.83 6.74 9.54 4.21 0.00 5.38 7.43 2.96 3.39 4.32 3.04 3.23 14129858
4.91 3.62 3.05 3.20 8.21 7.32 3.63 3.56 4.72 5.40 5.96 7.05 0.00 7.69 8.18 0.00 2.53 3.26 6.47 0.00 6.05 0.00 0.00 5.21 0.00 5.40 7.38 2.99 3.35 4.45 3.02 3.00 14142948
4.31 3.85 2.98 3.53 7.77 8.24 3.69 3.33 4.72 5.42 5.90 7.09 0.00 7.67 8.06 0.00 2.12 3.28 6.60 8.45 5.94 6.34 9.80 4.59 0.00 0.00 7.41 2.91 3.31 4.49 3.02 2.89 14156038
4.70 3.54 3.00 3.46 8.07 8.28 3.60 3.37 4.69 5.43 5.94 6.91 0.00 7.67 8.14 0.00 2.10 3.08 6.70 8.95 6.00 0.00 9.84 5.27 0.00 5.40 7.28 3.12 3.30 4.27 3.07 2.87 14169128
4.34 3.66 2.97 3.26 8.09 8.26 3.77 3.32 4.84 5.47 6.09 7.23 0.00 7.65 8.15 0.00 2.11 3.09 6.64 8.44 6.08 6.32 9.89 3.72 0.00 5.20 7.35 2.95 3.19 4.33 2.98 2.95 14182218
4.31 3.68 3.03 3.74 7.89 8.24 3.59 3.44 4.76 5.64 6.01 7.00 0.00 7.73 8.13 0.00 2.15 2.87 6.65 8.38 6.02 0.00 0.00 3.87 0.00 5.64 8.10 3.02 3.29 4.21 2.93 3.03 14195308
4.31 3.61 2.95 3.45 8.36 8.29 3.55 3.36 5.05 5.34 5.99 6.82 0.00 7.70 8.12 0.00 2.15 2.97 6.59 8.51 6.08 6.33 9.74 5.03 0.00 5.22 7.38 2.95 3.30 4.37 2.95 3.17 14208398
4.33 3.65 3.00 3.40 8.09 8.29 3.59 3.72 4.91 5.55 6.02 7.09 0.00 7.64 8.08 0.00 2.14 2.97 6.61 8.61 0.00 6.03 9.71 0.00 0.00 5.41 7.42 3.17 3.29 4.29 3.07 2.92 14221488
4.31 3.64 3.05 3.83 8.12 8.32 3.57 3.53 4.89 5.61 5.97 0.00 0.00 7.69 8.02 0.00 2.10 3.11 6.66 8.37 5.92 6.32 9.64 4.97 0.00 5.49 7.65 3.74 3.32 4.47 2.99 2.87 14234578
4.31 3.69 3.00 3.59 7.72 8.27 3.58 3.38 4.77 5.58 6.05 6.98 0.00 7.63 8.10 0.00 2.07 3.18 6.64 8.45 6.01 5.94 9.66 4.49 0.00 5.52 7.50 3.06 3.32 4.31 3.07 2.89 14247668
4.27 3.58 2.99 3.34 7.79 8.30 3.59 3.35 5.13 5.65 6.09 6.94 0.00 7.71 8.08 0.00 2.09 3.02 0.00 8.46 5.85 0.00 9.44 3.82 0.00 5.42 7.57 3.06 3.34 4.33 3.11 3.28 14260758
4.32 4.07 3.02 3.27 7.70 8.31 3.72 3.34 5.39 5.61 5.95 6.93 0.00 7.59 7.99 0.00 2.05 3.14 6.64 0.00 5.85 0.00 9.54 4.58 0.00 5.53 7.47 3.02 3.30 4.31 3.08 2.91 14273848
4.92 3.62 3.04 3.26 8.33 8.28 3.59 3.46 4.83 5.64 6.09 6.90 0.00 7.57 8.01 0.00 2.13 3.39 0.00 8.51 5.82 0.00 9.73 5.50 0.00 0.00 7.36 3.25 3.52 4.28 3.08 2.97 14286938
4.70 3.57 3.29 3.19 8.20 8.33 3.73 3.48 4.85 5.64 6.08 0.00 0.00 7.54 8.11 0.00 2.11 3.04 0.00 8.43 5.76 6.01 9.48 3.89 0.00 5.42 7.63 3.04 3.27 4.22 3.09 2.97 14300028
4.42 3.75 3.06 3.40 8.16 8.31 3.64 3.36 4.98 5.63 6.30 6.93 0.00 7.55 8.00 8.72 2.42 3.04 7.29 8.51 6.20 5.60 9.58 4.40 0.00 5.45 7.30 3.06 3.32 4.75 3.07 2.96 14313118
4.36 3.60 2.98 3.48 7.62 8.32 3.58 3.37 5.18 5.73 6.18 6.91 0.00 7.56 8.10 0.00 2.12 3.22 6.76 8.38 5.78 6.53 9.79 0.00 0.00 5.48 7.50 3.14 3.35 4.26 3.08 2.98 14326208
4.37 3.49 3.29 3.55 7.78 8.32 3.66 3.36 5.02 5.76 6.13 0.00 0.00 7.79 7.97 0.00 2.12 3.35 0.00 8.46 5.62 5.83 9.82 3.96 0.00 5.62 7.48 3.12 3.29 4.27 3.10 2.93 14339298
4.42 3.74 3.06 3.24 7.67 8.31 3.52 3.42 5.28 5.78 6.20 6.87 0.00 7.58 8.13 8.49 2.05 3.11 0.00 8.47 5.97 5.58 9.96 5.16 0.00 5.47 7.57 3.19 3.36 4.33 3.17 3.04 14352388
4.43 3.63 3.14 3.41 8.04 8.32 3.76 3.31 5.19 5.77 6.18 6.88 0.00 7.64 8.37 0.00 2.06 3.18 7.09 9.00 5.70 5.63 9.76 5.13 0.00 5.89 7.39 3.15 3.34 4.25 3.19 2.88 14365478
4.45 3.61 3.08 3.51 8.37 8.33 3.48 3.39 5.16 5.78 6.42 7.42 0.00 7.58 7.92 0.00 2.05 3.38 6.84 8.66 5.75 0.00 9.69 4.40 0.00 5.32 7.54 3.25 3.53 4.34 3.27 3.13 14378568
4.50 3.63 3.10 3.60 7.95 8.28 3.52 3.48 5.26 5.77 6.27 6.83 0.00 7.67 7.99 0.00 2.12 3.41 0.00 8.62 5.68 5.91 9.75 4.59 0.00 5.69 7.58 3.18 3.40 4.36 3.18 2.75 14391658
4.33 3.58 3.37 3.71 0.00 8.28 3.53 3.41 5.44 5.81 6.32 6.72 0.00 7.58 7.92 8.63 2.28 3.25 0.00 8.54 5.96 5.27 10.00 3.91 0.00 5.47 7.68 3.19 3.35 4.30 3.25 3.00 14404749
4.51 3.61 3.06 3.22 7.77 8.32 3.61 3.43 5.10 5.91 6.30 6.74 0.00 7.55 7.95 8.64 2.30 3.16 0.00 8.38 5.66 0.00 0.00 0.00 0.00 5.65 7.51 3.17 3.46 4.32 3.25 2.84 14417838
4.30 3.60 3.04 3.03 8.28 8.31 3.64 3.38 5.18 5.94 6.48 7.31 0.00 7.54 7.95 0.00 2.39 3.30 6.69 8.62 5.45 6.13 9.64 5.77 0.00 5.73 7.62 3.25 3.41 4.35 3.19 2.94 14430928
4.32 3.60 3.14 3.57 7.79 8.32 3.58 3.26 5.03 6.05 6.36 6.76 0.00 7.55 7.86 0.00 2.04 3.22 6.32 8.44 5.60 5.69 9.58 0.00 0.00 5.46 7.51 3.57 3.42 4.56 3.43 2.90 14444018
4.47 3.61 3.03 3.62 7.96 8.32 3.53 3.25 5.28 4.45 6.27 6.74 0.00 7.71 7.90 0.00 2.82 3.18 0.00 8.44 5.42 5.25 9.61 0.00 0.00 5.79 7.58 3.33 3.47 4.25 3.29 2.96 14457108
4.41 3.60 3.09 3.29 7.81 8.32 3.53 3.28 5.21 6.00 6.39 6.78 0.00 8.22 7.79 0.00 2.04 3.02 6.48 8.46 5.49 5.33 9.62 4.70 0.00 6.30 7.46 3.32 3.45 4.30 3.36 3.08 14470198
4.34 3.63 3.01 3.29 7.81 8.32 3.59 3.40 5.33 6.01 6.35 6.94 0.00 7.50 7.94 8.71 2.05 3.07 0.00 8.52 5.69 0.00 9.83 0.00 0.00 6.23 7.96 3.85 3.45 4.38 3.27 3.09 14483288
4.42 3.59 3.12 3.41 7.88 8.33 3.61 3.39 5.64 5.97 6.37 6.78 0.00 7.47 7.98 0.00 2.59 3.13 6.78 8.52 5.39 0.00 9.58 0.00 0.00 6.33 7.56 3.24 3.63 4.29 3.43 2.98 14496378
4.33 3.60 3.10 3.34 7.76 8.33 3.61 3.28 5.32 6.03 6.35 6.84 0.00 7.56 7.88 0.00 2.13 3.22 6.75 8.50 5.27 0.00 9.84 0.00 0.00 6.08 7.68 3.95 3.49 4.25 3.30 3.23 14509468
4.52 3.61 3.00 3.64 8.25 8.31 3.55 3.36 0.00 6.04 6.38 6.74 0.00 7.47 7.71 0.00 2.06 3.24 5.70 8.43 5.31 5.44 0.00 4.88 0.00 5.73 7.67 3.39 3.50 4.35 3.34 3.04 14522558
4.53 4.16 3.09 3.70 7.80 8.31 3.67 3.35 5.15 6.07 6.57 6.61 0.00 7.50 7.73 0.00 2.04 3.11 6.22 8.52 5.58 0.00 9.45 0.00 0.00 5.54 7.77 3.39 3.73 4.28 3.38 3.06 14535648
4.42 3.60 3.01 3.18 7.85 8.28 3.48 3.28 5.35 5.90 6.43 6.69 0.00 7.49 7.77 0.00 2.57 3.00 0.00 9.18 5.51 5.09 9.51 0.00 0.00 0.00 7.62 3.49 3.61 4.41 3.55 3.12 14548738
4.34 3.66 3.01 3.13 8.38 8.32 3.53 3.34 5.36 6.06 6.45 6.71 0.00 7.54 7.86 8.54 2.07 3.18 6.24 8.83 5.68 5.09 9.40 5.33 0.00 5.50 7.76 3.35 3.60 4.37 3.29 2.98 14561828
4.30 3.60 3.02 3.25 7.84 8.30 3.54 3.32 5.46 6.06 6.31 6.62 0.00 7.52 7.74 0.00 2.34 3.15 6.69 9.06 5.61 0.00 9.53 4.86 0.00 5.60 7.75 3.44 3.60 4.48 3.37 3.09 14574918
4.37 3.59 3.05 3.65 8.28 8.33 3.54 3.29 0.00 6.06 6.34 6.75 0.00 7.47 7.90 8.14 2.19 3.93 6.34 8.38 5.41 0.00 9.32 4.53 0.00 5.48 7.67 3.32 3.47 4.29 3.34 2.96 14588008
4.37 3.59 3.05 3.42 7.87 8.32 3.49 3.57 5.23 6.11 6.38 6.94 0.00 7.48 7.93 8.33 2.83 3.04 0.00 8.42 5.40 4.84 9.29 4.45 0.00 5.53 8.01 3.35 3.43 4.56 3.38 3.04 14601098
4.47 3.61 3.02 3.51 7.53 8.33 3.49 3.35 5.71 6.13 6.35 6.75 0.00 0.00 7.85 0.00 2.18 3.02 6.72 8.46 5.39 5.59 9.30 0.00 0.00 5.56 7.58 3.58 3.48 4.40 3.45 3.02 14614188
4.36 3.64 3.10 3.57 7.95 8.32 3.57 3.25 0.00 6.11 6.30 6.70 0.00 7.58 7.82 0.00 2.24 2.84 0.00 8.39 2.82 5.66 9.35 4.45 0.00 5.75 7.63 4.09 3.52 4.49 3.50 3.06 14627278
4.33 3.59 3.09 3.60 7.88 8.34 3.56 3.26 5.14 6.10 6.43 6.72 0.00 7.75 7.85 0.00 2.39 3.03 0.00 8.44 6.05 5.47 9.28 5.56 0.00 6.25 7.69 3.55 3.51 4.45 3.44 2.99 14640368
4.30 3.62 3.11 3.58 8.41 8.33 3.51 3.19 0.00 6.09 6.39 6.88 0.00 7.46 7.83 0.00 2.32 3.19 0.00 8.48 5.32 5.70 0.00 0.00 0.00 5.70 7.70 3.42 3.67 4.11 3.40 3.06 14653458
4.36 3.60 3.04 3.73 0.00 8.33 3.66 3.20 0.00 6.14 6.46 6.62 0.00 7.53 8.13 8.87 2.27 2.95 6.59 8.50 5.33 5.08 9.53 0.00 0.00 5.70 7.61 0.00 3.45 3.59 3.44 3.11 14666548
4.34 3.61 3.05 0.00 7.79 8.30 3.69 3.22 0.00 6.10 6.41 6.88 0.00 7.51 7.74 8.73 2.12 2.92 0.00 8.50 5.35 5.37 9.47 0.00 0.00 5.80 7.76 3.48 3.57 4.42 3.37 3.11 14679638
4.34 3.61 3.07 3.65 7.73 8.34 3.49 3.21 5.85 6.12 6.37 6.62 0.00 7.45 7.77 0.00 2.11 3.09 0.00 8.48 5.25 0.00 9.38 0.00 0.00 5.77 7.62 3.50 3.58 4.68 3.50 2.98 14692728
4.29 3.63 3.04 3.67 8.10 8.33 3.76 3.29 0.00 6.12 6.62 6.71 0.00 7.47 7.74 8.39 2.06 3.10 6.77 0.00 5.32 5.39 9.59 0.00 0.00 5.76 7.79 3.51 3.52 4.35 3.40 2.99 14705818
4.89 3.60 3.08 3.68 7.93 8.32 3.56 3.17 5.22 6.11 6.33 6.69 0.00 7.47 7.76 0.00 2.06 3.11 0.00 8.47 5.39 5.08 9.57 4.58 0.00 6.29 7.80 3.69 3.55 4.59 3.38 3.07 14718908
4.36 3.57 3.29 3.39 8.18 8.30 3.56 3.15 0.00 6.11 6.37 6.67 0.00 7.54 7.70 8.23 2.05 3.06 0.00 8.36 5.24 5.20 9.24 0.00 0.00 5.60 7.87 3.49 3.57 4.50 3.42 3.21 14731998
4.29 3.61 3.05 3.39 8.19 8.33 3.49 3.14 0.00 6.11 6.47 6.68 0.00 7.52 7.76 8.22 2.13 3.01 6.61 8.52 5.32 0.00 9.25 0.00 0.00 0.00 7.71 0.00 3.58 4.37 3.55 3.04 14745088
4.37 3.60 3.06 3.84 7.96 8.31 3.57 3.16 0.00 6.17 6.48 6.87 0.00 7.47 7.71 7.98 2.02 3.01 6.65 8.47 5.16 5.06 9.25 0.00 0.00 6.22 7.68 3.68 3.53 4.40 3.59 3.02 14758178
4.43 3.60 3.05 3.39 8.19 8.31 3.55 3.13 5.19 6.15 6.46 6.61 0.00 7.45 7.73 8.03 2.03 3.03 0.00 8.46 5.06 5.94 9.26 5.36 0.00 5.72 7.45 3.99 3.58 4.38 3.38 3.06 14771268
4.64 3.64 3.01 3.21 7.98 8.31 3.50 3.06 0.00 6.18 6.58 6.69 0.00 7.49 7.80 8.24 0.00 3.25 0.00 8.37 5.55 4.98 9.96 0.00 0.00 5.67 7.57 3.60 3.53 4.43 3.35 3.01 14784358
4.32 3.61 3.13 3.18 7.86 8.32 3.53 3.24 0.00 6.17 6.48 6.64 0.00 7.46 7.69 8.14 2.08 3.10 0.00 8.45 5.00 4.81 9.84 0.00 0.00 0.00 7.75 3.46 3.55 4.44 3.64 3.17 14797448
4.37 3.60 3.16 3.19 7.70 8.32 3.49 3.33 0.00 6.16 6.46 6.74 6.26 7.44 7.68 8.15 2.02 3.20 6.60 8.38 5.35 4.76 9.30 0.00 0.00 5.59 7.78 0.00 3.53 4.46 3.48 3.11 14810538
4.34 3.59 3.07 3.18 7.59 8.31 3.50 3.06 5.87 6.24 6.46 6.59 0.00 7.65 7.71 7.99 2.03 3.33 7.11 8.57 5.26 4.63 9.39 0.00 0.00 0.00 7.87 3.49 3.60 4.38 3.40 3.53 14823628
4.51 3.62 3.07 3.19 7.71 8.33 3.54 3.16 0.00 6.18 6.55 6.59 0.00 7.50 7.65 8.26 2.04 3.12 0.00 8.34 5.25 4.79 9.49 0.00 0.00 0.00 7.92 3.67 3.54 4.53 3.36 3.04 14836718
4.38 3.62 3.04 3.19 7.62 8.32 3.54 3.10 0.00 6.17 6.45 6.66 0.00 7.43 7.83 8.13 2.05 3.01 0.00 8.36 6.21 5.01 9.43 4.59 0.00 5.86 7.37 3.68 3.61 4.49 3.76 3.03 14849808
4.34 4.15 3.18 3.19 7.93 8.32 3.51 3.07 0.00 6.33 6.41 6.68 0.00 7.50 7.72 8.07 2.03 3.00 0.00 8.43 5.20 4.92 9.68 4.47 0.00 5.56 7.47 4.19 3.56 4.49 4.29 0.00 14862898
4.32 3.64 3.11 3.19 8.01 8.32 3.51 3.18 0.00 6.15 6.44 6.62 0.00 7.41 7.85 8.04 2.04 3.02 0.00 8.34 5.03 0.00 9.66 4.42 0.00 6.09 7.60 0.00 3.59 4.58 3.44 3.08 14875988
4.49 3.62 3.46 3.19 7.94 8.32 3.51 3.22 0.00 6.21 6.45 6.61 0.00 7.53 7.65 8.05 2.05 3.08 0.00 8.35 5.17 0.00 9.93 4.56 0.00 5.61 7.62 3.74 3.60 4.52 3.32 3.78 14889078
0.00 3.65 3.06 3.18 8.04 8.32 3.53 3.46 0.00 6.21 6.52 6.68 0.00 7.54 7.73 8.03 2.04 3.22 0.00 9.18 5.31 4.83 9.63 0.00 0.00 5.87 7.59 3.58 3.60 4.48 3.37 3.04 14902168
5.06 3.66 3.05 3.19 7.94 8.33 3.51 3.10 5.22 6.21 7.15 6.63 0.00 7.50 8.08 8.06 2.03 3.19 0.00 8.52 5.01 5.39 9.23 0.00 0.00 5.73 7.41 3.59 3.61 4.37 3.35 3.02 14915258
4.36 3.62 3.07 3.18 7.74 8.33 3.52 3.15 0.00 6.22 6.57 6.62 0.00 7.74 0.00 8.21 2.03 3.06 0.00 8.50 5.01 4.81 9.65 0.00 0.00 5.66 7.41 3.60 3.61 4.40 3.51 3.06 14928348
4.42 3.62 3.07 3.22 0.00 8.31 3.51 3.09 0.00 6.21 6.46 6.65 0.00 7.45 7.84 0.00 2.03 2.99 0.00 8.50 5.16 5.25 9.30 3.74 0.00 5.69 7.37 0.00 3.64 4.46 3.38 3.01 14941438
4.32 3.59 3.04 3.20 7.52 8.32 3.54 3.13 0.00 6.30 6.59 6.61 0.00 7.44 7.66 0.00 2.04 3.14 0.00 8.49 5.05 4.82 9.55 0.00 0.00 5.76 7.48 0.00 3.68 4.40 3.46 3.02 14954528
4.34 3.60 3.19 3.21 7.49 8.31 4.16 3.19 0.00 6.24 6.56 6.58 0.00 7.44 7.65 8.22 2.02 2.99 0.00 8.44 5.06 5.06 9.54 0.00 0.00 5.69 7.50 3.63 3.61 4.31 3.44 3.07 14967618
4.32 3.61 3.11 3.22 7.63 8.30 3.57 3.15 0.00 6.22 6.74 6.59 6.25 7.47 7.64 8.00 2.03 3.00 0.00 8.48 5.01 0.00 9.33 0.00 0.00 0.00 7.69 3.61 3.61 4.39 3.46 3.00 14980708
4.36 3.63 3.12 3.22 7.93 8.32 0.00 3.17 0.00 6.20 6.46 6.56 0.00 7.43 8.09 8.21 2.04 3.06 6.29 8.50 5.04 0.00 9.40 0.00 0.00 5.66 7.51 3.74 3.71 4.38 3.46 3.68 14993798
4.44 3.60 3.03 3.23 7.60 8.31 4.18 3.32 0.00 6.36 6.52 6.58 0.00 7.47 7.63 7.99 2.05 3.13 0.00 8.50 5.03 0.00 9.34 0.00 0.00 5.71 7.54 3.64 3.66 4.32 3.51 2.99 15006888
4.47 3.60 3.02 3.32 7.82 8.31 0.00 3.21 5.21 6.22 6.41 6.59 0.00 7.47 7.63 8.20 2.04 3.15 0.00 8.50 5.04 5.01 9.31 0.00 0.00 5.84 7.56 3.65 3.65 4.31 3.40 2.99 15019978
4.38 3.63 3.05 3.22 7.74 8.30 4.19 3.43 0.00 6.24 6.50 6.62 0.00 7.52 7.63 8.09 2.03 3.15 0.00 8.50 5.03 0.00 9.42 0.00 0.00 6.06 7.62 4.17 3.60 4.52 3.50 3.11 15033068
4.38 3.62 3.09 3.21 7.73 8.31 4.20 3.32 0.00 6.27 6.41 6.60 0.00 7.48 7.64 8.20 2.05 3.16 0.00 8.51 5.03 4.72 9.40 0.00 0.00 0.00 7.64 3.66 3.66 4.48 3.39 2.99 15046158
4.35 3.59 3.09 3.19 7.50 8.32 3.58 3.06 0.00 6.23 6.49 6.58 0.00 7.49 7.64 8.20 2.04 2.99 0.00 8.50 5.05 4.64 9.35 0.00 0.00 5.78 7.46 4.27 3.78 4.48 3.38 2.98 15059248
4.63 3.62 3.07 3.20 7.94 8.31 3.56 0.00 0.00 6.21 6.44 6.56 0.00 7.36 7.63 8.24 2.03 2.98 0.00 8.51 5.03 4.82 9.29 0.00 0.00 5.72 7.94 3.72 3.71 4.54 3.36 2.99 15072338