0.00 0.00 4.35 0.00 6.30 6.18 0.00 5.95 3.31 4.57 6.84 7.13 0.00 7.56 7.98 8.07 2.12 3.95 6.41 8.96 0.00 4.33 0.00 0.00 0.00 2.02 2.58 0.00 5.83 6.56 3.94 3.60 21002591
0.00 0.00 4.36 0.00 6.30 6.20 0.00 5.95 3.36 4.57 6.84 7.14 0.00 7.56 7.99 8.08 2.11 3.83 6.65 8.94 0.00 4.34 0.00 4.45 0.00 2.02 2.57 0.00 5.84 6.56 3.94 3.60 21015681
0.00 0.00 4.36 0.00 6.26 6.20 0.00 5.95 3.34 4.58 6.84 7.14 0.00 7.56 8.01 8.08 2.08 3.67 6.41 8.95 0.00 4.34 0.00 4.45 0.00 2.01 2.58 0.00 5.83 6.56 3.93 3.60 21028771
0.00 0.00 4.36 0.00 6.28 6.21 0.00 5.96 3.39 4.56 6.84 7.14 0.00 7.56 8.00 8.07 2.08 3.68 6.38 8.95 0.00 4.35 0.00 4.44 0.00 2.02 2.58 0.00 5.82 6.56 3.93 3.61 21041861
0.00 0.00 4.36 0.00 6.35 6.20 0.00 5.96 3.39 4.57 6.85 7.14 0.00 7.56 8.00 8.07 2.07 3.65 6.41 8.95 0.00 4.35 0.00 0.00 0.00 2.01 2.60 0.00 5.81 6.56 3.93 3.61 21054951
0.00 4.25 4.36 0.00 6.22 6.23 0.00 5.96 3.39 4.54 6.85 7.14 0.00 7.55 8.00 8.07 2.05 3.66 6.39 8.95 0.00 4.35 0.00 0.00 0.00 2.02 3.02 0.00 5.81 6.56 3.94 3.61 21068041
0.00 0.00 4.39 0.00 5.93 6.22 0.00 5.96 3.33 4.55 6.85 7.23 0.00 7.55 7.99 0.00 2.08 3.54 6.73 8.93 0.00 4.20 0.00 0.00 0.00 2.04 2.53 0.00 5.53 6.57 3.99 3.59 21081131
0.00 0.00 4.36 0.00 5.90 6.16 0.00 5.97 3.29 4.65 6.88 7.20 0.00 7.54 7.99 0.00 2.10 3.38 6.55 8.92 0.00 4.18 0.00 0.00 0.00 2.02 2.54 4.31 5.52 6.57 3.85 3.58 21094221
0.00 4.17 4.47 0.00 5.90 6.17 0.00 5.95 3.30 4.67 6.86 7.18 0.00 7.55 8.00 8.06 2.09 3.38 6.60 8.98 0.00 4.17 0.00 4.24 0.00 2.02 2.69 4.23 5.45 6.58 3.89 3.76 21107311
0.00 0.00 4.39 0.00 6.16 6.10 0.00 5.96 3.15 4.64 6.82 7.20 0.00 7.54 7.99 0.00 2.05 3.46 6.63 9.03 3.66 4.31 0.00 0.00 0.00 2.02 2.85 4.43 5.52 6.56 3.97 0.00 21120401
0.00 0.00 4.49 0.00 6.42 6.25 0.00 5.94 3.20 4.62 6.99 7.23 0.00 7.54 7.99 8.04 2.04 3.72 6.09 0.00 4.35 4.28 0.00 3.75 0.00 2.02 2.67 0.00 5.53 6.59 3.94 3.61 21133491
0.00 0.00 4.45 0.00 6.28 6.24 0.00 5.94 3.20 4.75 7.74 7.16 0.00 7.55 7.99 7.92 2.05 3.49 6.53 8.96 0.00 4.26 0.00 3.51 0.00 2.02 2.84 4.56 5.90 7.13 3.91 3.61 21146581
0.00 0.00 4.38 0.00 6.20 6.24 0.00 5.93 3.31 4.56 7.53 7.20 0.00 7.56 7.97 8.07 2.04 3.60 6.37 8.87 0.00 4.23 0.00 0.00 0.00 2.01 2.67 4.59 5.46 0.00 3.87 3.61 21159671
0.00 0.00 4.44 0.00 6.14 6.25 0.00 5.95 3.36 4.55 7.51 0.00 0.00 7.56 7.98 7.93 2.03 3.59 0.00 0.00 0.00 4.26 0.00 3.57 0.00 2.01 2.59 4.49 5.51 6.56 3.95 3.65 21172761
0.00 0.00 4.36 0.00 6.07 6.20 0.00 5.96 3.14 4.66 6.83 7.31 0.00 7.55 7.99 8.06 2.04 3.42 6.38 8.92 0.00 4.26 0.00 0.00 0.00 2.01 2.59 4.29 5.38 6.55 4.54 3.64 21185851
0.00 0.00 4.42 0.00 6.02 6.21 0.00 5.96 3.54 4.58 6.85 0.00 0.00 7.57 7.98 7.89 2.05 3.41 6.45 8.92 0.00 0.00 0.00 0.00 0.00 2.01 2.55 4.23 5.57 6.65 3.90 3.61 21198941
0.00 4.20 4.40 0.00 6.02 6.22 0.00 5.94 3.18 4.66 6.83 7.39 0.00 7.57 7.98 7.93 2.05 3.39 6.40 8.92 4.01 4.11 0.00 3.54 0.00 2.02 2.55 4.24 5.54 6.68 3.91 0.00 21212031
0.00 4.20 4.36 0.00 6.04 6.23 3.67 5.93 3.17 4.60 6.82 7.53 0.00 7.56 8.00 8.07 2.03 3.44 6.73 8.93 0.00 4.10 0.00 3.71 0.00 2.01 2.54 4.28 5.82 6.58 3.96 0.00 21225121
0.00 0.00 4.38 0.00 6.05 6.24 0.00 5.93 3.22 4.60 6.82 7.24 0.00 7.56 7.98 8.07 2.02 3.40 6.73 8.93 0.00 4.08 0.00 0.00 0.00 2.01 2.54 4.36 5.36 6.60 3.93 3.61 21238211
0.00 0.00 4.37 0.00 6.04 6.24 0.00 5.93 3.30 4.60 6.83 7.20 0.00 7.56 7.98 8.05 2.02 3.42 6.94 8.92 0.00 4.09 0.00 0.00 0.00 2.02 2.53 4.35 5.44 6.58 3.90 3.67 21251301
0.00 0.00 4.35 0.00 6.02 6.27 0.00 5.91 3.22 4.60 6.83 7.18 0.00 7.58 7.98 7.97 2.02 3.36 6.73 8.91 0.00 4.08 0.00 0.00 0.00 2.00 2.53 4.33 5.50 6.65 3.99 0.00 21264391
0.00 0.00 4.35 0.00 6.55 6.26 0.00 5.91 3.20 4.66 6.86 7.14 0.00 7.57 7.98 8.06 2.03 3.62 6.74 8.93 0.00 4.07 0.00 0.00 0.00 2.01 2.56 4.35 5.38 6.58 3.99 0.00 21277481
0.00 4.21 4.36 0.00 6.06 6.26 0.00 5.91 3.20 4.55 6.85 7.16 0.00 7.57 7.98 8.08 2.02 3.44 6.65 8.92 0.00 4.08 0.00 0.00 0.00 2.01 2.55 4.36 5.37 6.70 4.00 3.59 21290571
0.00 0.00 4.36 0.00 6.07 6.24 0.00 5.90 3.21 4.66 6.83 7.18 0.00 7.57 7.98 7.93 2.03 3.46 6.46 8.92 0.00 4.07 0.00 0.00 0.00 2.02 2.56 4.36 5.44 6.56 4.10 3.76 21303661
0.00 0.00 4.45 0.00 6.07 6.25 0.00 5.91 3.22 4.61 6.84 7.16 0.00 7.57 7.98 7.93 2.02 3.46 6.69 8.91 0.00 4.08 0.00 0.00 0.00 2.01 2.55 4.32 5.46 6.57 4.01 3.61 21316751
0.00 0.00 4.41 0.00 6.07 6.18 0.00 5.91 3.19 4.68 6.80 7.15 0.00 7.58 7.99 8.06 2.02 3.45 6.53 8.93 0.00 4.07 0.00 0.00 0.00 2.02 2.56 4.31 5.68 0.00 3.91 3.60 21329841
0.00 0.00 4.37 0.00 6.06 6.16 0.00 5.91 3.23 4.63 6.81 7.20 0.00 7.59 7.98 7.94 2.03 3.47 6.74 8.93 0.00 4.08 0.00 4.26 0.00 2.02 2.55 4.28 5.43 6.78 3.91 3.58 21342931
0.00 0.00 4.35 0.00 6.05 6.15 0.00 5.89 3.19 4.67 6.82 7.15 0.00 7.58 7.98 7.94 2.05 3.44 6.61 8.92 0.00 4.08 0.00 0.00 0.00 2.01 2.56 4.25 5.41 6.54 4.61 4.27 21356021
0.00 0.00 4.36 0.00 6.06 6.15 0.00 5.89 3.18 4.69 6.83 7.26 0.00 7.54 7.98 8.07 2.05 4.26 6.59 8.92 0.00 4.08 0.00 3.96 0.00 2.01 2.56 4.29 5.42 6.51 3.99 3.69 21369111
0.00 0.00 4.38 0.00 6.05 6.14 0.00 5.91 3.12 4.72 6.83 7.17 0.00 7.58 7.98 7.94 2.05 4.29 6.72 8.93 0.00 4.07 0.00 0.00 0.00 2.01 2.55 4.24 5.71 6.56 0.00 3.63 21382201
0.00 0.00 4.34 0.00 6.08 6.16 0.00 5.91 3.18 4.70 6.84 7.13 0.00 7.60 7.98 7.91 2.23 3.47 6.49 8.93 0.00 4.08 0.00 3.92 0.00 2.01 2.56 4.22 5.71 0.00 3.91 3.65 21395291
0.00 0.00 4.33 0.00 6.07 6.13 0.00 5.92 3.16 4.70 6.82 7.12 0.00 7.60 7.98 7.89 2.12 3.39 6.50 8.92 0.00 4.08 0.00 0.00 0.00 2.01 2.57 4.23 5.46 6.59 3.99 3.67 21408381
0.00 4.22 4.33 0.00 6.08 6.15 0.00 5.92 3.16 4.60 6.81 7.11 0.00 7.59 7.97 7.91 2.06 3.60 6.52 8.92 0.00 4.08 0.00 3.58 0.00 2.02 2.54 4.28 5.43 6.66 3.89 3.80 21421471
0.00 0.00 4.38 0.00 6.05 6.15 0.00 5.94 3.17 4.62 6.83 7.14 0.00 7.86 7.98 7.89 2.05 3.61 6.61 8.91 0.00 4.08 0.00 0.00 0.00 2.01 2.54 4.32 5.43 6.66 3.98 0.00 21434561
0.00 0.00 4.37 0.00 6.07 6.15 0.00 5.92 3.18 4.83 6.82 7.17 0.00 7.57 7.97 7.91 2.05 3.58 6.44 8.91 0.00 4.08 0.00 0.00 0.00 2.02 2.52 4.31 0.00 6.54 3.97 3.66 21447651
0.00 4.23 4.40 0.00 6.08 6.13 3.69 5.91 3.12 4.63 6.82 7.23 0.00 7.58 7.98 7.92 2.04 3.58 6.46 8.92 0.00 4.21 0.00 0.00 0.00 2.02 2.54 4.33 5.41 6.56 3.93 3.60 21460741
0.00 0.00 4.38 0.00 6.11 6.14 0.00 5.90 3.12 4.58 6.83 7.18 0.00 7.57 7.99 7.91 2.05 3.58 6.48 8.92 0.00 4.15 0.00 0.00 0.00 2.01 2.52 4.32 5.56 6.55 3.91 3.60 21473831
0.00 0.00 4.35 0.00 6.10 6.14 0.00 5.92 3.27 4.58 6.82 7.21 0.00 7.57 7.99 7.88 2.02 3.58 6.39 8.92 0.00 4.14 0.00 0.00 0.00 2.01 2.52 4.33 5.40 6.50 3.88 4.34 21486921
0.00 0.00 4.35 0.00 6.11 6.15 0.00 5.90 3.86 4.67 6.81 7.17 0.00 7.59 7.99 8.06 2.05 3.56 6.47 8.92 0.00 4.23 0.00 0.00 0.00 2.02 2.54 4.35 5.79 6.50 3.91 3.66 21500011
0.00 0.00 4.33 0.00 6.12 6.14 0.00 5.93 3.23 4.73 6.79 7.14 0.00 7.59 7.98 7.93 2.04 3.56 6.91 8.92 0.00 0.00 0.00 0.00 0.00 2.02 2.57 4.32 5.73 6.49 4.04 3.76 21513101
0.00 0.00 4.33 0.00 6.10 6.15 0.00 5.96 3.13 4.63 6.80 7.14 0.00 8.16 8.01 7.92 2.02 3.57 6.73 8.91 0.00 4.21 0.00 3.83 0.00 2.01 2.55 4.35 5.62 6.60 4.08 0.00 21526191
0.00 0.00 4.34 0.00 6.08 6.15 0.00 5.93 3.18 4.71 6.85 7.17 0.00 7.58 7.92 7.90 2.05 3.52 6.55 8.92 0.00 4.14 0.00 0.00 0.00 2.02 2.53 4.45 5.56 6.53 4.55 3.81 21539281
0.00 0.00 4.36 0.00 6.09 6.14 0.00 5.95 3.23 4.76 6.84 7.19 0.00 7.58 7.92 7.91 2.04 3.54 6.57 8.93 0.00 4.23 0.00 0.00 0.00 2.02 2.53 4.49 5.43 6.46 3.89 3.68 21552371
0.00 0.00 4.43 0.00 6.11 6.16 0.00 5.95 3.22 4.59 6.85 7.15 0.00 7.56 8.03 7.91 2.12 3.57 6.54 8.93 0.00 0.00 0.00 3.78 0.00 2.01 2.51 4.94 5.44 6.68 3.84 4.37 21565461
0.00 4.25 4.51 0.00 6.21 6.18 0.00 5.95 3.39 4.67 6.86 7.16 0.00 7.57 7.99 8.06 2.19 3.58 6.49 8.94 0.00 0.00 0.00 3.87 0.00 0.00 2.52 4.29 5.54 0.00 4.12 3.65 21578551
0.00 0.00 4.41 0.00 6.14 6.18 0.00 5.94 3.27 4.85 7.07 7.34 0.00 7.56 8.01 8.07 2.03 4.09 6.51 8.94 0.00 4.77 0.00 3.56 0.00 2.01 2.50 4.34 5.56 6.48 4.01 3.77 21591641
0.00 4.24 4.37 0.00 6.11 6.18 0.00 5.95 3.11 4.84 6.91 7.25 0.00 7.54 8.04 8.06 2.03 3.70 7.25 8.94 0.00 4.84 0.00 0.00 0.00 0.00 2.49 0.00 5.44 6.49 4.00 3.71 21604731
0.00 0.00 4.39 0.00 6.32 6.19 0.00 5.96 3.17 4.60 6.88 7.13 0.00 7.55 7.99 8.09 2.32 3.74 6.47 8.94 3.95 0.00 0.00 0.00 0.00 0.00 2.62 4.33 5.64 6.65 3.90 4.26 21617821
0.00 0.00 4.40 0.00 6.01 6.18 0.00 5.83 3.31 4.79 6.94 7.13 0.00 7.49 7.99 8.26 2.33 3.65 6.89 8.94 0.00 0.00 0.00 5.08 0.00 0.00 2.52 4.62 5.42 6.57 3.91 3.73 21630911
0.00 0.00 4.45 0.00 6.01 6.18 0.00 5.99 3.22 4.75 0.00 7.19 0.00 7.51 7.96 8.16 2.15 3.78 6.51 8.92 0.00 4.23 0.00 3.67 0.00 0.00 2.67 4.34 5.39 6.52 3.95 3.68 21644001
0.00 0.00 4.47 0.00 6.03 6.20 0.00 5.96 3.20 4.65 7.04 7.23 0.00 7.70 8.00 8.14 2.02 4.01 7.27 8.96 0.00 0.00 0.00 0.00 0.00 0.00 2.55 4.48 5.39 6.61 3.97 3.83 21657091
0.00 0.00 4.56 0.00 5.96 6.21 0.00 5.86 3.15 4.75 7.01 7.32 0.00 7.64 7.99 8.04 2.02 3.63 7.17 8.94 0.00 4.13 0.00 0.00 0.00 0.00 2.58 0.00 5.26 6.49 3.96 3.67 21670181
0.00 0.00 4.97 0.00 5.94 6.21 0.00 5.55 3.19 4.73 6.85 7.23 0.00 7.71 7.98 8.74 2.02 3.47 6.12 9.01 0.00 4.01 0.00 4.28 0.00 0.00 2.49 0.00 5.47 6.46 3.91 3.73 21683271
0.00 0.00 4.36 0.00 5.88 6.20 0.00 5.68 3.19 4.63 6.97 7.33 0.00 7.53 7.97 8.42 2.03 3.70 0.00 8.94 0.00 0.00 0.00 0.00 0.00 2.38 2.49 4.65 5.48 6.57 4.05 3.74 21696361
0.00 4.18 4.39 0.00 6.07 6.20 0.00 5.37 3.16 4.70 7.03 7.11 0.00 7.53 7.95 0.00 2.07 3.70 0.00 8.95 0.00 3.99 0.00 0.00 0.00 0.00 2.50 4.60 5.35 6.72 4.00 3.70 21709451
0.00 4.20 5.28 0.00 6.37 6.20 3.71 5.40 3.24 4.72 6.93 7.83 0.00 7.50 8.08 0.00 2.10 3.56 6.34 8.97 0.00 4.05 6.94 0.00 0.00 2.35 2.48 4.80 5.31 7.19 2.95 3.67 21722541
0.00 4.23 4.53 0.00 6.18 6.20 0.00 5.55 3.25 4.71 6.96 7.28 0.00 7.49 7.97 8.40 2.09 3.55 6.87 9.38 3.95 3.92 9.73 3.75 0.00 2.09 2.59 4.60 5.45 6.63 3.98 4.13 21735631
0.00 3.79 4.45 0.00 5.91 6.20 0.00 5.42 3.20 4.10 7.05 7.22 0.00 7.53 7.96 8.00 2.11 3.66 6.39 8.97 0.00 3.90 6.84 5.14 0.00 0.00 2.47 4.84 5.32 6.70 3.98 3.69 21748721
0.00 0.00 4.39 0.00 6.02 6.21 0.00 5.16 3.37 4.78 7.13 7.25 0.00 7.57 7.98 0.00 2.08 3.56 6.52 9.46 3.83 4.02 0.00 5.13 0.00 0.00 2.52 4.70 5.21 6.58 4.01 3.76 21761811
0.00 0.00 4.48 0.00 5.98 6.21 0.00 5.39 3.17 4.67 7.08 7.10 0.00 7.41 7.96 0.00 2.13 3.58 6.21 8.95 0.00 3.88 6.98 4.21 0.00 0.00 2.47 4.74 5.26 6.73 4.05 3.75 21774901
0.00 4.21 4.47 0.00 6.17 6.22 0.00 5.13 3.20 4.79 7.23 7.30 0.00 7.56 8.10 0.00 2.14 3.38 6.05 8.94 0.00 0.00 0.00 4.18 0.00 0.00 2.53 5.17 5.43 7.25 4.01 3.74 21787991
0.00 0.00 4.48 0.00 5.91 6.13 0.00 4.96 3.29 4.74 7.10 7.24 0.00 7.57 8.07 8.42 2.14 3.71 6.62 8.97 0.00 4.03 0.00 3.98 0.00 0.00 2.53 4.83 5.26 6.67 4.01 3.83 21801081
0.00 0.00 4.60 0.00 6.49 6.42 0.00 5.07 3.26 4.93 7.08 7.16 0.00 7.44 8.39 8.15 2.05 3.76 6.84 8.94 0.00 3.97 9.99 4.40 0.00 0.00 2.53 4.73 5.23 6.73 4.13 3.78 21814171
0.00 4.16 4.42 0.00 5.75 6.13 0.00 5.08 3.25 4.82 7.14 7.14 0.00 7.53 7.99 8.07 2.05 3.56 7.14 8.94 0.00 4.42 9.32 4.20 0.00 0.00 2.73 4.89 5.26 6.45 4.07 3.75 21827261
0.00 0.00 4.41 0.00 5.83 6.13 3.71 5.06 3.35 4.63 7.04 7.19 0.00 7.47 8.10 8.09 2.91 3.37 6.61 8.91 0.00 3.92 0.00 3.55 0.00 2.14 2.51 4.98 5.29 6.47 4.08 3.86 21840351
0.00 0.00 4.58 0.00 5.62 6.10 3.68 4.97 3.31 4.86 7.22 7.15 4.84 7.55 8.08 8.04 2.20 3.53 6.47 8.93 0.00 3.94 8.38 0.00 0.00 2.52 2.56 5.13 5.16 6.36 4.77 4.08 21853441
0.00 0.00 4.44 0.00 5.69 6.20 0.00 4.92 3.50 4.57 7.13 7.23 6.41 7.48 7.97 8.08 2.14 3.42 6.53 8.92 0.00 4.60 9.26 4.74 0.00 2.37 2.60 0.00 5.31 5.99 4.16 3.96 21866531
0.00 0.00 4.62 2.60 5.87 6.36 0.00 4.71 3.40 4.25 7.74 7.18 6.08 7.52 8.12 8.06 2.12 3.37 6.66 8.95 0.00 3.86 9.58 3.88 0.00 2.03 2.47 5.71 5.03 5.51 4.14 3.83 21879621
0.00 0.00 4.67 0.00 5.56 6.09 3.68 4.72 3.23 4.74 7.11 7.31 6.44 7.48 8.01 8.44 2.04 3.51 6.49 8.96 3.60 3.86 3.24 3.23 0.00 2.34 2.61 5.07 5.06 5.52 4.09 4.24 21892711
0.00 3.79 4.86 0.00 5.70 5.97 0.00 4.68 3.37 4.78 7.31 7.40 6.39 7.47 7.96 7.75 2.80 3.41 6.56 8.90 3.94 3.99 9.46 3.88 0.00 0.00 2.68 5.08 4.97 5.30 4.08 3.91 21905801
0.00 0.00 4.67 0.00 5.46 6.01 3.73 4.62 3.31 4.75 7.26 7.17 6.39 7.44 7.98 8.04 2.98 3.15 6.33 8.87 0.00 4.55 0.00 3.53 0.00 0.00 2.78 5.05 4.74 5.45 4.16 3.96 21918891
0.00 0.00 4.69 2.71 5.45 5.99 3.97 4.58 3.34 4.83 7.27 7.16 6.05 7.16 7.93 8.23 2.15 3.43 5.53 8.87 3.59 0.00 8.74 3.80 0.00 0.00 2.89 5.13 4.58 5.33 4.27 4.15 21931981
0.00 3.60 4.66 0.00 5.31 5.79 4.28 4.71 3.34 4.96 7.42 7.45 6.22 6.70 8.59 7.77 2.23 3.57 6.13 9.24 3.97 3.93 4.22 3.11 0.00 0.00 2.79 5.22 4.52 5.47 4.28 4.26 21945071
0.00 3.92 4.68 2.48 5.19 5.14 0.00 4.64 3.38 4.89 7.38 7.70 6.27 5.80 7.85 8.01 2.00 3.57 6.37 9.57 0.00 4.01 7.11 3.59 0.00 2.18 2.98 5.04 4.54 5.38 4.56 4.14 21958161
0.00 0.00 4.63 3.82 5.15 5.47 3.59 4.55 3.23 3.21 7.53 7.15 5.99 6.34 7.85 8.20 2.09 3.47 6.82 0.00 0.00 4.57 9.72 3.91 0.00 2.26 2.76 5.32 4.37 5.75 4.41 4.09 21971251
0.00 4.19 5.12 2.79 5.34 5.37 3.44 4.49 2.98 5.04 7.59 8.04 5.71 6.69 6.87 2.76 2.12 3.62 6.07 9.31 3.78 3.93 3.74 3.23 0.00 0.00 2.92 5.19 4.07 5.74 4.22 4.25 21984341
0.00 3.52 4.76 3.15 5.06 5.32 3.64 4.73 2.81 5.18 7.56 8.20 5.63 3.96 7.28 7.55 2.12 3.21 6.69 0.00 4.49 3.94 9.26 2.66 0.00 2.26 2.98 5.08 4.44 5.61 4.32 4.15 21997431
0.00 3.34 4.96 3.00 4.76 4.46 3.86 4.63 3.27 5.31 7.67 7.65 5.70 5.54 7.84 7.06 2.03 3.31 5.97 0.00 4.19 4.00 9.32 2.78 0.00 2.17 3.05 5.32 4.48 5.50 3.56 4.36 22010521
0.00 3.64 4.93 2.37 4.90 4.88 3.81 4.50 3.16 3.52 7.62 7.61 5.05 4.80 6.35 6.90 2.33 3.23 6.25 8.93 3.34 3.87 3.07 3.31 0.00 2.24 2.97 4.42 4.54 5.42 4.26 4.27 22023611
0.00 2.95 4.77 2.92 4.27 4.04 3.79 4.54 3.08 3.23 7.94 7.70 5.04 5.14 6.48 6.49 2.12 3.25 5.59 8.88 3.35 3.97 4.53 2.75 0.00 2.16 2.67 4.53 3.15 3.58 3.90 4.39 22036701
3.66 3.76 4.64 2.18 3.39 3.87 3.64 4.45 3.06 2.75 7.74 7.78 4.04 3.54 5.39 6.74 2.13 3.25 6.06 9.10 2.22 3.96 6.98 3.48 0.00 0.00 2.59 4.42 4.41 5.49 3.87 4.50 22049791
0.00 3.64 4.64 2.74 3.69 3.94 2.54 4.38 3.62 2.83 6.34 7.59 4.32 3.19 6.55 4.94 2.07 3.17 4.69 9.04 3.30 3.87 9.60 2.55 0.00 0.00 2.70 4.19 4.26 5.03 4.77 4.73 22062881
5.64 3.69 4.81 2.28 3.64 3.92 3.57 4.39 3.48 3.25 4.51 7.65 2.74 3.82 5.06 0.00 2.18 3.22 2.57 9.16 3.44 4.04 4.15 3.62 0.00 2.10 2.74 4.29 3.11 5.58 4.46 4.75 22075971
0.00 3.15 4.73 3.28 3.69 3.50 3.61 4.44 3.42 3.99 7.96 7.55 3.82 3.00 5.90 5.77 2.07 3.41 5.44 9.10 3.00 3.62 3.50 2.26 0.00 2.04 2.61 3.77 3.96 5.73 4.42 4.75 22089061
4.50 3.11 4.50 2.17 3.59 3.62 3.15 4.24 3.96 2.50 4.97 2.77 4.38 2.98 5.60 5.61 2.13 3.33 5.26 9.02 2.67 3.80 2.77 2.49 0.00 2.14 2.77 3.90 4.71 5.75 4.91 5.16 22102151
0.00 3.50 4.70 2.73 3.47 3.69 3.85 4.81 4.21 2.75 6.68 0.00 3.17 4.34 5.56 5.63 2.06 3.22 4.05 9.01 3.01 4.16 3.70 3.01 0.00 2.57 2.65 3.63 4.28 5.42 4.66 5.09 22115241
0.00 3.08 5.04 2.18 3.59 3.31 3.10 4.34 2.34 3.72 7.95 7.95 4.27 4.28 5.55 5.66 2.05 3.41 4.98 8.94 2.66 3.91 3.58 3.01 0.00 2.13 2.62 3.80 4.40 6.05 3.37 4.68 22128331
2.22 2.84 5.02 2.17 3.34 3.59 3.42 4.41 3.41 2.74 2.75 2.50 4.77 4.21 5.41 5.93 2.28 3.22 5.45 8.88 2.82 4.18 5.40 2.52 0.00 2.13 2.42 3.58 3.92 6.40 5.06 5.32 22141421
4.04 2.80 4.67 2.71 3.63 2.37 3.31 4.42 4.46 2.26 4.85 7.85 4.58 3.90 5.50 5.69 2.05 3.19 3.11 8.04 2.39 4.02 2.55 2.24 0.00 2.16 2.49 3.56 4.38 5.75 2.46 4.04 22154511
3.40 2.32 3.94 2.30 3.73 3.41 3.51 3.73 3.34 2.41 3.67 4.74 4.44 3.12 6.14 5.70 2.08 3.19 5.05 0.00 2.81 4.11 2.45 2.54 0.00 2.05 2.50 3.77 2.57 4.85 5.20 5.23 22167601
3.44 3.62 3.11 2.43 3.49 3.34 2.75 3.32 3.91 2.34 4.35 0.00 4.37 2.87 4.03 5.07 2.07 3.34 4.59 9.01 2.99 4.12 3.65 2.65 0.00 0.00 2.44 3.67 4.35 6.41 2.41 2.87 22180691
3.46 3.01 4.70 2.97 3.92 3.49 2.57 4.33 4.04 3.12 3.30 8.03 4.33 2.72 2.79 3.79 2.10 3.31 5.03 8.89 2.37 4.48 2.41 0.00 0.00 0.00 2.51 3.50 2.46 6.77 2.40 4.93 22193781
5.08 3.58 4.19 3.07 3.39 3.18 3.62 4.43 2.56 2.28 3.01 3.55 3.43 2.77 5.36 4.84 2.31 2.68 5.20 0.00 2.95 4.44 2.43 2.30 0.00 0.00 2.42 4.12 2.50 5.90 4.64 3.03 22206871
4.09 2.31 3.59 2.36 3.13 2.49 3.21 3.39 2.39 2.63 4.09 5.46 3.54 2.51 4.76 3.82 2.05 3.24 4.50 2.41 2.79 0.00 3.59 2.74 0.00 2.07 2.67 4.39 3.37 6.70 3.96 3.79 22219961
5.12 2.57 4.99 2.31 3.85 3.04 2.96 4.22 2.73 2.39 2.70 0.00 2.23 2.15 5.83 6.14 2.28 3.08 4.02 8.91 2.87 0.00 2.21 2.33 0.00 2.08 2.74 2.97 2.32 4.74 3.06 3.90 22233051
2.71 3.35 4.79 2.06 3.94 2.59 2.75 3.99 3.61 2.44 2.81 0.00 2.90 3.74 6.03 5.76 2.16 3.02 2.94 8.74 2.54 4.31 2.31 2.67 0.00 2.42 2.76 3.71 2.90 5.26 2.71 4.71 22246141
3.20 2.36 4.77 2.28 3.81 2.93 2.30 5.28 2.93 3.01 4.78 5.33 4.44 3.36 5.19 2.78 2.16 2.96 2.83 0.00 2.25 4.41 2.69 3.06 0.00 2.26 3.12 2.84 4.20 7.27 2.99 5.10 22259231
3.60 3.27 4.31 2.50 3.62 2.76 3.27 4.20 3.24 2.66 4.92 0.00 4.53 3.40 5.22 4.69 2.14 2.68 5.70 9.34 3.02 4.41 2.70 3.30 0.00 2.38 2.26 4.46 5.59 3.95 4.22 4.98 22272321
0.00 2.77 4.63 2.56 3.79 3.68 3.33 5.25 2.34 2.45 8.23 0.00 4.56 4.34 5.87 5.00 2.22 2.26 5.41 8.51 2.64 4.37 2.52 3.32 0.00 0.00 2.68 5.02 4.26 7.14 2.63 5.10 22285411
0.00 3.44 4.90 2.29 3.64 3.24 3.27 5.36 4.80 2.72 5.94 6.87 4.58 4.33 5.98 4.64 2.22 2.96 5.93 7.83 3.11 4.41 2.39 3.14 0.00 2.17 2.82 4.93 4.24 7.00 2.21 4.96 22298501
0.00 3.45 4.87 2.19 3.88 3.70 3.43 3.56 2.63 3.16 3.31 2.17 4.59 3.84 3.22 5.29 2.15 3.61 6.60 5.64 3.06 4.43 5.04 3.63 0.00 2.56 2.53 4.86 3.09 6.49 4.14 4.96 22311591
2.73 3.05 4.71 2.42 3.77 3.50 3.02 5.49 4.24 2.53 5.66 8.07 4.42 3.79 5.98 6.59 2.16 3.41 6.63 8.93 3.07 4.45 0.00 3.84 0.00 2.06 2.70 4.74 4.37 4.18 3.81 5.01 22324681
0.00 3.44 4.92 2.09 3.81 2.96 3.45 4.77 4.24 2.70 8.12 0.00 4.41 3.07 5.49 5.33 2.16 3.35 3.91 8.73 2.47 4.49 4.80 3.79 0.00 2.11 2.84 4.91 5.91 5.33 5.22 4.92 22337771
0.00 3.57 4.94 2.35 3.77 3.24 4.29 5.48 2.73 3.83 5.02 0.00 4.78 4.73 6.03 6.25 2.16 3.69 5.65 9.22 3.03 4.61 3.22 3.51 0.00 2.30 2.69 4.84 2.22 7.27 5.22 5.22 22350861
2.67 3.39 3.33 2.57 3.20 3.16 3.32 5.41 4.98 2.66 8.12 0.00 4.41 3.78 5.86 6.18 2.16 3.43 6.30 8.79 3.07 4.51 4.84 3.56 0.00 2.09 3.28 4.76 4.74 7.03 4.18 4.79 22363951
0.00 3.57 4.92 2.58 3.79 3.36 4.51 5.53 4.81 2.60 5.80 0.00 4.44 5.09 6.25 6.24 2.27 3.50 5.49 8.90 2.80 4.49 2.31 4.14 0.00 2.15 3.37 5.08 2.95 5.90 4.84 4.84 22377041
3.83 3.68 5.03 2.31 3.75 3.15 3.65 5.42 5.21 2.82 8.13 0.00 4.46 3.41 6.66 6.32 2.17 3.37 6.37 8.92 2.67 4.71 9.66 3.86 0.00 2.40 2.91 5.00 6.20 6.36 4.69 4.81 22390131
0.00 3.37 4.90 2.49 3.66 3.81 3.68 5.57 3.41 2.47 3.75 7.43 4.38 5.28 6.13 6.41 2.13 3.65 5.66 8.81 3.09 4.58 3.69 3.55 0.00 2.31 3.52 4.76 5.63 7.11 5.38 4.79 22403221
0.00 3.65 4.66 3.25 3.72 3.80 3.81 5.65 3.23 3.17 7.95 0.00 4.70 3.38 6.10 6.29 2.11 3.45 4.69 8.22 2.80 4.66 7.07 3.09 0.00 2.33 3.41 4.75 2.52 7.12 5.28 4.81 22416311
4.79 3.43 4.82 2.30 3.73 3.81 3.39 5.51 2.65 3.31 6.48 3.33 4.53 5.23 6.10 6.36 2.10 3.58 5.88 8.92 2.86 4.57 2.72 2.40 0.00 2.48 3.50 4.93 4.53 7.20 4.93 0.00 22429401
2.09 2.86 4.83 2.31 3.57 3.47 3.63 5.56 3.04 3.07 8.63 2.44 4.38 4.30 6.15 6.02 2.12 3.36 5.91 9.04 2.71 4.74 2.96 2.67 0.00 2.41 3.25 4.87 4.66 6.08 5.06 4.30 22442491
5.20 2.46 2.80 2.22 3.61 2.64 3.05 5.62 3.26 2.72 2.35 7.53 4.83 3.83 6.32 6.45 2.15 3.51 5.58 9.07 3.11 4.95 4.65 2.57 0.00 2.41 3.03 4.92 6.03 6.99 4.61 4.03 22455581
3.94 2.83 4.04 2.27 3.18 3.55 3.64 5.53 5.40 2.56 2.64 5.97 5.12 4.89 6.52 6.51 2.13 3.41 6.19 8.27 2.19 4.95 2.78 3.11 0.00 2.30 3.20 5.14 5.00 4.27 4.16 3.55 22468671
3.41 2.78 4.69 2.49 3.57 3.15 2.41 3.40 2.83 2.33 3.75 0.00 4.86 2.70 5.58 3.80 2.07 3.25 2.39 9.31 2.72 0.00 4.24 0.00 0.00 2.09 3.17 5.46 3.82 6.92 3.42 3.63 22481761
3.55 2.74 4.03 2.43 3.64 2.42 2.68 5.68 3.31 2.44 3.44 0.00 3.95 2.65 6.42 2.94 2.10 3.06 2.50 8.99 2.91 5.54 2.98 2.24 0.00 2.70 3.29 5.04 2.39 4.92 3.74 3.55 22494851
3.36 2.26 2.54 2.35 2.29 2.73 2.95 2.57 2.36 2.22 3.07 2.84 3.09 2.39 2.70 3.98 2.23 3.47 3.73 2.40 2.35 0.00 3.46 2.12 0.00 2.68 2.37 5.28 5.34 5.22 3.13 3.42 22507941
3.69 2.37 2.72 2.49 3.04 2.35 2.57 2.71 2.32 2.23 2.14 2.92 2.39 2.62 2.35 2.36 2.34 2.67 2.75 2.85 2.31 0.00 2.24 2.38 0.00 2.86 2.37 4.73 2.13 2.32 2.42 3.43 22521031
2.96 2.83 3.08 2.33 3.52 2.34 2.45 0.00 2.22 2.54 3.21 4.97 2.77 2.36 2.52 3.55 2.19 2.25 2.19 3.70 2.41 0.00 3.01 2.32 0.00 2.54 2.24 3.89 3.35 3.71 3.05 3.22 22534121
2.69 3.10 4.10 2.56 3.09 2.36 2.51 2.32 2.62 2.57 2.26 2.99 2.48 2.21 4.01 3.22 2.41 2.78 2.37 2.48 2.49 2.10 2.80 2.47 0.00 2.36 2.27 2.93 2.80 2.27 2.99 2.52 22547211
3.56 3.09 2.33 2.22 2.12 2.56 2.36 2.13 2.46 2.50 2.49 3.06 2.14 2.26 2.47 2.42 2.18 2.30 3.03 4.56 2.70 0.00 2.33 2.37 0.00 2.36 2.49 0.00 3.39 3.29 2.35 3.16 22560301
3.97 2.42 2.74 2.27 2.63 2.77 2.79 2.64 2.36 2.44 2.58 2.37 2.22 2.93 3.28 3.17 2.79 2.94 3.60 2.34 2.76 0.00 2.21 2.31 0.00 2.29 2.26 2.73 3.25 3.28 2.81 3.08 22573391
2.52 2.46 2.27 2.48 3.13 2.51 2.37 2.26 2.24 2.39 2.53 2.96 2.17 2.80 4.70 2.66 2.30 3.13 3.20 2.78 2.97 0.00 2.62 2.77 0.00 2.60 2.28 2.41 2.61 2.43 3.16 3.08 22586481
2.27 2.36 2.55 2.69 2.56 2.99 2.35 2.38 2.43 2.12 2.32 2.42 2.15 2.40 2.46 2.52 2.05 3.09 3.60 2.52 2.79 2.10 2.53 3.46 0.00 2.31 2.45 2.47 2.20 2.66 2.80 3.40 22599571
2.26 2.87 3.11 2.25 2.64 2.58 2.78 2.49 2.67 2.33 2.36 2.50 2.62 2.69 2.33 2.48 2.30 2.55 2.55 2.43 2.72 2.41 2.50 3.16 0.00 2.42 2.32 2.21 2.88 2.54 2.47 3.25 22612661
2.47 2.23 3.02 2.16 2.08 2.71 2.38 2.45 2.28 2.55 2.20 2.58 2.49 3.12 2.31 2.22 2.23 2.56 2.55 2.42 3.60 0.00 2.54 2.56 0.00 2.26 2.40 2.28 2.21 3.63 3.15 2.45 22625751
2.65 2.50 2.15 2.58 2.80 2.44 2.45 2.84 2.40 2.31 2.97 3.02 2.64 2.13 2.14 2.43 2.32 2.56 2.97 2.46 2.96 0.00 2.48 3.96 0.00 2.61 2.78 2.29 2.45 3.08 2.15 2.61 22638841
3.63 2.72 2.19 2.42 4.01 2.30 2.67 2.16 2.37 2.59 2.29 2.85 2.48 2.26 3.32 2.49 2.18 2.60 2.57 2.49 2.57 0.00 2.57 0.00 0.00 2.76 2.47 2.45 2.35 2.67 2.63 3.39 22651931
2.01 2.63 2.73 2.38 2.48 2.47 2.24 3.13 2.52 2.45 3.40 2.44 2.61 2.87 2.38 3.07 2.10 2.26 2.43 2.32 2.97 0.00 2.46 2.53 0.00 2.56 2.37 3.12 2.57 2.50 2.17 2.99 22665021
2.33 2.50 2.49 2.23 3.21 2.99 2.73 2.52 2.61 2.83 2.72 2.19 3.16 3.62 2.51 2.41 2.32 2.74 3.19 2.95 2.74 0.00 2.90 2.62 0.00 2.18 2.23 2.18 2.50 3.03 2.42 2.66 22678111
2.59 2.39 2.26 2.13 2.72 2.42 2.46 2.31 2.97 2.45 2.55 3.94 2.57 2.84 3.02 3.56 2.19 2.79 3.09 2.25 2.70 2.19 2.42 3.08 0.00 2.57 2.52 2.51 2.20 2.21 2.86 2.27 22691201
2.32 3.05 2.22 2.07 2.14 2.30 2.58 2.74 2.52 2.25 2.52 3.95 4.29 2.16 2.87 2.43 2.34 3.00 2.25 2.99 3.13 0.00 2.30 2.14 0.00 2.74 2.96 2.30 2.26 2.13 2.60 2.12 22704291
4.61 2.36 2.67 2.77 2.33 3.40 2.54 2.38 2.12 2.19 2.72 2.91 2.45 2.23 2.59 2.22 2.16 2.90 2.87 2.64 2.27 2.00 2.55 2.37 0.00 2.73 2.75 2.35 2.52 2.25 3.14 2.36 22717381
2.17 2.35 2.83 2.46 2.91 2.30 2.90 2.15 2.59 2.61 2.61 2.58 2.45 2.49 2.91 2.66 2.85 2.49 3.68 4.06 2.40 2.80 2.25 2.43 0.00 2.76 2.22 2.49 2.21 2.42 2.96 2.36 22730471
2.48 2.56 2.99 2.55 2.39 2.46 2.58 2.16 2.40 2.33 2.29 2.40 2.81 2.55 2.49 2.41 2.09 2.67 3.10 2.57 2.62 2.27 2.82 2.40 0.00 2.58 2.14 2.32 2.15 2.83 2.79 3.37 22743561
2.67 2.39 3.09 2.17 2.60 2.32 2.67 2.63 2.71 2.26 2.36 2.45 2.31 2.33 2.29 2.38 2.35 2.73 2.76 2.40 2.67 2.46 2.17 2.57 0.00 2.48 2.34 2.17 2.57 2.44 2.13 3.85 22756651
3.44 2.45 4.09 2.33 2.53 3.87 2.45 2.63 2.53 2.35 2.40 3.67 2.90 2.35 3.44 2.28 2.63 2.71 2.51 2.73 3.16 2.11 2.52 0.00 0.00 2.85 2.77 2.46 2.45 3.15 2.50 2.97 22769741
2.30 2.67 2.27 2.15 3.46 2.68 2.91 3.67 2.14 2.52 3.98 2.91 2.33 2.32 2.41 2.54 2.13 3.19 2.96 2.14 2.72 2.54 2.62 0.00 0.00 2.72 2.60 2.91 2.54 2.35 2.65 2.32 22782831
2.24 2.95 2.42 2.31 3.79 2.99 2.48 3.45 2.39 2.42 2.24 4.48 3.61 3.12 2.74 3.04 2.23 2.52 2.71 2.98 2.40 0.00 2.50 3.05 0.00 2.67 2.60 2.64 2.55 2.80 2.48 2.19 22795921
3.60 2.59 3.40 2.27 3.08 2.24 2.65 4.37 3.17 2.47 3.00 2.75 3.24 2.15 2.38 2.49 2.09 2.43 3.30 2.37 2.35 0.00 2.40 2.07 0.00 2.54 2.41 3.98 2.24 2.33 2.97 3.06 22809011
4.23 2.39 4.14 2.69 2.71 3.04 2.32 2.74 2.68 2.44 2.41 3.06 2.54 2.62 2.62 3.56 2.12 2.55 3.60 6.64 2.85 3.92 2.54 2.65 0.00 2.52 2.65 3.38 2.56 3.97 2.91 2.90 22822101
3.64 3.02 3.54 2.59 2.35 2.27 2.68 3.98 2.52 2.54 3.47 3.01 2.88 2.31 4.16 2.16 2.13 3.64 2.05 5.83 3.19 2.36 2.51 2.39 0.00 2.90 2.46 3.66 2.69 2.80 2.72 4.92 22835191
4.91 2.91 3.71 2.34 3.61 2.72 2.52 2.43 2.57 2.40 3.15 5.11 2.53 2.70 4.72 3.43 2.11 3.32 4.65 0.00 2.23 6.23 2.72 2.80 0.00 2.79 2.55 3.89 2.39 2.41 2.79 4.38 22848281
4.35 3.50 3.93 2.60 5.12 4.62 2.67 2.58 3.16 2.45 2.74 4.99 2.20 2.43 5.61 3.91 2.13 3.39 3.60 2.54 3.07 0.00 2.30 3.32 0.00 2.75 2.48 3.23 2.21 2.18 2.61 3.59 22861371
4.96 2.99 3.95 2.20 4.02 3.28 3.47 3.07 3.14 2.63 2.51 6.00 4.97 3.32 4.61 7.13 2.46 2.82 3.61 2.34 2.35 0.00 2.34 2.26 0.00 2.94 2.36 3.56 2.14 3.89 2.68 3.27 22874461
4.09 3.28 3.37 2.41 3.43 2.94 2.72 2.80 3.23 2.27 2.86 4.03 3.86 2.56 4.50 5.83 2.11 3.69 4.69 7.30 3.33 6.06 2.82 2.66 0.00 2.55 2.37 3.64 2.50 2.89 4.37 2.79 22887551
4.90 3.00 4.10 2.55 3.56 3.75 3.33 2.29 3.45 2.44 5.65 5.07 5.12 2.50 7.37 4.98 2.13 3.74 2.33 2.48 3.49 0.00 2.41 2.41 0.00 2.94 2.57 3.45 2.57 2.48 2.21 4.35 22900641
3.40 2.51 2.61 2.08 7.34 3.11 2.90 3.16 3.55 2.50 3.61 5.83 2.69 3.17 6.66 3.31 2.10 3.57 3.02 8.76 2.32 2.99 2.36 2.49 0.00 2.91 2.63 2.50 3.28 5.55 3.39 4.06 22913731
4.07 2.65 4.75 2.94 4.20 6.27 3.54 5.36 3.96 2.34 4.29 5.06 5.05 3.26 7.46 7.09 2.16 3.45 4.12 0.00 2.51 5.89 2.77 2.51 0.00 2.97 2.82 3.90 3.40 2.70 4.43 4.55 22926821
3.81 2.73 4.73 3.09 5.73 3.86 3.27 5.80 3.82 2.32 4.01 5.99 5.14 2.26 7.78 2.81 2.25 3.02 3.49 3.78 3.51 5.76 2.56 2.60 0.00 2.85 2.70 3.77 3.24 2.87 4.43 4.44 22939911
4.71 3.44 4.43 2.43 6.38 5.73 3.29 5.59 3.55 2.32 5.84 6.25 5.06 5.80 7.37 7.28 2.05 3.68 5.07 2.55 3.43 5.89 2.79 2.62 0.00 3.21 3.02 0.00 4.06 4.64 5.03 3.91 22953001
4.72 3.56 4.53 2.27 5.13 5.76 2.92 3.55 2.82 2.96 5.55 5.77 5.09 2.65 7.78 5.18 2.32 3.70 4.92 9.05 3.44 0.00 2.89 2.75 0.00 2.97 2.95 3.48 3.84 6.68 3.76 4.48 22966091
4.58 3.41 4.58 2.96 7.11 7.70 3.55 5.23 3.54 2.54 4.03 6.28 5.27 6.84 7.55 6.34 2.42 3.73 5.39 3.18 3.10 0.00 2.71 2.66 0.00 2.88 3.10 3.31 3.13 2.74 3.37 4.52 22979181
4.60 3.25 4.81 2.36 7.32 4.43 3.50 6.21 2.45 2.22 5.37 6.21 5.41 5.33 3.02 7.46 2.08 2.97 6.06 8.85 3.90 0.00 2.94 2.65 0.00 2.83 2.72 4.03 2.82 4.65 3.84 4.57 22992271
4.62 3.96 4.66 2.51 6.70 7.78 3.56 6.07 2.33 4.03 5.53 6.10 5.29 6.71 7.53 7.14 2.18 3.59 6.49 9.64 3.77 6.06 3.25 3.04 0.00 2.73 3.10 3.53 2.97 5.38 5.09 4.58 23005361
4.72 3.80 4.87 2.58 6.85 7.69 3.55 5.91 3.47 2.57 5.11 6.17 5.34 6.59 7.48 5.29 2.20 3.67 6.16 8.83 3.13 5.25 3.04 3.06 0.00 0.00 3.02 3.84 3.74 6.75 2.21 4.55 23018451
4.57 3.47 4.74 2.68 6.90 7.75 3.44 0.00 2.80 4.18 5.43 6.12 5.42 4.39 7.67 7.15 2.42 3.65 6.49 9.06 3.52 5.36 2.72 3.69 0.00 2.67 3.10 3.81 3.28 3.05 3.40 4.94 23031541
4.51 3.98 4.88 2.89 6.55 7.43 3.90 2.98 2.68 2.91 5.41 6.12 5.36 6.79 7.80 7.14 2.21 4.16 4.41 9.29 3.04 6.02 3.44 3.53 0.00 2.62 2.90 3.35 4.01 3.07 2.71 5.11 23044631
4.53 3.40 4.98 3.00 6.76 2.97 3.43 5.93 3.09 3.73 5.22 5.65 5.51 6.82 0.00 2.90 2.28 3.41 4.55 8.80 3.97 5.23 3.56 2.88 0.00 2.32 2.81 4.18 3.12 3.71 5.35 4.75 23057721
4.87 3.51 4.96 2.69 6.63 7.06 3.73 2.40 4.61 2.82 5.30 6.14 5.43 6.89 7.85 7.18 2.17 3.57 6.15 8.75 3.61 6.04 2.37 3.50 0.00 2.20 2.55 4.28 5.45 5.93 3.26 4.97 23070811
4.66 3.62 5.04 3.32 6.68 2.56 3.56 0.00 5.50 3.53 4.37 6.22 5.95 4.42 7.70 7.34 2.30 3.85 5.84 9.02 0.00 5.16 3.86 2.83 0.00 2.15 2.53 4.97 3.36 6.63 5.33 4.89 23083901
4.60 3.54 5.57 2.53 6.72 7.90 3.48 0.00 5.12 2.84 5.13 6.02 5.58 4.75 7.66 7.33 2.03 3.63 7.05 8.77 3.44 5.08 2.21 2.40 0.00 2.10 2.49 3.82 4.31 6.65 2.07 4.95 23096991
4.56 3.54 5.18 2.15 6.15 7.35 3.46 5.67 5.47 3.68 5.08 5.78 5.71 5.01 7.57 7.22 2.06 3.34 6.83 8.90 3.77 5.30 3.71 4.56 0.00 2.15 2.37 4.51 5.08 5.46 5.14 5.05 23110081
4.58 3.67 4.75 2.76 6.25 7.14 3.49 3.24 4.74 4.00 5.07 6.44 5.47 6.74 7.57 7.21 2.11 3.69 0.00 8.84 3.40 4.70 2.69 3.67 0.00 2.19 2.35 4.20 3.38 5.84 2.49 5.03 23123171
4.44 3.53 5.10 2.49 3.91 6.61 4.17 5.59 4.33 2.59 3.47 5.91 5.35 5.39 7.67 7.24 0.00 3.52 6.49 0.00 3.29 4.50 4.41 2.79 0.00 2.08 2.29 4.61 2.60 6.51 4.41 5.25 23136261
4.54 3.55 4.94 3.07 6.38 5.86 3.33 4.86 3.44 3.45 4.95 0.00 5.68 6.00 7.68 7.30 2.09 3.56 6.20 8.76 4.04 4.91 5.05 3.72 0.00 2.04 2.19 4.86 5.65 5.23 5.77 0.00 23149351
4.62 3.42 5.41 2.67 5.34 6.64 3.66 4.90 4.83 4.64 5.00 5.75 5.79 6.84 7.64 7.65 2.05 3.66 0.00 9.09 2.52 4.30 5.05 2.11 0.00 2.52 2.30 4.39 3.76 4.79 5.65 5.30 23162441
4.65 4.20 0.00 3.26 6.09 6.79 3.38 5.79 4.69 4.14 5.17 5.98 5.62 5.88 7.71 7.29 2.19 3.63 6.58 8.87 4.02 4.60 3.04 3.15 0.00 2.07 2.24 4.60 6.17 5.16 5.83 5.36 23175531
4.56 3.61 0.00 2.89 6.28 7.26 3.59 5.71 4.23 3.52 4.97 5.78 5.60 6.94 7.69 7.29 2.05 3.70 6.64 9.39 3.55 4.32 2.43 5.07 0.00 2.18 2.28 4.88 6.09 6.45 5.64 5.17 23188621
4.65 3.62 0.00 0.00 6.42 5.46 3.52 5.71 4.28 3.79 4.71 5.83 5.47 7.00 7.72 7.25 2.04 3.68 6.24 9.00 3.08 4.05 4.30 3.32 0.00 0.00 2.30 4.74 4.62 6.51 5.67 5.06 23201711
4.60 3.51 0.00 4.14 6.43 7.37 3.61 6.21 4.15 3.51 4.60 0.00 5.70 7.10 7.76 7.28 2.11 3.75 6.75 0.00 3.72 4.19 2.64 3.43 0.00 2.51 2.28 5.19 5.09 6.99 5.26 5.47 23214801
4.57 3.44 0.00 0.00 6.36 7.85 3.59 5.74 4.15 3.83 4.54 5.66 5.92 5.89 7.79 7.29 2.05 3.72 5.51 8.66 3.96 4.02 0.00 3.96 0.00 0.00 2.28 4.95 2.78 6.55 5.68 5.16 23227891
4.63 3.49 0.00 3.51 6.56 7.69 3.67 5.67 4.06 3.89 4.41 5.08 6.12 5.51 7.88 7.40 2.26 3.65 6.68 8.95 0.00 4.13 3.66 3.45 0.00 0.00 2.27 4.70 5.98 6.66 5.78 5.32 23240981
4.62 0.00 0.00 2.78 6.64 7.69 3.69 3.76 4.01 3.84 4.49 5.29 5.42 7.28 7.99 7.33 2.09 3.70 6.29 8.64 3.04 3.77 3.43 3.98 0.00 2.55 2.25 4.76 4.71 6.66 5.70 5.33 23254071
4.60 3.64 0.00 4.02 6.73 7.77 3.42 6.34 3.99 3.61 4.29 5.24 5.54 4.51 6.43 7.42 2.05 3.61 6.22 8.75 0.00 3.82 0.00 0.00 0.00 0.00 2.32 4.99 3.71 6.55 5.67 5.81 23267161
4.62 3.55 0.00 0.00 6.35 7.79 0.00 0.00 4.02 4.01 4.40 5.35 5.52 6.87 7.84 7.70 2.28 3.64 6.37 8.93 0.00 0.00 0.00 5.11 0.00 2.07 2.34 5.16 6.10 6.56 5.71 5.53 23280251
4.88 3.88 0.00 0.00 6.35 7.87 3.90 6.72 3.74 3.88 4.22 4.92 5.65 6.76 7.90 7.70 2.14 3.77 6.44 0.00 0.00 4.05 0.00 4.89 0.00 2.10 2.25 5.10 5.33 6.77 5.75 5.48 23293341
4.59 0.00 0.00 0.00 6.56 7.85 3.65 6.11 4.01 3.88 3.99 5.07 5.79 6.80 8.09 7.50 2.27 3.67 6.32 8.92 3.68 3.75 0.00 5.12 0.00 0.00 2.31 5.18 6.14 6.48 5.84 6.09 23306431
4.60 0.00 0.00 0.00 6.91 8.38 3.62 6.19 4.02 3.99 4.29 5.10 5.52 6.87 7.86 8.02 2.20 3.68 6.49 8.70 0.00 3.77 0.00 0.00 0.00 2.24 2.22 5.09 6.07 6.49 5.75 5.60 23319521
4.62 0.00 0.00 0.00 6.70 7.83 0.00 0.00 3.82 3.88 4.52 5.05 5.50 6.83 7.90 8.02 2.27 3.86 0.00 8.55 0.00 4.01 0.00 4.03 0.00 0.00 2.23 0.00 6.44 6.49 5.72 5.58 23332611
4.61 3.58 0.00 0.00 7.22 7.83 3.62 6.27 4.16 3.90 4.29 5.04 5.51 6.85 7.93 8.24 2.18 3.83 7.23 8.62 0.00 3.72 0.00 0.00 0.00 0.00 2.25 5.39 6.19 6.50 5.71 0.00 23345701
4.60 3.67 0.00 0.00 6.66 7.82 4.29 6.27 3.91 3.83 4.90 5.02 6.08 6.84 7.91 7.52 2.22 3.75 6.77 8.69 0.00 3.80 0.00 0.00 0.00 0.00 2.24 0.00 6.18 6.51 5.71 0.00 23358791