4.29 0.00 0.00 0.00 3.32 3.25 3.86 3.24 2.91 3.53 4.07 4.47 4.59 5.72 6.84 6.04 2.07 3.58 6.34 8.90 3.66 4.44 0.00 4.23 0.00 4.50 5.46 3.17 3.61 3.81 3.36 3.51 12026739
4.28 0.00 0.00 0.00 3.32 3.27 3.85 3.26 2.91 3.52 4.08 4.47 4.59 5.71 6.32 6.04 2.07 3.57 6.35 8.90 3.68 4.45 0.00 4.24 0.00 4.51 5.46 3.17 3.61 3.81 3.36 3.51 12039829
4.27 0.00 0.00 0.00 3.33 3.26 3.85 3.25 2.91 3.53 4.09 4.46 4.60 5.72 6.32 6.03 2.07 3.57 6.39 8.89 3.69 4.45 0.00 4.24 0.00 4.50 5.46 3.16 3.60 3.81 3.35 3.50 12052919
4.28 0.00 0.00 0.00 3.32 3.26 3.85 3.23 2.91 3.53 4.09 4.47 4.60 5.71 6.31 6.04 2.06 3.49 6.40 8.90 3.70 4.45 0.00 0.00 0.00 4.50 5.45 3.16 3.61 3.81 3.34 3.51 12066009
4.27 0.00 0.00 0.00 3.33 3.26 3.85 3.23 2.91 3.53 4.09 4.47 4.59 5.72 6.30 6.04 2.07 3.50 6.40 8.90 3.76 4.45 0.00 0.00 0.00 4.50 5.47 3.15 3.61 3.81 3.34 3.51 12079099
4.26 0.00 0.00 0.00 3.31 3.28 3.84 3.35 2.88 3.54 4.07 4.47 4.59 5.70 6.26 6.05 2.09 3.49 6.41 8.89 3.74 4.45 0.00 0.00 0.00 4.49 5.46 3.16 3.60 3.81 3.34 3.51 12092189
4.98 0.00 0.00 0.00 3.25 3.29 3.70 3.36 2.89 3.54 4.08 4.48 4.61 5.73 6.15 6.01 2.04 3.39 6.22 8.91 3.52 4.42 0.00 0.00 0.00 4.48 5.48 3.15 3.64 3.81 3.29 3.53 12105279
4.40 0.00 0.00 0.00 3.93 3.26 3.71 3.23 2.98 3.54 4.07 4.47 4.59 5.73 6.17 6.03 2.05 3.38 6.18 8.92 3.86 4.40 0.00 0.00 0.00 4.44 5.68 3.53 3.60 3.83 3.32 3.50 12118369
4.26 0.00 0.00 0.00 3.26 3.24 3.74 3.58 2.89 3.52 4.18 4.47 4.59 5.73 6.71 6.05 2.05 3.39 6.38 8.93 3.42 5.03 0.00 0.00 0.00 4.44 5.60 3.14 3.60 3.83 3.32 3.54 12131459
4.38 0.00 0.00 0.00 3.31 3.20 3.78 3.17 2.89 3.51 4.11 4.49 4.61 5.81 6.14 6.07 2.06 3.45 6.35 8.90 3.56 4.45 0.00 0.00 0.00 4.44 5.62 3.18 3.61 3.74 3.33 3.51 12144549
4.24 0.00 0.00 0.00 3.26 3.22 3.68 3.50 2.85 3.52 4.05 4.49 4.88 6.01 6.15 0.00 2.05 3.47 6.04 8.91 3.57 4.44 0.00 0.00 0.00 4.45 5.64 3.14 3.54 3.76 3.33 3.43 12157639
4.26 0.00 0.00 0.00 3.32 3.22 3.66 3.29 2.91 3.57 4.19 4.47 4.91 5.76 6.16 6.12 2.06 3.50 6.88 8.87 3.44 4.37 0.00 4.40 0.00 4.50 5.61 3.24 3.74 4.00 3.30 3.36 12170729
4.19 3.64 0.00 0.00 3.32 3.23 3.88 3.63 2.83 3.48 4.16 4.47 4.54 5.74 6.13 5.99 2.23 3.41 6.33 8.88 3.39 4.41 0.00 0.00 0.00 4.46 5.64 3.27 3.54 3.78 3.31 3.43 12183819
4.43 0.00 0.00 0.00 3.30 3.21 3.68 3.16 2.85 3.48 4.23 0.00 4.62 5.73 6.22 6.07 2.34 3.65 6.50 8.89 3.38 4.43 0.00 0.00 0.00 4.46 5.58 3.90 3.62 3.75 3.35 3.39 12196909
4.33 0.00 0.00 0.00 3.29 3.21 3.65 3.28 2.85 3.54 4.10 4.53 4.70 5.83 6.14 6.02 2.13 3.55 6.84 8.92 3.38 0.00 0.00 5.12 0.00 4.44 5.61 0.00 3.64 3.78 3.34 0.00 12209999
4.25 3.64 0.00 0.00 3.46 3.20 3.64 3.20 2.85 3.57 4.13 4.46 4.58 5.74 6.14 6.08 2.15 3.55 6.64 8.94 3.41 4.34 0.00 0.00 0.00 4.48 5.51 3.84 3.59 3.77 4.01 3.38 12223089
4.41 0.00 0.00 0.00 3.31 3.27 3.63 3.31 2.89 3.49 4.18 4.46 4.77 5.82 6.55 6.09 2.12 3.56 0.00 8.92 3.40 4.41 0.00 0.00 0.00 4.53 5.64 3.39 3.64 3.84 3.30 3.39 12236179
4.16 0.00 0.00 0.00 3.62 3.24 3.61 3.38 2.86 3.50 4.07 4.48 4.76 5.81 6.73 6.08 2.14 3.58 6.98 8.93 3.51 4.94 0.00 0.00 0.00 4.49 5.66 3.14 3.66 4.04 3.44 3.38 12249269
4.47 0.00 0.00 0.00 3.31 3.27 3.62 3.50 3.00 3.50 4.18 4.61 5.15 5.76 6.23 5.97 2.25 3.49 0.00 8.93 4.06 0.00 0.00 4.41 0.00 4.48 5.66 3.10 3.64 3.80 3.30 3.39 12262359
4.42 3.64 0.00 0.00 3.45 3.23 3.64 3.24 2.90 3.52 4.22 4.49 4.77 5.82 6.22 6.27 2.12 3.47 6.98 8.90 3.37 0.00 0.00 0.00 0.00 4.46 5.62 3.25 3.61 3.77 3.29 3.61 12275449
4.46 3.61 0.00 0.00 3.33 3.24 3.68 3.34 2.99 3.54 4.13 4.51 4.97 5.84 0.00 6.07 2.08 3.82 6.98 8.96 3.38 4.40 0.00 0.00 0.00 4.46 5.61 3.13 3.62 3.87 3.26 3.40 12288539
4.27 3.62 0.00 0.00 3.68 3.21 3.67 3.28 2.91 3.51 4.12 4.54 4.53 5.72 6.22 5.99 2.10 3.66 0.00 8.97 3.42 0.00 0.00 0.00 0.00 4.51 5.58 3.21 3.62 3.78 3.25 3.37 12301629
4.31 3.61 0.00 0.00 3.34 3.22 3.68 3.49 2.85 3.51 4.09 4.54 4.56 5.75 6.22 6.09 2.08 3.88 6.81 9.00 3.64 4.28 0.00 3.58 0.00 4.47 5.58 3.19 3.86 4.50 3.26 3.38 12314719
4.86 3.62 0.00 0.00 3.29 3.27 3.71 3.67 2.92 3.52 4.10 4.50 4.58 5.72 6.19 6.05 2.13 3.70 0.00 9.08 3.42 4.47 0.00 4.39 0.00 4.45 5.61 3.16 3.67 3.76 3.25 3.40 12327809
4.42 3.62 0.00 0.00 3.39 3.23 3.63 3.52 2.86 3.59 4.11 4.51 4.86 5.70 0.00 6.09 2.12 3.68 6.79 8.95 3.50 0.00 0.00 0.00 0.00 4.50 5.59 3.23 3.74 3.77 3.25 3.40 12340899
4.27 0.00 0.00 0.00 3.29 3.27 3.68 3.30 2.85 3.51 4.16 4.45 4.49 5.75 6.95 6.10 2.13 3.66 0.00 8.96 3.38 0.00 0.00 0.00 0.00 4.70 5.61 3.23 3.72 3.80 3.27 3.37 12353989
4.36 3.61 0.00 0.00 3.30 3.27 3.72 3.13 2.88 3.52 4.11 4.56 4.63 5.73 6.95 6.00 2.10 3.68 0.00 8.95 3.53 4.35 0.00 4.61 0.00 4.85 5.59 3.32 3.63 3.79 3.28 3.40 12367079
4.22 3.59 0.00 0.00 3.33 3.29 3.69 3.29 2.89 3.52 4.16 4.49 4.70 5.83 6.21 6.11 2.04 3.86 6.34 9.46 3.42 4.36 0.00 4.50 0.00 4.49 5.53 3.21 3.62 3.78 3.32 3.39 12380169
4.53 3.59 0.00 0.00 3.38 3.29 3.71 3.22 2.92 3.51 4.12 4.70 4.69 5.75 6.24 5.98 2.14 3.76 6.67 8.95 3.55 0.00 0.00 0.00 0.00 4.39 5.60 3.17 3.68 3.76 3.44 3.38 12393259
4.33 3.68 0.00 0.00 3.33 3.27 3.71 3.14 2.86 3.48 4.17 4.68 4.59 5.74 6.18 5.99 2.37 3.51 6.38 8.94 3.41 4.96 0.00 3.81 0.00 4.57 5.53 3.07 3.61 3.88 3.30 3.36 12406349
4.29 0.00 0.00 0.00 3.34 3.34 3.65 3.23 2.96 3.51 4.19 4.46 4.56 5.74 6.22 0.00 2.13 3.67 6.57 8.92 3.33 4.61 0.00 4.34 0.00 4.43 5.52 3.21 3.68 3.79 3.31 3.39 12419439
4.28 3.56 0.00 0.00 3.43 3.35 3.72 3.27 2.87 3.64 4.12 4.54 4.49 5.77 6.18 6.01 2.25 4.02 6.75 9.33 3.47 4.80 0.00 0.00 0.00 4.51 5.63 3.20 3.65 3.80 3.42 3.42 12432529
4.21 3.56 0.00 0.00 3.35 3.28 3.86 3.47 2.90 3.52 4.13 4.65 4.64 5.82 6.23 6.12 2.16 3.67 6.78 8.90 3.46 4.41 0.00 0.00 0.00 4.42 5.58 3.14 3.58 3.82 3.25 3.40 12445619
4.92 3.57 0.00 0.00 3.40 3.27 3.76 3.46 2.87 3.56 4.11 4.49 5.18 6.37 6.27 6.27 2.03 3.67 6.85 8.99 3.40 4.56 0.00 0.00 0.00 4.42 5.52 3.14 3.62 3.79 3.26 3.46 12458709
4.42 3.55 0.00 0.00 3.40 3.52 3.75 3.36 2.86 3.53 4.08 4.64 4.76 5.81 6.31 6.13 2.03 3.51 0.00 8.97 3.33 4.42 0.00 0.00 0.00 4.39 5.61 0.00 3.59 3.78 3.25 3.42 12471799
4.84 3.58 0.00 0.00 3.39 3.32 3.65 3.36 2.87 3.47 4.83 4.48 4.62 5.74 6.20 6.07 2.06 3.50 0.00 8.93 3.35 4.54 0.00 0.00 0.00 4.44 5.61 3.15 3.64 3.83 3.29 3.37 12484889
4.39 3.54 0.00 0.00 3.76 3.32 3.48 3.49 2.86 3.53 4.08 4.49 4.53 5.92 6.26 6.10 2.06 3.50 7.22 8.99 3.35 4.37 0.00 0.00 0.00 4.44 5.62 3.15 3.56 3.82 3.28 3.38 12497979
4.40 3.56 0.00 0.00 3.34 3.32 3.65 3.28 3.09 3.50 4.09 4.57 4.43 5.82 6.22 6.01 2.30 3.42 6.64 8.92 3.48 4.44 0.00 0.00 0.00 4.43 5.71 3.23 3.62 3.83 3.28 3.42 12511069
4.30 3.54 0.00 0.00 3.40 3.36 3.55 3.47 2.87 3.53 4.09 4.58 4.61 5.81 6.75 6.00 2.04 3.47 6.71 8.96 3.35 0.00 0.00 4.33 0.00 4.43 5.62 0.00 3.57 3.86 3.26 3.45 12524159
4.29 3.58 0.00 0.00 3.36 3.28 3.68 3.66 2.90 3.50 4.21 4.51 4.55 5.72 6.28 6.11 2.08 3.53 0.00 8.93 3.34 0.00 0.00 0.00 0.00 0.00 5.63 3.85 3.56 3.83 3.25 3.38 12537249
4.38 0.00 0.00 0.00 4.10 3.38 3.60 3.26 2.91 3.58 4.08 4.65 5.33 5.88 6.22 6.05 2.08 3.68 7.29 8.94 3.38 4.98 0.00 0.00 0.00 4.41 5.63 0.00 3.69 3.85 3.26 3.43 12550339
4.38 3.55 0.00 0.00 3.43 3.30 3.63 3.31 2.92 3.55 4.09 4.69 4.48 5.77 6.32 6.05 2.10 3.55 7.07 8.92 3.37 4.53 0.00 4.93 0.00 0.00 5.62 3.16 3.58 3.84 3.28 3.42 12563429
4.33 3.54 0.00 0.00 3.40 3.30 3.67 3.28 2.93 3.55 4.15 4.59 4.47 5.88 6.26 6.11 2.71 3.64 6.58 8.94 3.31 4.52 0.00 0.00 0.00 4.44 5.66 0.00 3.57 3.85 3.25 3.42 12576519
5.19 3.62 0.00 0.00 3.42 3.29 3.70 3.45 2.91 3.57 4.13 4.51 4.58 5.79 6.28 6.18 2.19 3.62 6.57 8.93 3.37 4.58 0.00 4.93 0.00 0.00 5.64 0.00 3.60 4.00 3.28 3.40 12589609
4.32 3.52 0.00 0.00 3.44 3.30 3.79 3.67 2.89 3.59 4.20 4.73 4.38 5.71 6.30 6.74 2.13 3.58 6.39 8.93 3.36 4.54 0.00 4.06 0.00 0.00 5.67 0.00 3.67 3.88 3.27 3.42 12602699
4.45 3.49 0.00 0.00 3.47 3.34 3.64 3.31 2.86 3.54 4.19 4.63 4.81 5.74 6.27 6.10 2.78 3.53 6.48 8.83 3.36 0.00 0.00 5.05 0.00 0.00 5.46 3.47 3.66 3.89 3.27 3.42 12615789
4.32 0.00 0.00 0.00 3.48 3.34 3.70 3.49 2.94 3.55 4.10 5.36 4.99 5.74 6.32 6.24 2.01 3.44 6.90 8.89 3.33 4.42 0.00 3.50 0.00 0.00 5.44 3.40 3.58 3.88 3.26 3.43 12628879
4.26 0.00 0.00 4.14 3.63 3.28 3.72 3.80 2.88 3.52 4.14 4.83 4.75 5.78 6.67 6.09 2.01 3.45 6.45 8.88 3.36 0.00 0.00 2.35 0.00 4.61 5.50 3.26 3.70 3.86 3.28 3.44 12641969
4.35 4.08 0.00 0.00 3.63 3.31 3.74 3.57 2.90 3.50 4.16 4.59 4.50 5.73 6.29 6.02 0.00 0.00 6.37 8.90 3.32 4.76 0.00 4.10 0.00 4.36 5.46 3.24 3.58 3.90 3.32 3.44 12655059
4.35 3.57 4.87 3.12 3.47 3.31 3.11 3.50 2.88 3.50 4.14 4.65 4.49 5.68 6.24 6.15 2.06 3.70 6.36 8.86 3.37 0.00 2.55 4.30 0.00 0.00 5.50 3.41 3.66 3.87 3.34 3.24 12668149
4.43 3.57 0.00 2.91 3.52 3.36 3.65 3.35 2.90 3.59 4.28 4.54 4.62 5.74 6.25 6.00 2.07 3.41 6.56 8.93 3.41 4.60 9.75 3.68 0.00 0.00 5.45 3.39 3.71 3.83 3.25 3.10 12681239
4.39 3.47 0.00 4.11 3.54 3.31 2.80 3.59 2.88 3.53 4.05 4.61 4.58 5.81 6.24 6.03 2.03 3.52 6.63 8.81 3.33 4.69 4.35 4.49 0.00 0.00 5.50 3.47 3.90 3.34 3.20 3.82 12694329
4.47 4.26 5.00 0.00 3.52 3.40 3.41 3.65 2.96 3.60 4.10 4.58 4.66 5.81 6.32 5.96 2.06 0.00 6.49 8.81 3.42 4.62 0.00 4.51 0.00 4.29 5.47 3.47 3.99 3.14 3.18 3.08 12707419
4.63 3.56 0.00 2.41 3.66 3.28 3.49 3.74 2.85 3.53 4.11 4.65 4.79 5.74 6.39 6.00 2.12 3.49 6.55 8.94 3.28 4.55 4.17 3.93 0.00 4.37 5.41 3.63 3.45 3.28 3.10 2.97 12720509
4.49 3.76 5.55 0.00 3.78 3.31 3.09 4.01 2.87 3.60 4.15 4.71 4.89 5.78 6.31 6.10 2.07 3.31 6.52 8.93 3.38 4.54 0.00 3.54 0.00 4.27 5.58 3.35 3.75 3.17 3.04 3.04 12733599
4.53 3.46 4.02 2.32 3.83 3.35 3.43 3.60 2.89 3.37 4.19 4.71 4.87 5.89 6.28 6.16 2.01 3.28 6.64 8.87 3.28 4.55 0.00 0.00 0.00 4.31 5.42 3.62 2.58 2.94 3.03 2.96 12746689
4.54 3.40 4.38 2.70 3.79 3.44 3.23 3.88 2.90 3.09 4.31 4.73 4.71 5.87 6.42 6.11 2.10 3.38 6.50 9.04 3.21 4.65 3.15 0.00 0.00 4.37 4.79 3.17 2.93 2.94 3.07 3.02 12759779
4.66 3.53 4.18 2.83 3.95 3.46 3.39 4.03 2.95 3.42 4.20 4.72 4.78 5.75 6.43 6.25 2.18 2.97 6.65 8.93 3.40 4.64 3.83 3.47 0.00 4.27 5.37 2.96 2.88 2.93 3.02 3.11 12772869
4.62 3.57 4.02 2.45 4.27 3.65 2.56 4.11 2.97 3.36 3.32 4.80 4.62 5.55 6.55 6.16 2.16 3.29 4.94 9.34 3.46 4.70 3.64 2.20 0.00 4.36 5.22 3.12 2.69 2.89 2.64 3.15 12785959
4.58 3.11 4.08 0.00 3.90 3.74 2.68 4.52 2.94 3.56 4.35 3.92 4.74 2.70 6.47 6.36 2.12 2.68 3.68 9.02 2.45 4.79 3.72 3.25 0.00 4.37 4.82 2.91 2.66 2.79 3.38 3.00 12799049
5.06 3.33 4.61 2.39 4.29 2.51 2.87 3.26 2.70 3.37 3.04 5.00 4.74 6.00 6.60 6.32 2.10 3.21 2.58 8.91 2.76 4.84 4.96 0.00 0.00 4.18 5.51 3.00 2.73 2.90 3.07 3.55 12812139
4.88 3.39 4.03 2.77 4.59 3.81 2.69 3.46 3.02 2.73 3.12 5.08 4.22 4.23 6.58 5.82 2.91 3.25 4.36 4.77 3.63 4.98 2.58 4.16 0.00 4.37 4.56 2.95 2.69 2.99 2.81 2.67 12825229
4.98 3.54 3.66 2.78 4.89 3.43 2.78 3.60 3.21 2.21 4.49 5.41 3.17 2.70 6.68 4.74 2.11 3.21 6.28 8.92 3.16 5.41 2.48 3.70 0.00 3.79 5.01 3.09 2.71 3.04 2.71 3.08 12838319
4.97 3.39 3.89 2.90 4.04 3.66 2.76 3.36 2.41 2.31 3.69 4.41 3.54 5.58 6.96 3.72 2.14 3.15 5.67 8.99 2.18 5.18 3.11 2.66 0.00 4.61 3.64 3.02 2.84 2.68 2.91 3.03 12851409
5.30 2.72 3.91 2.24 3.82 2.67 2.24 2.31 2.51 2.68 2.96 4.66 3.11 2.27 4.92 6.95 2.15 3.16 4.04 2.24 3.12 5.33 2.49 2.58 0.00 4.24 3.48 3.38 2.90 3.01 2.42 3.00 12864499
5.48 3.11 4.03 2.26 2.55 2.60 2.49 2.75 3.01 2.32 3.29 4.72 2.47 3.01 7.19 2.97 2.17 2.75 2.65 2.90 3.07 5.51 2.85 3.08 0.00 3.44 2.93 3.05 2.57 2.77 2.70 3.05 12877589
2.63 3.20 2.36 2.34 3.54 3.27 2.63 2.16 2.39 2.16 2.32 5.36 3.20 2.65 3.05 2.05 2.15 3.19 3.36 5.61 2.62 0.00 2.36 4.38 0.00 4.14 3.42 3.21 2.78 3.07 2.65 2.28 12890679
2.48 2.65 3.80 2.43 2.21 2.42 2.62 2.81 2.41 2.84 2.30 2.62 2.33 2.62 2.22 2.43 2.16 2.63 5.39 2.64 3.10 2.11 2.65 2.77 0.00 2.96 2.52 3.08 2.52 3.00 2.45 3.26 12903769
2.25 2.43 4.38 2.33 3.79 2.36 2.71 2.70 2.44 2.31 2.94 4.71 2.26 2.78 2.76 3.37 2.18 2.95 2.33 2.70 3.23 2.28 2.19 2.85 0.00 2.15 2.47 3.17 2.36 3.25 2.82 3.13 12916859
2.48 2.56 2.26 2.36 2.85 2.42 2.73 3.00 2.84 3.06 2.69 0.00 2.45 2.27 2.49 2.55 2.14 3.84 2.07 2.76 3.54 2.69 2.59 0.00 0.00 3.09 2.34 2.81 2.50 2.45 2.43 2.94 12929949
2.83 2.32 4.46 2.24 2.38 3.06 2.41 3.28 2.29 2.33 2.83 3.88 2.62 2.67 2.25 2.32 2.13 2.28 3.15 2.84 2.64 2.69 2.56 2.36 0.00 2.85 2.24 2.50 2.57 2.94 2.67 3.18 12943039
2.41 2.48 2.69 2.21 3.03 2.40 2.23 2.51 2.86 2.59 2.52 2.74 2.26 2.16 2.33 2.28 2.25 2.95 2.17 0.00 2.82 2.80 2.65 2.75 0.00 2.67 2.52 2.92 2.80 2.62 2.59 2.84 12956129
2.57 2.42 2.19 2.39 2.67 2.82 2.32 2.78 2.75 2.39 2.33 2.72 2.62 2.32 2.78 2.69 2.63 2.22 2.48 2.97 2.57 2.18 2.21 2.88 0.00 2.73 2.43 2.90 2.32 2.38 2.48 2.78 12969219
2.37 2.41 2.60 2.16 3.17 2.44 2.20 3.16 3.02 2.89 2.22 2.34 2.27 2.43 2.95 2.27 2.32 2.65 2.98 2.16 2.25 2.38 2.23 2.65 0.00 2.52 2.49 3.36 2.51 2.24 2.52 2.85 12982309
2.31 2.30 2.19 2.43 2.63 2.93 2.57 2.51 2.36 2.62 2.77 2.72 5.52 2.41 2.36 2.49 2.39 2.23 4.64 2.28 2.49 2.02 2.36 3.27 0.00 2.54 2.84 2.37 2.67 2.51 2.16 2.91 12995399
2.63 2.37 2.68 2.21 3.32 2.37 2.68 2.76 2.62 2.43 2.54 2.75 3.64 2.21 2.59 2.56 2.44 2.42 2.60 2.52 2.24 0.00 2.22 2.94 0.00 2.59 2.12 3.27 3.24 2.21 2.90 2.83 13008489
3.88 2.68 3.71 2.22 2.73 2.96 2.05 3.73 2.25 2.58 2.46 4.78 2.69 2.50 2.88 2.56 2.16 3.16 2.37 2.47 2.59 2.27 2.37 2.78 0.00 2.46 2.84 3.37 2.70 2.78 2.99 3.22 13021579
2.19 2.56 2.47 2.69 2.71 3.41 2.33 2.14 2.79 2.34 2.96 5.33 4.80 3.24 2.61 3.35 2.24 3.14 2.39 2.32 2.53 0.00 2.52 2.19 0.00 2.42 2.65 2.86 2.29 2.40 2.76 2.49 13034669
2.58 2.65 4.77 2.12 2.76 2.29 3.28 2.90 3.59 2.32 2.34 4.16 2.85 2.82 4.05 2.19 2.07 3.50 2.82 2.59 2.55 0.00 2.39 2.23 0.00 3.13 2.71 2.46 2.94 4.04 2.34 2.89 13047759
2.71 2.59 2.53 2.28 6.05 2.57 2.26 2.30 2.25 2.67 4.06 2.92 4.23 2.42 3.10 2.89 2.31 3.01 2.78 2.34 3.40 0.00 2.36 2.13 0.00 2.74 2.23 3.12 2.70 2.14 2.49 3.25 13060849
2.51 2.70 3.41 2.72 2.31 2.55 2.36 3.85 2.20 2.69 3.66 2.48 5.30 2.29 3.40 2.49 2.10 2.64 2.45 4.17 2.44 0.00 2.58 3.65 0.00 2.82 2.80 3.15 2.65 2.44 2.92 3.30 13073939
2.97 3.39 3.20 2.38 2.38 2.14 2.88 2.94 2.70 3.00 2.34 2.16 5.39 3.12 2.47 2.55 2.30 3.01 3.18 3.07 3.11 0.00 3.16 3.45 0.00 3.44 3.07 3.11 2.84 2.43 2.26 3.47 13087029
4.35 2.65 2.61 2.15 3.94 2.22 3.70 4.31 2.64 3.04 3.89 3.16 4.89 2.71 8.01 3.65 2.45 3.16 5.17 0.00 3.04 0.00 2.12 2.53 0.00 3.47 3.12 3.08 2.91 2.76 2.70 2.20 13100119
2.96 2.90 2.65 2.21 3.72 2.98 3.37 5.21 2.74 2.53 2.37 4.57 5.82 2.76 2.47 7.65 2.16 3.09 2.85 2.55 2.66 2.79 4.73 4.20 0.00 3.04 3.65 2.68 2.53 3.81 2.98 3.26 13113209
2.43 3.26 3.38 2.26 6.13 2.14 3.09 5.16 4.10 2.28 3.42 4.09 3.80 2.24 2.99 3.11 2.07 3.54 3.06 5.64 3.86 6.16 2.70 2.11 0.00 3.52 3.61 3.13 2.77 3.32 3.10 3.60 13126299
4.02 3.07 3.49 2.27 2.92 2.26 3.47 4.26 2.39 2.48 3.96 5.48 3.96 2.85 5.25 2.32 2.25 2.82 3.65 9.15 3.06 0.00 2.36 4.12 0.00 3.29 3.33 2.70 2.74 2.89 2.15 3.36 13139389
0.00 3.26 4.86 2.21 5.31 2.39 3.51 5.50 3.74 2.47 3.48 5.46 5.77 3.29 5.28 6.83 2.24 2.68 2.57 9.00 2.91 0.00 4.12 3.28 0.00 3.73 2.74 3.19 2.65 3.47 2.84 3.16 13152479
2.80 2.53 3.34 2.84 6.20 3.48 2.70 5.04 3.84 2.93 3.99 5.31 5.50 2.57 5.63 8.33 2.11 3.73 3.68 8.95 3.32 6.25 2.29 4.25 0.00 3.35 3.34 2.65 2.64 3.40 2.93 3.13 13165569
5.58 3.12 4.72 2.43 3.70 2.81 3.43 2.24 3.32 2.99 2.27 5.29 5.65 2.97 8.05 4.26 2.17 3.67 6.17 0.00 2.86 0.00 2.54 3.59 0.00 3.82 3.67 3.18 2.78 3.70 3.10 3.18 13178659
0.00 3.38 4.75 2.46 5.78 3.16 3.28 5.58 4.57 2.76 3.15 5.26 5.58 2.31 7.91 8.14 2.11 3.31 2.41 8.92 3.07 6.76 2.20 3.74 0.00 3.68 3.71 3.70 2.67 3.89 2.60 3.25 13191749
0.00 3.25 4.84 2.44 5.98 6.71 3.52 4.63 3.43 3.14 4.85 5.36 5.67 2.77 7.99 8.64 2.12 3.27 5.54 0.00 3.38 0.00 2.94 4.21 0.00 3.82 4.31 3.21 3.13 2.90 2.81 3.36 13204839
0.00 3.44 4.74 2.74 5.81 6.93 3.55 5.22 2.55 3.36 4.75 5.27 5.43 5.47 8.12 8.00 2.24 3.71 6.23 9.03 3.51 0.00 4.33 4.22 0.00 3.78 4.44 3.07 3.17 3.97 3.54 3.22 13217929
0.00 3.00 4.15 3.14 5.25 4.79 3.64 5.70 2.53 4.05 4.67 5.27 0.00 5.48 8.25 8.14 2.19 3.51 6.28 8.81 3.45 6.76 2.79 4.79 0.00 3.86 4.88 3.17 3.02 3.87 3.05 3.29 13231019
0.00 3.04 4.69 2.66 5.85 7.00 3.24 5.76 2.42 4.02 4.76 5.39 5.71 7.08 8.14 0.00 2.12 3.31 7.16 8.94 3.63 0.00 4.19 3.71 0.00 3.79 4.48 3.11 3.20 3.96 3.11 3.28 13244109
5.67 3.37 4.71 2.65 5.72 7.06 3.56 5.84 4.58 5.07 4.80 5.29 5.54 2.76 7.17 0.00 2.22 3.50 6.10 8.88 3.66 6.82 5.01 4.76 0.00 3.96 4.99 3.30 3.28 3.85 3.22 3.25 13257199
0.00 3.45 4.61 2.56 5.78 7.14 3.60 5.93 2.77 2.28 4.34 5.31 5.49 6.41 7.95 2.21 2.04 3.43 6.54 8.90 3.43 0.00 8.57 4.04 0.00 0.00 5.02 3.10 3.07 4.16 3.08 3.27 13270289
0.00 3.39 4.59 2.59 5.66 6.59 3.52 6.43 2.43 3.93 4.35 5.10 5.65 4.90 7.93 3.16 2.14 3.26 6.40 9.03 3.69 6.38 3.34 4.66 0.00 3.40 5.16 3.11 3.12 3.66 3.13 3.21 13283379
0.00 3.93 4.53 2.39 4.95 6.62 3.38 5.93 4.32 3.82 4.33 5.15 5.59 6.25 8.32 2.21 2.26 3.52 2.58 8.93 3.22 0.00 3.65 4.39 0.00 4.17 3.55 3.06 2.77 3.79 3.14 3.35 13296469
0.00 3.40 4.29 2.25 5.29 5.25 3.47 6.07 3.80 2.82 4.35 4.66 5.57 7.16 8.19 4.28 2.22 3.50 4.11 8.93 3.39 0.00 4.14 3.53 0.00 3.89 5.14 3.27 3.14 3.83 3.24 3.29 13309559
0.00 3.48 4.60 2.49 4.79 5.07 3.58 4.38 2.53 4.13 3.72 4.28 5.69 7.07 8.06 2.27 2.12 3.42 5.49 8.94 3.36 0.00 2.55 3.84 0.00 4.07 5.62 3.08 2.91 3.35 3.31 3.26 13322649
5.61 3.58 4.54 2.10 4.54 5.59 3.04 4.98 5.48 3.76 3.76 4.30 3.50 3.92 7.99 0.00 2.07 4.11 4.44 9.08 3.48 0.00 9.59 3.88 0.00 4.10 5.78 3.16 3.09 2.62 3.17 3.37 13335739
0.00 3.08 4.67 2.18 4.85 4.81 3.71 5.81 5.33 3.45 4.22 4.16 5.67 3.25 7.99 3.16 2.18 3.29 5.87 8.92 2.96 0.00 3.98 3.86 0.00 4.31 5.60 3.14 3.29 4.04 3.20 3.19 13348829
0.00 3.02 4.55 3.06 4.35 4.29 3.53 3.27 5.37 2.22 3.82 4.20 4.18 2.73 8.29 0.00 2.13 3.20 6.84 8.92 3.59 0.00 2.93 2.77 0.00 4.11 2.78 3.17 3.22 3.41 3.19 3.29 13361919
0.00 3.02 4.51 2.61 4.96 4.82 3.64 0.00 3.78 2.41 4.25 4.18 5.37 2.95 7.90 2.13 2.12 3.65 6.01 8.95 3.76 0.00 3.07 2.85 0.00 4.80 5.48 3.07 3.01 3.86 3.16 3.21 13375009
0.00 2.53 4.85 2.25 5.19 4.90 3.44 6.22 2.84 2.39 2.90 4.03 5.88 5.22 8.07 0.00 2.25 3.45 6.05 8.96 3.26 0.00 2.20 3.64 0.00 4.52 5.96 3.00 3.19 2.62 3.26 3.28 13388099
2.49 3.53 4.64 2.35 5.40 5.11 3.45 2.86 3.19 3.43 4.13 4.14 4.22 5.73 7.93 8.10 2.09 3.64 3.31 9.15 3.71 0.00 2.58 3.24 0.00 4.40 4.82 2.94 2.98 3.84 3.15 3.20 13401189
2.22 3.40 4.66 2.15 3.14 4.79 3.66 3.91 3.82 2.46 3.88 4.15 4.37 3.22 7.73 2.33 2.13 3.34 3.92 8.93 3.16 0.00 3.75 4.16 0.00 4.99 2.60 3.07 3.15 3.65 2.83 3.26 13414279
2.09 3.16 4.65 3.59 5.07 2.38 3.61 4.89 3.63 2.62 2.97 4.22 2.35 2.43 7.86 4.94 2.30 3.36 6.03 8.96 3.24 0.00 2.94 3.07 0.00 3.81 6.09 2.90 2.99 2.86 2.70 3.09 13427369
5.45 2.93 4.70 2.37 5.75 3.17 2.85 4.54 4.31 2.86 2.86 4.29 6.06 5.24 6.37 7.56 2.12 3.69 2.60 8.43 3.75 0.00 2.60 2.92 0.00 5.03 3.07 2.27 3.20 4.01 3.02 3.18 13440459
0.00 2.53 4.66 2.55 4.33 3.89 3.65 2.91 2.87 3.06 4.04 4.54 2.08 3.48 6.98 6.78 2.27 3.70 5.59 9.22 3.57 0.00 3.22 0.00 0.00 5.35 3.31 3.05 2.83 3.19 3.24 3.21 13453549
5.82 2.32 4.72 2.63 5.65 4.27 3.51 3.12 2.47 3.16 3.31 4.44 4.42 3.32 6.77 6.88 2.19 3.21 3.77 8.97 3.30 0.00 3.89 2.47 0.00 5.56 2.66 3.05 3.37 3.64 3.14 3.22 13466639
2.51 3.33 4.08 2.45 4.57 3.95 3.56 2.21 2.64 2.76 2.49 4.53 5.25 2.61 6.92 6.78 2.16 3.35 6.39 0.00 3.81 0.00 2.24 2.71 0.00 5.38 3.67 2.75 3.13 3.94 2.56 2.93 13479729
4.25 2.86 4.63 2.53 5.60 4.63 3.25 0.00 2.44 2.70 3.57 4.62 5.93 3.83 5.17 4.80 2.21 3.57 3.39 9.13 3.43 0.00 3.02 3.33 0.00 5.77 3.63 2.92 2.43 3.92 3.22 3.24 13492819
2.99 2.87 4.59 2.48 5.22 3.23 3.46 3.38 3.38 2.30 3.64 4.74 2.32 4.55 6.91 6.99 2.19 3.48 6.26 5.06 3.14 0.00 3.00 4.16 0.00 0.00 2.49 2.83 3.19 3.51 2.77 2.98 13505909
0.00 3.10 3.24 2.78 5.16 4.54 3.60 5.47 2.47 2.46 3.98 4.44 5.30 2.75 2.47 5.15 2.18 3.62 2.88 8.93 2.95 0.00 2.63 3.11 0.00 5.89 4.17 2.82 3.03 3.56 3.04 3.39 13518999
0.00 2.63 4.46 2.32 5.14 4.55 3.34 3.43 3.23 2.71 4.24 4.90 5.46 2.76 4.06 6.86 2.11 3.53 5.36 9.00 3.22 0.00 2.48 2.91 0.00 5.68 4.71 2.70 3.28 3.99 2.20 3.29 13532089
0.00 3.41 4.47 2.45 5.22 5.25 3.64 4.48 3.25 3.13 4.54 4.46 2.62 2.32 7.02 7.17 2.19 3.45 3.38 9.04 3.58 0.00 2.29 2.38 0.00 5.88 5.25 3.08 2.91 3.82 3.68 3.42 13545179
0.00 3.34 4.53 2.82 5.31 2.24 3.16 5.74 2.88 2.74 4.58 5.25 5.15 2.85 7.32 6.93 2.19 3.45 4.39 8.95 3.70 0.00 3.09 2.76 0.00 3.58 4.54 2.71 3.14 3.95 3.53 3.45 13558269
5.35 2.97 4.29 2.52 5.24 6.13 3.63 5.42 3.21 2.87 4.31 4.94 5.39 3.25 7.21 5.02 2.51 3.33 5.36 9.17 3.45 0.00 2.74 3.85 0.00 4.86 5.63 2.85 3.19 3.97 3.10 3.38 13571359
5.27 3.46 4.62 2.37 5.35 4.43 0.00 5.62 3.22 4.06 2.95 4.98 5.33 5.56 7.27 6.99 2.12 3.73 6.13 8.94 2.75 0.00 3.19 3.41 0.00 5.53 4.20 2.66 3.04 3.98 3.26 3.47 13584449
0.00 3.59 4.58 2.71 5.39 6.33 4.04 0.00 3.12 3.89 4.62 4.88 5.03 3.82 7.30 7.49 2.10 3.26 4.57 8.88 3.59 0.00 3.64 3.51 0.00 0.00 6.00 2.90 3.00 3.12 3.44 3.43 13597539
0.00 3.43 4.65 2.68 5.33 6.34 3.68 6.27 2.88 2.29 4.57 4.93 5.29 3.41 7.57 7.09 2.23 3.66 6.07 8.89 3.51 0.00 3.77 4.73 0.00 0.00 4.50 2.63 3.41 4.12 3.36 3.51 13610629
5.56 3.33 4.60 2.95 5.28 6.13 3.66 0.00 3.27 4.05 4.64 5.07 4.99 6.76 7.35 7.45 2.28 3.53 6.37 8.95 3.59 0.00 2.60 4.00 0.00 5.69 6.10 2.68 3.04 3.55 3.68 3.52 13623719
0.00 3.59 5.21 3.08 5.54 6.35 3.58 6.00 3.16 3.11 4.66 5.01 5.26 4.07 7.36 7.21 2.25 3.62 6.53 9.47 2.24 0.00 3.43 4.21 0.00 5.64 5.04 2.69 3.21 4.07 3.76 3.57 13636809
0.00 3.38 4.84 2.06 5.54 6.41 3.74 5.90 3.18 4.14 4.73 5.07 5.03 6.79 7.54 7.60 2.17 2.94 6.18 8.98 3.38 0.00 3.04 2.30 0.00 5.62 6.53 2.78 3.21 4.13 3.24 3.48 13649899
0.00 3.62 4.60 2.46 5.39 6.39 4.02 0.00 3.23 3.63 4.70 4.96 4.85 6.75 4.33 7.16 2.19 3.69 6.11 8.88 3.73 0.00 3.65 2.45 0.00 5.69 6.44 2.74 3.16 4.05 3.66 3.47 13662989
0.00 3.47 4.72 3.57 5.38 6.48 3.70 6.18 3.42 3.38 4.85 5.07 4.93 5.83 0.00 7.22 2.45 3.61 6.33 8.89 3.59 0.00 4.09 3.58 0.00 5.68 6.40 2.53 3.19 4.04 3.76 3.92 13676079
0.00 3.54 4.53 2.66 5.49 6.41 3.73 6.08 3.26 4.10 4.71 5.11 5.13 6.67 7.55 7.34 2.08 3.67 6.56 8.97 3.62 0.00 4.07 4.10 0.00 5.53 5.86 2.87 3.25 4.04 3.72 3.72 13689169
0.00 3.51 4.67 0.00 5.67 6.54 3.59 0.00 3.22 4.15 4.68 5.01 5.58 4.52 7.57 7.35 2.09 3.06 6.14 9.01 4.20 0.00 3.65 3.98 0.00 5.56 5.70 2.61 2.98 4.24 3.86 3.49 13702259
0.00 2.94 4.57 2.13 5.40 6.74 3.60 6.11 3.21 4.12 4.81 5.12 4.99 6.77 7.53 7.26 2.08 3.48 6.87 8.95 3.68 0.00 0.00 0.00 0.00 5.54 6.30 2.50 3.23 4.03 3.65 3.46 13715349
0.00 3.57 4.59 3.32 5.40 6.64 3.71 0.00 3.23 3.75 5.17 5.13 4.96 6.82 7.56 7.47 2.06 3.60 6.73 8.95 3.75 0.00 0.00 2.83 0.00 5.54 6.51 2.71 3.22 4.05 3.76 3.53 13728439
0.00 4.00 4.70 2.68 5.48 6.65 3.65 4.41 3.31 4.07 4.70 5.17 4.89 6.73 7.59 7.38 2.18 3.61 6.50 9.01 3.46 0.00 3.36 4.11 0.00 5.37 6.43 2.66 3.34 4.10 4.00 3.48 13741529
0.00 3.36 4.72 3.29 5.21 6.83 3.66 5.93 3.32 3.99 4.73 5.12 4.63 6.76 7.59 7.49 2.15 3.69 6.46 8.97 3.56 0.00 2.34 3.83 0.00 5.52 6.50 2.83 3.28 4.18 3.60 3.48 13754619
0.00 3.98 4.69 3.50 5.56 6.73 3.76 0.00 3.26 4.09 4.82 5.17 5.06 5.87 7.78 7.56 2.14 3.72 0.00 8.94 3.61 0.00 3.14 4.13 0.00 5.44 6.49 2.64 3.36 4.19 3.61 3.54 13767709
0.00 3.40 4.68 3.29 5.37 6.76 3.65 6.30 3.39 3.20 4.85 5.16 4.99 6.89 7.68 7.52 2.20 3.49 6.20 9.15 3.57 0.00 4.89 4.83 0.00 5.86 6.44 2.95 3.22 4.09 3.77 3.53 13780799
0.00 3.64 4.75 2.68 5.36 6.85 3.66 6.58 3.39 3.60 4.78 5.13 5.09 6.74 7.77 7.55 2.16 3.43 6.05 9.20 3.55 0.00 2.75 4.35 0.00 5.40 6.47 3.28 3.31 4.12 3.60 3.65 13793889
0.00 3.59 4.82 0.00 5.24 6.93 0.00 5.94 3.39 4.23 4.75 5.19 5.16 6.40 7.73 7.48 2.14 3.31 5.41 9.03 3.48 0.00 2.53 3.85 0.00 5.68 6.46 2.59 3.42 4.11 3.60 3.55 13806979
0.00 0.00 4.72 0.00 5.22 6.50 3.66 0.00 3.34 4.22 4.80 5.48 5.16 6.20 7.87 7.51 2.09 3.48 6.31 9.19 3.44 0.00 2.10 3.99 0.00 5.49 6.11 2.72 3.33 4.08 3.58 3.87 13820069
0.00 3.45 4.92 3.16 5.72 6.89 3.62 6.31 3.28 3.30 4.93 5.17 5.36 6.72 7.86 7.68 2.49 3.58 6.06 8.90 3.73 0.00 2.89 4.60 0.00 5.36 6.35 2.74 3.41 4.07 3.66 3.57 13833159
0.00 3.11 4.80 2.57 5.47 6.92 3.62 0.00 3.42 4.23 4.88 5.27 5.35 6.93 7.78 7.83 2.18 3.50 6.59 8.96 3.94 0.00 3.55 5.07 0.00 0.00 6.55 2.72 3.33 4.08 3.61 3.59 13846249
0.00 0.00 4.95 3.13 5.17 6.54 4.00 6.32 3.12 4.27 4.79 5.25 5.55 6.75 8.05 7.57 2.06 3.59 6.43 0.00 3.57 0.00 3.12 3.31 0.00 5.23 6.34 3.11 3.25 4.14 3.89 3.57 13859339
0.00 3.42 4.68 2.51 5.28 7.01 3.68 6.62 3.27 4.21 4.81 5.40 5.41 6.79 7.92 7.52 2.12 3.52 6.96 8.89 3.78 0.00 2.93 3.45 0.00 5.14 6.17 2.88 3.34 4.12 3.91 3.96 13872429
0.00 3.56 4.72 2.87 5.15 6.99 3.66 6.02 3.43 4.27 4.93 5.22 5.48 6.80 7.81 8.18 2.35 3.49 6.01 0.00 3.62 0.00 3.77 4.22 0.00 5.23 6.35 2.67 3.28 4.10 3.63 3.62 13885519
0.00 3.78 4.99 0.00 5.14 6.90 3.72 6.04 3.31 4.34 4.86 5.26 5.58 6.73 7.99 7.75 2.06 3.41 6.62 0.00 3.84 0.00 0.00 0.00 0.00 0.00 6.29 2.99 3.34 4.17 3.64 3.59 13898609
0.00 0.00 4.97 2.38 5.20 6.98 3.63 6.21 3.43 2.66 4.98 5.54 5.93 6.21 0.00 7.93 2.31 3.34 6.94 8.97 3.31 0.00 4.53 3.44 0.00 0.00 6.18 2.75 3.27 3.79 3.62 3.60 13911699
0.00 3.54 4.88 4.33 4.93 7.02 4.22 6.05 3.29 4.43 4.95 5.49 5.64 6.69 8.09 7.89 2.36 3.48 6.16 8.88 4.16 0.00 0.00 3.57 0.00 5.34 6.22 2.66 3.31 4.17 3.60 4.01 13924789
0.00 3.46 4.69 2.47 5.22 6.91 3.62 0.00 3.44 3.96 4.95 5.42 5.75 5.62 8.23 7.86 2.18 3.42 6.46 8.95 3.59 0.00 0.00 4.32 0.00 0.00 5.91 2.62 3.27 4.20 3.63 3.67 13937879
5.74 3.54 4.80 2.66 5.12 6.22 3.24 6.34 3.46 3.50 5.02 5.28 6.68 3.68 8.09 8.10 2.22 3.42 6.61 8.89 3.74 0.00 3.73 3.47 0.00 5.28 6.33 2.61 3.31 4.18 3.71 3.51 13950969
4.80 3.17 4.98 0.00 5.02 5.77 3.40 6.36 3.53 4.00 5.03 5.32 2.41 6.86 8.15 8.03 2.17 3.33 6.58 8.99 4.00 0.00 4.04 3.99 0.00 5.24 6.49 2.49 3.24 4.34 3.71 3.70 13964059
0.00 3.53 4.94 2.41 5.09 5.58 3.71 6.10 3.45 3.60 5.08 5.39 6.22 6.88 8.13 0.00 2.08 3.76 6.15 8.95 3.56 0.00 6.12 3.82 0.00 5.19 6.46 2.46 3.18 4.23 3.59 3.63 13977149
0.00 3.63 4.67 2.74 4.14 4.75 3.79 5.59 3.53 4.45 5.13 3.50 6.16 6.66 8.28 8.08 2.23 3.34 6.07 8.96 3.70 0.00 9.21 3.74 0.00 5.53 5.31 2.38 3.24 4.23 3.61 3.50 13990239
2.75 3.83 4.80 2.60 4.12 4.09 2.26 5.77 3.63 2.94 5.38 5.43 6.49 4.55 8.24 8.09 2.17 3.45 4.34 8.91 3.66 0.00 2.64 3.74 0.00 5.29 6.30 2.40 3.27 3.79 3.64 3.45 14003329
0.00 3.78 4.96 2.90 4.05 4.44 2.97 4.56 3.63 4.12 5.17 5.45 2.53 5.54 8.32 8.04 2.08 3.72 5.90 9.02 3.75 0.00 2.75 4.24 0.00 2.35 5.53 2.37 3.22 4.17 3.75 3.56 14016419
0.00 3.30 5.15 2.10 4.04 4.34 3.71 3.00 3.74 3.49 4.87 5.71 6.23 7.03 8.47 8.25 2.05 3.30 5.59 9.54 2.69 0.00 2.68 3.33 0.00 3.63 5.99 2.27 3.32 4.13 3.66 3.40 14029509
0.00 3.44 4.93 2.51 3.98 3.87 3.42 5.31 3.26 4.08 5.30 5.44 4.02 6.49 8.41 0.00 2.29 3.35 6.52 9.04 3.92 0.00 2.78 4.15 0.00 2.94 5.80 2.39 3.33 4.21 3.66 3.35 14042599
2.68 2.88 3.59 2.87 3.99 2.95 2.81 3.90 3.13 3.04 5.37 5.43 0.00 5.51 8.28 8.31 2.09 2.91 6.55 8.94 3.74 0.00 4.66 4.15 0.00 5.20 2.83 2.36 3.22 4.30 3.74 3.29 14055689
0.00 3.60 5.11 2.45 4.21 3.63 3.54 4.18 2.78 3.28 4.55 5.15 2.37 2.30 8.47 8.27 2.27 3.26 5.90 9.05 3.11 0.00 2.98 3.52 0.00 4.89 5.03 2.46 3.33 4.18 3.78 3.37 14068779
3.58 2.76 4.99 2.62 3.58 3.39 2.45 3.86 4.15 2.86 5.01 5.51 0.00 3.08 8.43 0.00 2.09 3.37 4.29 8.92 3.72 0.00 2.68 3.32 0.00 4.71 5.60 2.37 3.34 4.20 3.85 3.31 14081869
4.58 2.87 4.65 2.44 3.64 3.82 3.31 4.04 3.76 2.76 5.51 5.46 2.30 3.04 8.36 8.02 2.15 3.41 6.35 2.08 2.89 0.00 2.82 2.70 0.00 4.96 5.36 2.38 3.35 4.09 3.99 3.34 14094959
3.21 3.36 4.97 2.62 3.81 3.69 2.60 3.87 4.10 2.89 5.49 5.56 2.20 3.19 8.08 5.57 2.11 3.24 6.57 6.60 2.74 0.00 3.01 3.07 0.00 4.93 4.91 2.43 3.42 4.18 3.26 3.26 14108049
0.00 3.16 3.76 2.39 3.89 3.46 3.21 3.80 4.65 4.66 5.30 4.66 4.11 3.09 8.43 3.57 2.15 3.13 4.86 6.44 3.29 0.00 3.94 2.84 0.00 4.67 5.08 2.34 3.41 4.20 4.16 3.41 14121139
4.75 3.56 4.87 2.28 3.83 3.44 3.17 3.50 2.34 2.19 5.09 5.63 2.50 3.11 7.11 0.00 2.35 2.89 5.61 9.23 2.39 0.00 2.50 2.70 0.00 4.88 3.72 2.43 2.59 4.14 3.28 3.35 14134229
4.97 2.98 5.07 2.34 3.81 3.54 2.90 3.09 4.10 2.91 5.46 5.55 0.00 3.93 6.00 2.57 2.17 3.20 4.52 8.99 3.21 0.00 2.82 3.91 0.00 5.05 4.84 2.36 3.21 4.24 3.77 3.32 14147319
5.49 3.13 4.93 2.50 3.80 3.28 3.36 2.65 3.59 2.96 3.42 5.03 2.45 3.14 8.80 0.00 2.18 3.28 5.60 0.00 0.00 0.00 2.64 2.04 0.00 5.12 4.66 2.47 3.35 3.74 3.62 3.35 14160409
2.12 3.51 3.98 2.33 3.74 3.38 4.29 3.80 2.89 2.49 4.53 5.38 0.00 3.86 8.42 4.66 2.09 3.24 4.70 8.99 3.21 0.00 3.52 3.60 0.00 4.73 3.01 2.79 3.27 4.26 4.37 3.50 14173499
4.84 3.39 5.08 2.76 3.77 3.54 2.57 2.33 3.82 2.47 2.77 5.68 2.16 2.20 2.79 8.37 2.17 3.49 2.73 9.18 3.67 0.00 3.93 2.57 0.00 5.08 4.65 2.43 3.50 3.28 4.27 3.42 14186589
0.00 3.62 5.01 2.42 3.84 3.05 3.14 3.56 4.46 2.77 5.62 5.56 6.45 2.86 4.14 0.00 2.20 3.15 3.17 4.81 3.35 6.74 2.47 3.49 0.00 5.05 4.73 2.58 2.90 4.26 3.90 2.94 14199679
5.79 3.53 5.01 2.27 3.86 3.25 3.19 3.61 4.56 2.47 4.55 5.62 5.84 2.85 4.42 3.14 2.11 3.29 6.55 0.00 3.69 6.65 3.90 2.76 0.00 4.84 5.80 2.58 3.61 4.36 4.58 3.45 14212769
5.55 3.58 5.05 2.33 3.83 3.48 3.33 3.66 4.88 2.60 5.61 5.62 4.20 4.69 8.38 0.00 2.09 3.69 7.02 8.96 3.79 0.00 3.16 3.66 0.00 4.83 5.67 2.39 3.61 4.28 4.19 3.31 14225859
0.00 3.36 4.85 2.41 3.92 3.65 3.20 3.71 2.62 2.63 5.18 5.32 2.49 3.61 8.38 0.00 2.13 3.31 4.89 8.80 3.62 6.34 6.00 2.27 0.00 4.83 5.64 2.62 3.49 4.27 4.68 3.48 14238949
3.50 3.57 5.02 2.32 3.90 3.70 2.99 3.67 5.22 2.70 5.81 5.69 0.00 5.09 8.40 0.00 2.13 3.22 0.00 0.00 3.40 0.00 4.66 2.93 0.00 4.77 5.36 2.94 3.57 4.27 4.84 3.37 14252039
0.00 3.17 4.93 2.34 3.91 3.48 3.59 3.71 5.07 3.05 5.69 5.67 0.00 2.49 8.32 0.00 2.29 3.17 6.85 9.12 3.95 0.00 4.15 2.87 0.00 4.75 5.36 2.49 3.53 3.69 4.29 3.37 14265129
0.00 3.45 4.90 2.10 3.89 3.84 3.79 3.79 4.42 4.03 4.49 5.75 0.00 7.07 8.40 3.98 2.15 3.14 6.38 9.31 2.61 6.86 3.15 2.69 0.00 4.80 5.77 2.53 3.69 4.43 4.80 3.39 14278219
5.89 3.64 5.26 3.10 4.60 3.82 3.33 3.70 5.22 4.68 5.87 5.69 0.00 6.89 8.40 0.00 2.21 3.21 6.45 8.75 2.90 0.00 3.12 0.00 0.00 4.79 5.90 2.64 3.73 4.40 4.00 3.59 14291309
0.00 3.50 4.89 2.70 3.80 3.84 3.68 3.72 5.35 2.96 5.93 5.58 0.00 7.25 8.54 0.00 2.23 3.43 6.95 8.83 3.73 6.22 2.53 3.39 0.00 5.00 5.81 2.81 3.58 4.46 4.73 3.36 14304399
0.00 3.61 5.01 0.00 3.81 3.79 3.58 3.70 5.22 5.39 5.72 5.53 2.93 7.47 8.23 0.00 2.15 3.37 6.18 8.75 4.02 6.49 4.52 4.29 0.00 4.90 4.98 2.72 3.78 4.46 4.90 3.72 14317489
0.00 3.37 5.11 2.26 4.19 3.84 3.45 3.77 5.29 3.35 5.93 5.59 0.00 7.40 8.36 8.31 2.21 3.55 0.00 8.82 0.00 6.42 2.98 3.33 0.00 4.99 6.01 2.94 3.74 4.47 4.87 3.32 14330579
5.78 3.31 4.80 2.41 3.77 3.82 3.64 3.72 5.41 6.29 5.78 5.76 0.00 7.40 8.35 8.09 2.08 3.20 6.87 8.78 0.00 0.00 3.34 3.85 0.00 4.95 5.79 2.63 3.71 4.47 4.82 3.34 14343669
0.00 0.00 5.29 2.24 3.76 3.86 3.56 3.65 5.35 4.70 5.77 5.62 0.00 7.34 8.28 0.00 2.22 3.33 3.79 9.51 3.99 6.02 4.40 3.50 0.00 4.92 5.96 2.77 3.71 4.43 4.87 3.39 14356759
0.00 4.11 5.53 2.46 3.78 3.83 3.59 3.95 5.47 6.33 5.73 5.57 0.00 7.40 8.68 0.00 2.14 3.25 6.89 0.00 3.92 0.00 0.00 4.31 0.00 4.83 5.89 2.63 3.80 4.38 4.88 3.32 14369849
0.00 4.07 5.08 2.74 3.78 3.81 3.64 3.75 5.48 6.34 5.76 5.70 0.00 3.46 8.05 0.00 2.08 3.18 6.89 8.80 0.00 6.28 9.71 3.82 0.00 4.86 5.85 3.20 3.73 4.46 4.87 3.31 14382939
0.00 4.22 5.06 2.69 3.68 3.74 3.63 3.73 5.20 5.62 5.74 5.58 0.00 7.32 8.65 8.09 2.41 3.44 6.59 8.88 0.00 5.88 0.00 3.57 0.00 4.79 5.84 2.68 3.79 4.38 5.02 3.48 14396029
0.00 3.72 5.20 3.20 3.74 3.53 3.70 3.60 5.87 5.44 5.75 5.77 0.00 7.41 8.16 8.14 2.08 3.65 6.68 0.00 0.00 6.23 5.97 4.19 0.00 5.04 5.82 2.52 3.54 4.58 4.94 3.37 14409119
5.76 3.48 5.48 3.22 3.74 3.56 3.54 3.68 5.50 6.30 5.79 6.19 0.00 3.01 8.17 0.00 2.49 3.48 0.00 8.88 4.46 5.87 4.30 4.93 0.00 4.80 5.87 2.57 3.67 4.45 5.06 3.39 14422209
6.11 3.58 5.00 2.59 3.84 3.69 3.55 3.64 5.43 6.25 5.89 0.00 0.00 6.12 8.05 0.00 2.38 3.93 0.00 0.00 0.00 6.28 0.00 4.23 0.00 4.90 6.08 2.56 3.74 4.56 5.10 3.55 14435299
0.00 0.00 5.20 2.95 3.79 3.49 3.57 3.69 5.54 6.31 5.77 5.58 0.00 7.34 8.07 0.00 2.22 3.15 0.00 8.85 0.00 6.35 4.40 0.00 0.00 4.87 5.82 2.58 3.74 4.47 4.91 3.40 14448389
5.91 3.63 5.11 0.00 3.70 3.47 3.47 3.67 5.51 6.38 5.99 5.53 0.00 7.37 8.07 0.00 2.22 3.34 0.00 9.43 3.93 0.00 3.36 3.77 0.00 4.80 5.74 2.50 3.77 4.63 5.18 3.39 14461479
5.76 3.64 5.01 2.80 3.73 3.40 3.46 3.73 5.67 5.87 5.74 5.54 0.00 7.30 7.93 0.00 2.21 3.28 0.00 8.72 4.51 0.00 3.60 3.52 0.00 0.00 5.90 2.55 3.79 4.68 5.01 3.30 14474569
5.64 3.67 4.83 2.54 3.77 3.37 3.53 3.72 6.20 6.40 5.94 5.72 6.12 7.41 8.00 0.00 2.15 3.41 6.69 8.74 0.00 6.06 0.00 0.00 0.00 4.83 5.93 2.72 3.91 4.65 5.06 3.41 14487659
5.85 3.82 4.86 3.10 3.70 3.44 3.48 3.75 0.00 6.33 5.74 5.65 6.75 7.42 8.00 0.00 2.38 3.33 6.33 8.74 3.96 6.03 0.00 3.94 0.00 5.33 5.70 2.59 3.72 4.47 5.20 3.51 14500749
5.32 3.40 5.13 2.68 3.73 3.43 3.90 3.61 5.66 6.29 5.92 5.64 6.26 7.35 8.04 8.22 2.33 3.26 0.00 8.68 0.00 5.81 4.09 3.64 0.00 0.00 5.71 2.52 3.80 4.47 5.25 3.38 14513839
0.00 3.59 4.65 4.19 3.70 3.45 3.56 3.60 5.82 6.35 5.87 6.06 6.09 7.33 8.01 8.08 2.23 3.47 0.00 8.72 0.00 6.45 9.70 3.63 0.00 0.00 5.75 2.60 3.69 4.59 5.06 3.81 14526929
5.36 0.00 5.13 0.00 3.77 3.40 3.44 3.63 0.00 6.35 5.71 5.62 6.80 7.02 7.96 8.27 2.16 3.65 0.00 8.73 0.00 6.07 9.72 0.00 0.00 4.86 5.87 2.68 3.70 4.49 5.00 4.07 14540019
5.84 0.00 4.99 2.40 3.73 3.44 3.57 3.71 0.00 6.29 5.71 5.59 6.41 6.94 8.10 7.85 2.16 3.39 0.00 8.74 0.00 0.00 0.00 4.67 0.00 4.91 5.80 2.85 3.72 4.51 5.29 3.59 14553109
5.54 4.13 5.15 0.00 3.75 3.40 3.48 3.68 5.75 6.32 5.73 5.60 6.25 7.02 7.93 7.95 2.07 3.25 0.00 8.84 0.00 0.00 0.00 4.54 0.00 4.83 5.78 2.67 3.88 4.62 5.08 3.40 14566199
5.62 0.00 5.08 0.00 3.73 3.41 3.46 3.66 5.83 6.33 5.82 5.56 6.30 6.96 8.04 7.91 2.07 3.69 0.00 8.90 0.00 6.40 0.00 4.51 0.00 4.81 5.98 2.64 3.71 4.47 5.12 3.49 14579289
5.55 4.19 4.81 3.14 4.23 3.38 3.55 3.66 5.67 6.33 5.82 5.54 6.46 7.03 8.02 8.25 2.06 3.52 0.00 8.97 0.00 0.00 9.72 4.44 0.00 4.81 5.99 2.82 3.75 4.79 5.05 3.41 14592379
5.52 3.88 0.00 0.00 4.38 3.37 3.52 3.71 5.82 6.01 5.79 5.63 6.22 6.96 8.06 8.28 2.07 3.34 0.00 8.96 0.00 6.00 0.00 5.09 0.00 4.76 6.13 2.74 3.71 4.54 5.04 3.71 14605469
6.17 0.00 4.74 3.04 3.82 3.37 3.48 3.73 5.79 6.38 5.76 5.58 0.00 7.20 8.09 8.71 2.06 3.27 0.00 8.97 0.00 6.40 0.00 4.50 0.00 0.00 6.05 2.75 3.68 4.50 5.08 3.49 14618559
5.51 0.00 5.07 0.00 4.26 3.39 3.43 3.70 5.43 6.38 5.83 5.74 6.22 7.14 8.03 0.00 2.05 3.32 0.00 8.98 0.00 6.07 0.00 0.00 0.00 4.91 6.50 2.52 3.73 4.52 5.10 0.00 14631649
0.00 3.46 5.11 0.00 3.75 3.35 3.43 3.74 0.00 6.36 5.73 5.62 6.61 7.03 0.00 8.41 2.09 3.44 0.00 8.97 0.00 5.67 0.00 4.97 0.00 5.05 5.84 2.65 3.71 4.47 5.34 3.58 14644739
5.60 4.22 4.68 2.88 3.74 3.38 3.39 3.69 0.00 6.35 5.87 5.64 6.50 7.03 8.04 8.09 2.09 3.53 7.07 8.95 0.00 6.01 0.00 3.87 0.00 4.85 6.03 2.59 3.71 4.56 5.27 3.42 14657829
5.57 0.00 5.17 0.00 3.80 3.37 3.51 3.64 0.00 6.40 5.81 5.62 6.29 7.08 8.10 0.00 2.10 3.52 0.00 8.96 0.00 0.00 0.00 0.00 0.00 0.00 6.02 3.29 3.98 5.31 5.30 3.41 14670919
5.67 0.00 5.15 0.00 3.78 3.41 3.42 3.76 6.11 6.43 5.86 5.67 6.09 6.98 8.74 8.26 2.08 3.49 0.00 0.00 0.00 0.00 0.00 0.00 0.00 0.00 5.74 2.56 3.79 4.51 5.11 3.49 14684009
5.37 0.00 5.77 0.00 0.00 3.45 3.41 3.73 0.00 6.34 5.82 5.63 6.05 6.96 8.14 8.05 2.10 3.34 7.03 8.99 0.00 0.00 0.00 0.00 0.00 0.00 5.88 0.00 3.89 4.67 5.11 3.66 14697099
5.42 3.48 0.00 2.79 3.74 3.42 3.58 3.93 0.00 6.46 5.81 5.53 0.00 7.05 8.11 8.20 2.18 3.54 0.00 8.85 0.00 5.96 0.00 4.28 0.00 0.00 5.83 2.76 3.84 4.58 5.15 3.46 14710189
6.09 3.63 5.20 0.00 3.76 3.53 3.51 3.74 5.77 6.39 5.83 5.85 6.02 7.02 7.86 7.93 2.11 3.43 0.00 8.97 0.00 0.00 0.00 3.60 0.00 4.93 5.87 2.95 3.84 4.65 5.33 3.48 14723279
5.25 0.00 5.17 0.00 3.91 3.49 3.52 3.79 5.67 6.39 5.82 5.56 6.11 7.08 7.97 7.98 2.13 3.45 0.00 9.03 0.00 6.20 0.00 4.92 0.00 4.80 5.83 2.58 3.78 4.52 5.04 3.47 14736369
5.25 3.48 5.27 0.00 3.82 3.43 3.40 3.93 5.84 6.35 0.00 5.59 6.19 7.07 8.08 7.88 2.09 3.49 6.94 9.50 3.95 5.92 0.00 3.86 0.00 5.06 6.42 2.63 3.86 4.52 5.10 3.50 14749459
5.82 3.58 5.11 0.00 3.79 3.49 3.29 3.75 0.00 6.35 5.84 5.52 6.51 7.13 7.96 7.92 2.05 3.39 0.00 9.00 0.00 6.25 0.00 3.60 0.00 4.75 5.91 2.77 3.75 4.52 5.29 3.51 14762549
5.38 0.00 5.21 0.00 3.90 3.48 3.33 3.66 5.66 6.37 6.74 5.53 5.88 6.87 8.14 7.90 2.15 3.31 0.00 9.55 0.00 0.00 0.00 3.71 0.00 4.75 6.12 2.69 3.78 4.58 5.20 3.51 14775639
5.28 3.98 5.11 0.00 3.82 3.40 3.33 3.84 5.95 6.34 5.93 5.52 6.23 6.92 8.09 8.26 2.14 3.29 0.00 8.99 0.00 5.67 0.00 3.76 0.00 4.80 5.81 2.70 3.84 4.63 5.15 3.48 14788729
5.19 0.00 0.00 2.84 3.83 3.45 4.02 3.77 5.72 6.34 6.08 6.03 6.07 6.72 8.07 8.02 2.14 3.71 0.00 8.95 0.00 5.80 9.76 0.00 0.00 4.85 5.80 2.63 3.78 4.52 5.23 3.52 14801819
5.24 3.96 0.00 0.00 3.80 3.42 3.37 3.66 5.61 6.34 5.82 5.58 5.84 6.85 7.88 0.00 2.13 3.40 0.00 8.87 0.00 5.98 0.00 3.73 0.00 4.69 5.84 2.72 3.76 4.54 5.10 3.55 14814909
5.18 4.13 5.19 0.00 3.84 3.43 3.34 3.77 5.91 6.34 5.82 5.49 5.97 6.54 8.18 7.92 2.25 3.30 0.00 8.96 0.00 5.57 0.00 0.00 0.00 4.69 5.78 2.68 3.73 4.60 5.29 3.63 14827999
5.26 0.00 5.07 0.00 3.81 3.47 3.34 3.80 6.05 6.36 5.84 5.64 5.70 6.66 7.94 7.85 2.85 3.25 7.15 9.14 0.00 6.02 0.00 4.55 0.00 4.73 5.80 2.57 3.90 4.63 5.25 3.55 14841089
5.41 0.00 0.00 0.00 3.85 3.47 3.29 3.77 0.00 6.34 5.84 5.61 5.77 6.92 7.75 8.01 2.21 3.30 0.00 0.00 0.00 5.95 9.73 3.64 0.00 4.77 5.84 2.58 3.79 4.63 5.27 3.68 14854179
4.98 4.14 4.77 0.00 3.81 3.45 3.35 3.75 0.00 6.35 5.80 5.62 5.87 6.77 7.92 8.07 2.20 3.25 0.00 0.00 0.00 0.00 9.75 3.53 0.00 4.74 5.81 3.03 3.82 4.69 5.04 3.60 14867269
5.17 4.14 0.00 2.91 3.86 3.48 3.35 3.79 6.12 6.35 5.84 5.49 5.75 6.52 7.90 7.69 2.05 3.83 7.08 0.00 0.00 5.74 0.00 3.59 0.00 0.00 5.70 2.54 3.90 4.60 5.11 3.61 14880359
5.09 0.00 4.81 0.00 3.79 3.45 3.10 3.82 5.78 6.33 5.93 5.45 5.74 6.56 7.92 7.65 2.05 3.30 0.00 8.82 0.00 0.00 0.00 4.14 0.00 4.76 5.97 3.15 3.89 4.58 5.32 3.65 14893449
5.26 0.00 5.00 0.00 3.80 3.49 3.16 3.93 0.00 6.31 5.98 5.50 5.85 6.63 7.95 8.23 2.50 3.32 0.00 8.88 0.00 0.00 0.00 3.88 0.00 4.91 5.68 3.27 3.87 4.56 5.14 3.82 14906539
5.24 4.14 0.00 0.00 3.86 3.46 3.25 3.86 5.73 6.35 5.79 5.43 5.77 6.41 7.88 8.11 2.11 3.31 0.00 8.84 0.00 5.50 0.00 0.00 0.00 4.80 5.85 2.67 3.82 4.72 5.08 0.00 14919629
5.32 3.75 0.00 3.31 3.81 3.45 3.30 3.79 5.74 6.36 5.98 5.50 5.64 6.62 7.76 7.82 2.15 3.21 0.00 8.77 0.00 0.00 0.00 3.91 0.00 4.95 5.81 3.12 3.96 4.60 5.10 3.68 14932719
5.18 0.00 0.00 0.00 3.91 3.46 3.22 3.75 5.53 6.39 5.96 5.59 5.93 6.45 7.78 7.57 2.39 3.35 0.00 8.75 0.00 0.00 0.00 0.00 0.00 0.00 5.86 2.63 3.76 4.67 5.29 3.70 14945809
4.96 3.63 4.64 3.53 4.10 3.45 3.26 3.80 5.88 6.38 5.73 5.50 5.85 6.68 8.00 7.77 2.84 3.37 6.66 8.76 0.00 5.41 9.87 3.62 0.00 0.00 5.81 2.70 3.93 4.64 5.06 3.65 14958899
5.15 0.00 4.78 0.00 3.85 3.52 3.29 3.98 0.00 6.38 5.73 6.33 5.77 6.51 7.99 7.77 2.18 3.47 0.00 8.75 0.00 0.00 9.74 4.60 0.00 5.11 5.84 2.87 3.83 4.83 5.03 3.97 14971989
5.09 0.00 0.00 3.13 3.86 3.52 3.14 3.88 0.00 6.35 5.74 0.00 0.00 6.33 0.00 7.60 2.14 3.40 0.00 8.75 0.00 5.44 9.75 4.56 0.00 5.39 5.71 2.73 3.88 4.68 5.07 0.00 14985079
5.03 0.00 0.00 0.00 3.79 3.49 3.17 3.97 0.00 6.39 5.83 5.56 5.55 6.35 7.76 7.68 2.29 3.44 0.00 8.75 0.00 5.84 0.00 0.00 0.00 4.96 5.76 2.75 4.12 4.96 5.07 3.83 14998169
5.63 0.00 0.00 3.02 3.85 3.49 3.20 4.15 0.00 6.38 5.74 5.54 6.28 6.57 7.71 7.63 2.37 3.45 0.00 8.75 0.00 5.67 0.00 3.80 0.00 0.00 5.81 0.00 3.78 4.78 5.04 3.80 15011259
5.23 3.63 4.90 0.00 3.84 3.52 3.28 3.84 0.00 6.38 5.72 5.53 5.53 6.37 7.71 7.65 2.27 3.60 0.00 8.74 0.00 0.00 0.00 0.00 0.00 5.06 5.80 2.71 3.77 4.67 4.97 3.72 15024349
0.00 3.62 5.09 0.00 3.83 3.55 3.89 3.85 0.00 6.38 5.96 5.50 5.55 6.40 7.71 7.67 2.27 3.54 0.00 8.74 0.00 0.00 9.73 0.00 0.00 0.00 5.77 2.63 3.93 4.62 5.10 4.03 15037439
5.49 4.17 5.07 0.00 3.84 3.50 3.69 3.85 0.00 6.40 5.81 5.50 5.55 6.37 7.72 7.64 2.28 3.51 0.00 8.75 0.00 5.39 9.73 4.02 0.00 0.00 5.82 2.74 3.80 4.70 5.46 0.00 15050529
0.00 4.12 0.00 0.00 3.81 3.51 3.44 4.02 6.13 6.40 5.75 5.51 5.58 6.39 7.89 7.84 2.24 3.66 0.00 8.76 0.00 5.21 0.00 0.00 0.00 0.00 5.80 0.00 3.86 4.68 5.08 3.78 15063619
0.00 3.62 5.07 0.00 3.84 3.51 3.27 3.79 0.00 6.44 5.81 5.53 5.53 6.37 7.59 7.45 2.20 3.48 0.00 8.76 0.00 5.33 0.00 3.57 0.00 0.00 5.71 2.75 3.78 4.64 5.45 3.83 15076709
0.00 4.10 5.06 0.00 3.87 3.51 3.17 3.78 0.00 6.48 5.74 5.58 5.65 6.39 7.53 8.34 2.25 3.59 0.00 8.74 0.00 5.25 9.70 3.84 0.00 0.00 5.80 2.74 4.03 4.67 5.23 3.69 15089799
5.66 4.14 5.25 0.00 3.87 3.52 3.30 3.76 0.00 6.74 5.99 5.60 6.38 6.39 7.67 7.33 2.27 3.62 6.05 8.75 0.00 5.26 0.00 3.78 0.00 0.00 5.82 2.60 3.78 4.74 5.35 4.08 15102889
5.71 3.62 5.09 0.00 3.85 3.43 3.21 3.85 0.00 6.37 5.75 5.54 5.63 6.41 7.67 7.63 2.26 3.54 0.00 8.76 0.00 5.23 0.00 0.00 0.00 0.00 5.81 2.53 4.39 4.66 5.12 3.69 15115979
5.30 3.74 5.53 0.00 3.88 3.49 3.12 3.74 0.00 6.38 5.76 5.58 5.97 6.39 7.63 7.58 2.23 3.72 0.00 8.74 0.00 5.22 9.75 0.00 0.00 0.00 5.81 2.54 4.09 4.92 5.42 3.75 15129069
5.70 4.15 5.00 0.00 3.84 3.47 3.31 3.74 0.00 6.36 5.76 5.49 5.85 6.39 7.70 7.82 2.26 3.54 0.00 8.76 0.00 5.23 0.00 3.98 0.00 0.00 5.80 2.75 3.84 4.64 5.12 3.66 15142159
5.25 4.15 5.17 0.00 3.92 3.48 3.30 3.78 0.00 6.37 5.75 5.47 5.87 6.38 7.77 8.54 2.27 3.59 0.00 8.76 0.00 5.21 0.00 0.00 0.00 0.00 5.78 2.56 3.88 4.74 5.13 3.68 15155249
5.34 4.14 5.34 0.00 3.93 3.50 3.28 3.74 0.00 6.37 5.74 0.00 5.86 6.38 7.73 7.78 2.24 3.62 0.00 8.76 0.00 5.22 0.00 0.00 0.00 0.00 5.80 2.57 3.89 4.66 5.11 3.66 15168339
5.36 4.13 0.00 0.00 3.92 3.47 3.27 3.75 0.00 6.38 5.75 5.51 5.82 6.38 7.76 7.83 2.26 3.59 0.00 8.75 0.00 5.20 0.00 4.03 0.00 0.00 5.80 2.55 3.78 4.66 5.20 3.64 15181429