5.02 3.61 0.00 0.00 4.13 4.28 0.00 3.80 3.06 2.99 3.98 4.13 0.00 6.96 8.43 0.00 0.00 3.47 5.96 8.97 3.82 4.61 0.00 5.13 0.00 2.10 2.91 5.39 4.73 4.80 6.98 5.59 4573792
5.04 3.59 0.00 0.00 4.13 4.27 0.00 3.81 3.05 2.99 3.99 4.21 0.00 6.97 8.41 0.00 0.00 3.43 5.90 8.97 3.82 4.58 0.00 5.12 0.00 2.10 2.91 5.38 4.86 4.79 6.98 5.43 4586882
5.04 3.61 0.00 0.00 4.14 4.28 0.00 3.81 3.06 2.99 4.00 4.15 0.00 6.96 8.42 0.00 0.00 3.43 5.88 8.97 3.82 4.59 0.00 5.12 0.00 2.09 2.92 5.39 4.72 5.18 6.98 5.41 4599972
5.05 3.61 0.00 0.00 4.14 4.28 0.00 3.80 3.06 2.99 4.00 4.14 0.00 6.97 8.42 0.00 0.00 3.42 5.87 8.96 3.82 4.59 0.00 5.11 0.00 2.08 2.90 5.39 4.72 5.17 6.99 5.41 4613062
5.05 3.60 0.00 0.00 4.13 4.27 0.00 3.80 3.05 2.99 3.99 4.14 0.00 6.98 8.41 0.00 0.00 3.41 5.94 8.96 3.83 4.58 0.00 5.11 0.00 2.08 2.92 5.39 4.68 5.16 6.98 5.41 4626152
5.05 3.61 0.00 0.00 4.13 4.27 0.00 3.80 3.05 2.98 3.99 4.14 0.00 6.97 8.41 0.00 0.00 3.38 5.92 8.96 3.82 4.58 0.00 5.10 0.00 2.08 2.91 5.41 4.73 5.16 6.98 5.41 4639242
0.00 3.60 0.00 0.00 4.13 4.27 0.00 3.79 3.06 3.00 4.00 0.00 0.00 6.97 8.41 0.00 3.06 3.27 5.89 8.96 3.82 4.59 0.00 5.15 0.00 2.08 2.92 5.40 4.73 5.18 6.98 5.41 4652332
0.00 3.59 0.00 0.00 4.13 4.28 0.00 3.78 3.05 2.99 3.99 0.00 0.00 6.97 8.41 0.00 0.00 3.35 5.92 8.95 3.83 4.58 0.00 5.39 0.00 2.08 2.91 0.00 4.64 5.32 6.97 5.42 4665422
0.00 3.60 0.00 0.00 4.13 4.27 0.00 3.79 3.06 2.99 3.98 4.13 0.00 6.97 8.41 0.00 0.00 3.34 6.87 8.95 3.82 4.58 0.00 5.40 0.00 2.07 2.92 0.00 4.64 5.32 6.97 5.42 4678512
0.00 3.60 0.00 0.00 4.14 4.28 0.00 3.77 3.05 2.99 3.98 0.00 0.00 6.99 8.41 0.00 0.00 3.36 6.45 8.96 3.82 4.57 0.00 5.45 0.00 2.08 2.92 0.00 4.69 5.14 6.94 5.75 4691602
5.75 3.61 0.00 0.00 4.13 4.34 0.00 3.78 3.04 3.00 3.99 4.13 0.00 6.97 8.41 0.00 0.00 3.24 6.49 8.96 3.83 4.63 0.00 5.45 0.00 2.08 2.93 0.00 4.70 4.72 6.96 0.00 4704692
5.00 3.61 0.00 0.00 4.13 4.27 0.00 3.78 3.04 3.02 3.97 0.00 0.00 6.97 8.42 0.00 0.00 3.36 6.46 8.98 3.83 0.00 0.00 5.08 0.00 2.09 2.91 5.41 4.71 4.72 6.97 5.60 4717782
5.00 3.61 0.00 0.00 4.12 4.27 0.00 3.80 3.03 2.99 3.98 0.00 0.00 6.96 8.40 0.00 0.00 3.37 6.22 9.04 3.83 4.50 0.00 5.10 0.00 2.08 2.92 0.00 4.70 5.24 6.97 5.59 4730872
5.00 3.62 0.00 0.00 4.13 4.28 0.00 3.81 3.03 3.19 3.99 0.00 0.00 6.96 8.40 0.00 0.00 3.38 5.99 9.06 3.84 4.66 0.00 0.00 0.00 2.09 2.92 0.00 4.68 4.90 6.98 5.55 4743962
5.01 3.62 0.00 0.00 4.13 4.27 0.00 3.81 3.03 2.99 3.99 0.00 0.00 6.96 8.41 0.00 0.00 3.39 6.22 9.04 3.83 0.00 0.00 0.00 0.00 2.08 2.91 6.00 4.67 4.89 6.97 5.54 4757052
5.01 3.61 0.00 0.00 4.11 4.32 0.00 3.82 3.04 2.97 3.98 0.00 0.00 6.99 8.40 0.00 0.00 3.38 6.14 9.05 3.83 0.00 0.00 5.09 0.00 2.08 2.90 5.98 4.65 4.84 6.97 5.53 4770142
5.01 3.61 0.00 0.00 4.12 4.32 0.00 3.83 3.05 2.97 3.99 0.00 0.00 6.95 8.41 0.00 0.00 3.40 6.19 8.99 3.89 4.58 0.00 5.07 0.00 2.08 2.92 6.00 4.66 5.57 6.97 5.56 4783232
5.02 3.62 0.00 0.00 4.12 4.32 0.00 3.83 3.03 2.98 4.00 0.00 0.00 6.95 8.40 0.00 0.00 3.41 6.22 9.00 3.83 4.62 0.00 5.08 0.00 2.07 2.92 5.98 4.65 5.18 6.98 5.54 4796322
5.00 3.62 0.00 0.00 4.12 4.32 0.00 4.10 3.02 2.98 4.00 0.00 0.00 6.95 8.40 0.00 0.00 3.42 6.09 9.02 3.85 4.63 0.00 5.13 0.00 2.07 2.92 5.95 4.64 5.16 6.97 5.52 4809412
5.01 3.62 0.00 0.00 4.13 4.32 0.00 3.95 3.02 2.98 4.00 0.00 0.00 6.94 8.40 0.00 0.00 3.41 6.18 8.99 3.83 0.00 0.00 5.10 0.00 2.08 2.92 5.92 4.64 5.16 6.97 5.51 4822502
5.01 3.61 0.00 0.00 4.12 4.33 0.00 0.00 3.02 2.98 4.00 4.12 0.00 6.95 8.40 0.00 0.00 3.39 6.17 8.98 3.83 0.00 0.00 5.09 0.00 2.08 2.91 5.96 4.65 5.15 6.96 5.51 4835592
4.99 3.61 0.00 0.00 4.13 4.31 0.00 0.00 3.03 2.97 4.00 4.14 0.00 6.95 8.40 0.00 0.00 3.36 6.02 8.98 3.83 4.63 0.00 0.00 0.00 2.08 2.93 5.93 4.65 5.15 6.96 5.42 4848682
5.00 3.61 0.00 0.00 4.13 4.33 0.00 0.00 3.03 2.98 4.00 4.14 0.00 6.94 8.40 0.00 0.00 3.36 5.99 8.97 3.82 0.00 0.00 0.00 0.00 2.08 2.92 5.89 4.63 5.16 6.96 5.54 4861772
5.01 3.60 0.00 0.00 4.12 4.32 0.00 0.00 3.03 2.98 4.00 4.14 0.00 6.93 8.40 0.00 0.00 3.35 5.94 8.97 3.83 0.00 0.00 0.00 0.00 2.08 2.93 5.89 4.64 4.90 6.96 5.52 4874862
5.00 3.60 0.00 0.00 4.13 4.32 0.00 0.00 3.03 2.97 4.00 4.13 0.00 6.95 8.40 0.00 0.00 3.37 5.96 8.97 3.84 0.00 0.00 0.00 0.00 2.09 2.93 5.91 4.62 4.82 6.95 5.54 4887952
5.00 3.60 0.00 0.00 4.13 4.31 0.00 0.00 3.04 2.96 4.00 4.13 0.00 6.96 8.41 0.00 0.00 3.37 5.95 8.95 3.85 4.57 0.00 0.00 0.00 2.08 2.93 5.86 4.63 4.81 6.96 5.55 4901042
5.01 3.61 0.00 0.00 4.12 4.31 0.00 0.00 3.03 2.97 3.99 4.14 0.00 6.95 8.41 0.00 0.00 3.35 5.92 8.96 3.84 4.59 0.00 0.00 0.00 2.08 2.99 5.85 4.63 4.84 6.96 5.56 4914132
5.00 3.60 0.00 0.00 4.13 4.31 0.00 0.00 3.03 2.98 3.98 4.13 0.00 7.01 8.40 0.00 2.02 3.37 5.98 8.97 3.83 4.61 0.00 0.00 0.00 2.08 3.01 5.84 4.64 4.81 6.96 5.55 4927222
5.01 3.60 0.00 0.00 4.14 4.32 0.00 0.00 3.04 2.99 4.00 4.12 0.00 7.03 8.39 0.00 2.02 3.37 6.10 8.97 3.83 4.62 0.00 0.00 0.00 2.07 2.99 5.84 4.63 4.84 6.96 5.54 4940312
5.00 3.60 0.00 0.00 4.12 4.31 0.00 0.00 3.04 3.00 3.99 4.13 0.00 6.97 8.40 0.00 2.02 3.37 6.13 8.96 3.82 4.57 0.00 0.00 0.00 2.08 3.01 5.84 4.63 4.85 6.96 5.54 4953402
5.00 3.60 0.00 0.00 4.13 4.31 0.00 0.00 3.04 2.98 3.99 4.13 0.00 7.11 8.39 0.00 2.03 3.37 6.11 8.97 3.82 4.60 0.00 0.00 0.00 2.07 3.01 5.84 4.63 4.85 6.97 5.54 4966492
5.01 3.61 0.00 0.00 4.12 4.31 0.00 0.00 3.04 2.99 3.98 4.10 0.00 6.98 8.40 0.00 2.02 3.37 6.12 8.97 3.82 4.62 0.00 5.24 0.00 2.07 3.03 5.83 4.63 4.86 6.97 5.54 4979582
5.00 3.61 0.00 0.00 4.13 4.33 0.00 0.00 3.05 2.98 3.98 4.11 0.00 6.95 8.39 0.00 2.01 3.37 6.00 8.96 3.82 4.57 0.00 5.22 0.00 2.09 3.03 5.83 4.63 4.84 6.96 5.54 4992672
5.02 3.60 0.00 0.00 4.12 4.32 0.00 0.00 3.04 2.99 3.99 4.13 0.00 6.95 8.39 0.00 2.01 3.37 6.01 8.98 3.82 4.59 0.00 5.22 0.00 2.07 3.04 5.82 4.64 4.82 6.97 5.53 5005762
5.02 3.61 0.00 0.00 4.13 4.31 0.00 0.00 3.04 2.98 3.99 4.11 0.00 6.97 8.40 0.00 2.02 3.38 6.00 8.98 3.82 4.59 0.00 0.00 0.00 2.06 3.04 5.81 4.64 4.82 6.96 5.53 5018852
5.03 3.61 0.00 0.00 4.13 4.33 0.00 0.00 3.04 2.98 3.98 4.12 0.00 6.98 8.39 0.00 2.04 3.40 6.15 8.98 3.82 0.00 0.00 5.22 0.00 2.07 3.02 5.79 4.62 4.81 6.98 5.55 5031942
5.04 3.60 0.00 0.00 4.13 4.28 0.00 0.00 3.04 3.00 3.97 0.00 0.00 7.12 8.40 0.00 2.03 3.42 6.19 8.98 3.82 0.00 0.00 0.00 0.00 2.07 3.03 5.79 4.63 4.81 6.99 5.54 5045032
5.02 3.60 0.00 0.00 4.14 4.39 0.00 0.00 3.05 2.99 4.05 4.11 0.00 6.97 8.39 0.00 2.01 3.42 6.06 8.98 3.81 4.63 0.00 5.22 0.00 2.07 3.04 5.82 4.58 5.01 7.17 5.55 5058122
5.02 3.60 0.00 0.00 4.14 4.32 0.00 4.57 3.04 2.97 4.05 4.12 0.00 6.98 8.39 0.00 2.02 3.39 6.21 8.96 3.80 0.00 0.00 5.19 0.00 2.07 3.05 5.41 4.59 4.90 6.97 5.55 5071212
5.00 3.61 0.00 0.00 4.13 4.25 0.00 0.00 3.03 2.99 3.95 4.09 0.00 6.96 8.39 0.00 0.00 3.36 6.27 9.00 4.12 0.00 0.00 5.22 0.00 2.08 3.05 5.78 4.63 0.00 6.96 0.00 5084302
5.01 3.61 0.00 0.00 4.14 4.29 0.00 4.20 3.05 2.99 4.05 4.91 0.00 6.94 8.39 0.00 0.00 3.36 6.20 8.95 3.80 0.00 0.00 5.20 0.00 2.07 3.04 5.84 4.74 5.41 6.95 0.00 5097392
5.01 3.60 0.00 0.00 4.12 4.27 0.00 4.52 3.04 2.98 3.99 4.81 0.00 6.95 8.39 0.00 2.02 3.37 6.20 8.92 3.81 0.00 0.00 5.24 0.00 2.08 3.04 5.85 4.91 4.83 6.97 0.00 5110482
0.00 3.61 0.00 0.00 4.13 4.33 0.00 3.87 3.02 2.99 3.92 4.85 0.00 6.96 8.39 0.00 2.01 3.34 6.18 8.98 3.82 4.65 0.00 5.22 0.00 2.08 3.04 5.83 5.03 4.77 6.95 5.54 5123572
5.01 3.61 0.00 0.00 4.14 4.24 0.00 3.86 3.02 2.95 3.92 4.84 0.00 6.97 8.38 0.00 2.02 3.30 5.98 8.95 3.83 4.59 0.00 5.21 0.00 2.07 3.03 5.83 4.56 5.08 7.09 5.54 5136662
5.04 3.60 0.00 0.00 4.21 4.24 0.00 3.80 3.04 3.03 3.96 4.84 0.00 6.98 8.38 0.00 2.02 3.51 6.06 8.97 3.83 4.53 0.00 5.20 0.00 2.07 3.03 5.81 4.52 4.76 7.10 5.57 5149752
5.01 3.60 0.00 0.00 4.15 4.32 0.00 3.78 3.07 2.96 3.97 0.00 0.00 7.10 8.40 0.00 2.01 3.46 6.00 9.04 3.93 4.52 0.00 5.06 0.00 2.07 3.03 5.86 4.58 4.98 7.07 5.69 5162842
5.02 3.59 0.00 0.00 4.15 4.25 0.00 3.80 3.04 3.00 4.07 4.11 0.00 6.93 8.40 0.00 2.01 3.59 6.61 9.03 3.81 4.61 0.00 5.11 0.00 2.73 3.05 5.87 4.54 5.04 6.93 5.56 5175932
5.73 3.60 0.00 0.00 4.15 4.26 0.00 3.72 3.02 2.93 3.99 4.11 0.00 6.96 8.40 0.00 2.44 3.47 5.99 8.97 3.84 4.50 0.00 0.00 0.00 0.00 3.04 5.30 4.58 4.80 6.95 5.69 5189022
5.68 3.59 0.00 0.00 4.13 4.31 0.00 3.77 3.00 2.91 3.96 4.11 0.00 7.19 8.39 0.00 2.51 3.41 6.05 9.08 3.87 4.55 0.00 5.40 0.00 2.72 2.89 5.29 4.54 4.98 6.97 5.56 5202112
5.04 3.61 0.00 0.00 4.15 4.24 0.00 3.99 3.04 2.91 3.97 4.16 0.00 7.06 8.40 0.00 2.54 3.55 6.21 9.58 3.86 4.52 0.00 0.00 0.00 2.04 3.02 5.75 4.46 5.13 7.16 5.68 5215202
5.02 3.60 0.00 0.00 4.15 4.30 0.00 3.79 3.07 2.94 3.94 4.70 0.00 6.99 8.40 0.00 2.46 3.51 6.54 9.07 3.78 4.62 0.00 5.40 0.00 2.04 2.97 5.31 4.43 4.93 6.98 5.64 5228292
5.02 3.61 0.00 0.00 4.13 4.23 0.00 3.87 3.05 2.92 4.03 4.17 0.00 7.04 8.41 0.00 2.45 3.32 6.21 9.03 3.92 0.00 0.00 5.33 0.00 2.04 2.90 5.31 4.46 4.94 7.08 5.85 5241382
5.03 3.61 0.00 0.00 4.13 4.22 0.00 4.00 3.06 2.91 3.96 4.17 0.00 7.04 8.40 0.00 2.55 3.38 6.27 9.00 3.82 0.00 0.00 5.19 0.00 2.05 3.02 5.28 4.45 5.04 6.98 5.55 5254472
5.02 3.59 0.00 0.00 4.16 4.22 0.00 3.92 3.10 2.92 3.96 4.20 0.00 6.98 8.39 0.00 2.35 3.35 6.30 9.05 3.83 5.20 0.00 5.17 0.00 2.05 3.02 5.27 4.50 4.92 7.02 5.58 5267562
5.07 3.61 0.00 0.00 4.97 4.27 0.00 3.67 3.03 2.90 3.97 4.11 0.00 6.99 8.42 0.00 2.39 3.35 6.58 9.47 3.82 4.48 0.00 5.16 0.00 2.05 3.02 5.27 4.55 5.11 7.00 5.64 5280652
5.02 3.61 0.00 0.00 4.12 4.22 0.00 4.08 3.05 2.91 4.00 4.20 0.00 7.24 8.40 0.00 2.46 3.26 5.89 0.00 3.80 4.59 0.00 5.11 0.00 2.04 3.03 5.30 4.34 5.00 6.96 5.59 5293742
0.00 3.59 0.00 0.00 4.14 4.29 4.39 3.66 3.03 2.89 4.01 4.17 0.00 6.96 8.40 0.00 2.45 3.27 6.12 9.08 3.80 0.00 0.00 5.14 0.00 2.04 3.17 5.61 4.42 4.89 6.95 5.61 5306832
5.03 3.61 0.00 0.00 4.16 4.19 0.00 3.71 3.26 2.92 4.06 4.18 0.00 7.05 8.39 0.00 2.14 3.25 6.10 9.04 3.81 4.68 0.00 5.17 0.00 2.04 3.35 6.05 4.41 4.86 6.94 5.66 5319922
0.00 3.59 0.00 0.00 4.17 4.22 0.00 3.59 4.05 2.88 3.94 4.21 0.00 7.05 8.39 0.00 2.05 3.28 5.95 9.03 3.81 0.00 0.00 5.16 0.00 2.03 3.35 6.02 4.47 4.99 6.94 5.61 5333012
0.00 3.60 0.00 0.00 4.13 4.21 0.00 3.62 3.02 2.88 4.02 4.20 0.00 7.05 8.39 0.00 2.27 3.31 0.00 9.04 3.81 0.00 0.00 0.00 0.00 2.03 3.16 6.07 4.40 4.65 6.91 5.64 5346102
0.00 3.60 0.00 0.00 4.13 4.30 0.00 3.62 3.01 2.89 3.97 4.27 0.00 6.96 8.39 0.00 2.26 3.34 6.47 9.01 3.84 4.73 0.00 0.00 0.00 2.04 3.26 6.08 4.38 4.72 6.94 5.63 5359192
5.75 3.60 0.00 0.00 4.29 4.26 0.00 3.44 3.10 3.05 3.96 4.13 0.00 7.04 8.39 0.00 2.28 3.34 6.37 8.96 3.82 4.55 0.00 5.46 0.00 2.19 3.32 6.05 4.33 4.63 6.93 5.52 5372282
5.76 3.61 0.00 0.00 4.12 4.17 0.00 3.57 3.02 2.90 3.95 4.12 0.00 6.96 8.39 0.00 2.21 3.42 6.21 8.99 3.82 0.00 0.00 0.00 0.00 2.06 3.35 5.58 4.42 4.94 6.97 5.56 5385372
5.50 3.59 0.00 0.00 4.16 4.19 0.00 3.58 3.23 2.88 3.96 4.12 0.00 7.00 8.38 0.00 2.20 3.54 6.31 8.94 3.82 4.55 0.00 0.00 0.00 2.08 3.08 0.00 4.34 4.85 6.97 5.55 5398462
5.26 3.59 0.00 3.47 4.18 4.19 0.00 3.72 2.98 2.89 3.92 4.13 0.00 7.10 8.39 0.00 2.03 3.49 6.66 8.95 3.83 0.00 0.00 5.17 0.00 2.04 3.09 5.33 4.34 4.78 7.03 0.00 5411552
5.26 3.60 0.00 3.49 4.14 4.16 0.00 3.70 2.99 2.90 3.99 4.14 0.00 7.02 8.37 0.00 2.04 3.50 6.16 9.01 3.81 4.54 0.00 5.12 0.00 2.05 3.06 5.28 4.23 4.94 7.08 5.57 5424642
5.14 3.59 0.00 0.00 4.08 4.17 0.00 3.64 3.02 2.86 4.03 4.15 0.00 7.02 8.38 0.00 2.05 3.39 5.97 8.95 3.80 0.00 0.00 5.08 0.00 2.07 3.06 5.58 4.32 4.87 7.71 5.76 5437732
5.22 3.60 0.00 3.09 4.17 4.23 0.00 3.53 3.03 2.95 3.91 4.17 0.00 7.02 8.39 0.00 2.05 3.34 6.43 8.95 3.81 0.00 0.00 5.10 0.00 0.00 3.11 5.23 4.50 4.65 7.06 5.38 5450822
5.05 3.61 0.00 0.00 4.12 4.20 0.00 3.69 3.04 2.88 3.99 4.21 0.00 7.04 8.40 0.00 2.06 3.31 6.04 8.97 3.81 0.00 0.00 5.10 0.00 2.04 3.15 0.00 4.49 4.78 7.05 5.49 5463912
5.09 3.60 0.00 0.00 4.50 4.21 0.00 3.48 3.06 2.93 4.06 4.19 0.00 7.06 8.40 0.00 2.03 3.30 5.90 8.95 3.83 0.00 0.00 5.19 0.00 0.00 3.31 5.18 4.54 5.35 7.03 5.71 5477002
5.15 3.59 0.00 0.00 4.09 4.25 0.00 3.51 3.00 2.91 3.95 4.20 0.00 6.99 8.39 0.00 2.03 3.38 5.95 8.94 3.83 4.70 0.00 5.20 0.00 2.12 3.24 5.17 4.36 4.87 7.00 5.32 5490092
5.12 3.60 0.00 0.00 4.09 4.18 3.62 0.00 3.07 2.93 4.00 4.24 0.00 6.96 8.39 0.00 2.05 3.31 6.40 8.96 4.13 0.00 0.00 5.18 0.00 0.00 3.16 5.17 4.34 4.47 7.00 5.68 5503182
5.16 3.61 0.00 0.00 4.84 4.18 3.62 3.37 3.02 2.87 3.93 4.15 0.00 7.02 8.40 0.00 2.03 3.56 6.24 8.90 3.79 0.00 0.00 5.18 0.00 2.05 3.13 5.16 4.38 4.96 6.95 5.88 5516272
5.13 3.59 0.00 0.00 4.40 4.27 0.00 3.66 3.00 2.91 3.93 4.15 0.00 7.06 8.39 0.00 2.03 3.56 6.54 8.93 3.95 0.00 0.00 5.21 0.00 0.00 3.03 5.25 4.21 4.84 6.97 5.29 5529362
5.41 3.60 0.00 0.00 4.37 4.18 3.61 3.45 3.07 3.01 3.98 4.16 0.00 7.15 8.39 0.00 2.03 3.36 6.54 8.90 3.88 0.00 0.00 5.44 0.00 0.00 3.03 5.20 4.23 4.49 7.16 5.24 5542452
5.18 3.60 0.00 0.00 4.18 4.20 0.00 3.59 3.12 2.90 3.94 4.31 0.00 7.03 8.39 0.00 2.03 3.36 5.95 8.92 3.89 0.00 0.00 5.18 0.00 0.00 3.03 5.16 4.23 4.70 6.95 5.26 5555542
5.17 3.61 0.00 0.00 4.11 4.17 3.63 3.49 3.02 2.90 3.89 4.19 0.00 7.03 8.39 0.00 2.03 3.53 6.17 8.88 3.89 0.00 0.00 5.16 0.00 0.00 2.85 5.16 4.48 5.17 7.08 5.25 5568632
5.10 3.60 0.00 0.00 4.33 4.16 3.65 3.46 3.61 2.92 3.91 4.16 0.00 6.96 8.39 0.00 2.02 3.49 6.35 8.89 3.88 4.49 0.00 5.16 0.00 2.03 2.83 5.23 4.25 4.52 6.98 0.00 5581722
5.77 3.60 0.00 0.00 4.10 4.17 0.00 3.72 2.99 2.94 3.94 0.00 0.00 6.98 8.39 0.00 2.01 3.29 6.32 8.90 3.84 4.85 0.00 5.03 0.00 2.01 2.84 5.46 4.23 4.59 6.94 5.67 5594812
0.00 3.61 0.00 0.00 4.12 4.24 0.00 3.53 3.14 2.88 3.90 0.00 0.00 7.04 8.39 0.00 2.03 3.26 6.26 8.90 4.58 4.51 0.00 5.07 0.00 0.00 2.83 5.37 4.16 4.68 6.93 5.58 5607902
5.45 3.61 0.00 0.00 0.00 4.27 3.66 3.86 3.15 2.99 3.89 4.18 0.00 6.98 8.39 0.00 2.04 3.37 5.93 8.90 3.82 0.00 0.00 5.02 0.00 0.00 2.83 5.24 4.11 4.56 6.94 0.00 5620992
5.22 3.62 0.00 0.00 4.13 4.18 0.00 3.42 2.98 2.85 3.94 4.18 0.00 7.00 8.39 0.00 2.39 3.39 6.18 8.91 3.82 4.47 0.00 5.25 0.00 0.00 3.10 5.24 4.57 4.54 6.93 5.69 5634082
5.13 3.60 0.00 0.00 4.83 4.18 3.67 3.79 3.05 2.90 3.93 4.28 0.00 7.16 8.39 0.00 2.49 3.41 5.90 8.92 3.83 5.20 0.00 5.17 0.00 2.01 2.92 5.16 4.00 4.42 6.94 5.38 5647172
5.05 3.60 0.00 0.00 4.73 4.20 0.00 3.88 3.07 2.88 4.00 4.26 0.00 7.03 8.39 0.00 2.02 3.55 6.15 8.94 3.83 4.55 0.00 5.16 0.00 0.00 2.91 5.15 4.17 4.50 6.95 5.36 5660262
5.03 3.61 0.00 0.00 4.17 4.17 0.00 3.73 3.02 2.92 4.05 4.20 0.00 7.10 8.40 0.00 2.01 3.31 5.97 8.94 3.82 4.54 0.00 0.00 0.00 0.00 2.92 5.35 4.07 4.59 6.93 5.40 5673352
5.04 3.61 0.00 0.00 4.15 4.16 0.00 3.50 3.03 2.94 4.08 4.22 0.00 7.12 8.40 0.00 2.02 3.60 6.35 9.57 3.82 4.65 0.00 0.00 0.00 0.00 3.26 5.09 4.29 4.61 0.00 5.23 5686442
5.04 3.59 0.00 3.26 4.18 4.19 0.00 3.62 3.04 2.89 4.04 4.23 0.00 7.05 8.40 0.00 2.02 3.37 6.70 8.97 3.83 0.00 0.00 0.00 0.00 0.00 2.90 5.09 4.21 4.51 7.05 5.62 5699532
5.05 3.61 0.00 0.00 4.15 4.18 0.00 3.59 3.09 2.93 3.96 4.14 0.00 6.99 8.39 0.00 2.03 3.42 6.00 9.09 3.83 0.00 0.00 0.00 0.00 0.00 2.90 5.39 4.25 4.60 7.09 5.65 5712622
5.05 3.61 0.00 0.00 4.15 4.23 3.63 3.52 3.08 2.89 4.03 4.13 0.00 7.01 8.38 0.00 2.01 3.34 6.24 8.94 3.85 0.00 0.00 5.17 0.00 0.00 2.92 5.13 4.16 4.72 0.00 5.52 5725712
5.05 3.61 0.00 3.56 4.19 4.19 0.00 3.43 3.06 2.90 4.01 4.15 0.00 6.98 8.39 0.00 2.02 3.33 5.87 8.91 3.86 0.00 0.00 5.15 0.00 0.00 3.01 5.20 4.13 4.64 6.95 5.27 5738802
5.04 3.60 0.00 0.00 4.12 4.35 0.00 3.81 3.07 2.93 4.01 4.24 0.00 7.05 8.39 0.00 2.02 3.34 6.14 8.94 3.86 4.52 0.00 5.13 0.00 0.00 2.99 5.15 4.12 4.56 6.96 5.47 5751892
5.03 3.60 0.00 0.00 4.15 4.20 0.00 3.53 3.06 2.90 4.01 4.26 0.00 6.99 8.38 0.00 2.02 3.49 6.07 8.95 3.84 0.00 0.00 5.15 0.00 0.00 3.10 5.03 4.28 4.57 6.97 5.24 5764982
5.04 3.61 0.00 0.00 4.10 4.33 0.00 3.43 3.08 2.89 3.97 0.00 0.00 6.96 8.39 0.00 2.01 3.42 6.40 8.96 3.83 0.00 0.00 5.04 0.00 0.00 3.08 5.20 4.14 4.40 0.00 5.22 5778072
5.04 3.61 0.00 0.00 4.31 4.16 0.00 3.64 3.08 2.92 4.01 4.31 0.00 6.98 8.38 0.00 2.01 3.33 6.06 9.05 3.85 0.00 0.00 5.16 0.00 0.00 3.04 5.20 4.12 4.43 7.66 5.22 5791162
5.02 3.60 0.00 0.00 4.18 4.24 0.00 3.57 3.06 3.15 4.00 4.34 0.00 6.97 8.38 0.00 2.02 3.34 6.31 8.97 3.85 4.61 0.00 5.04 0.00 0.00 2.93 5.27 4.09 4.51 7.60 5.67 5804252
5.03 3.60 0.00 0.00 4.21 4.22 0.00 3.82 2.99 2.91 4.03 4.33 0.00 6.97 8.38 0.00 2.03 3.34 6.20 9.08 3.83 4.47 0.00 5.05 0.00 0.00 3.03 5.24 4.28 4.32 0.00 0.00 5817342
5.04 3.61 0.00 0.00 4.36 4.19 0.00 3.37 3.07 2.95 3.92 4.94 0.00 6.98 8.39 0.00 2.02 3.40 6.23 8.96 3.86 4.56 0.00 5.05 0.00 0.00 2.97 5.18 4.07 4.81 0.00 5.50 5830432
5.03 3.60 0.00 0.00 4.10 4.22 3.64 3.58 2.96 2.94 3.98 4.28 0.00 6.99 8.39 0.00 2.04 3.37 6.50 8.97 3.83 4.45 0.00 4.78 0.00 0.00 3.07 5.01 4.08 4.20 7.20 5.48 5843522
5.24 3.60 0.00 0.00 4.13 4.22 3.81 3.57 2.97 2.96 4.02 4.32 0.00 7.01 8.39 0.00 2.04 3.34 6.80 8.94 3.82 4.69 0.00 4.76 0.00 0.00 3.11 5.15 3.99 4.44 7.11 5.51 5856612
5.02 3.62 0.00 0.00 4.10 4.21 0.00 3.39 3.03 2.95 3.93 4.24 0.00 7.02 8.39 0.00 2.04 3.35 6.14 8.94 3.89 4.57 0.00 4.76 0.00 0.00 3.09 0.00 3.97 5.01 7.09 0.00 5869702
5.13 3.60 0.00 0.00 4.16 4.23 0.00 3.81 2.99 2.90 3.96 4.15 0.00 7.22 8.40 0.00 2.05 3.37 6.27 8.94 4.01 0.00 0.00 0.00 0.00 2.01 3.11 5.17 3.94 4.56 0.00 5.36 5882792
5.10 3.60 0.00 0.00 4.66 4.15 3.67 3.52 3.12 2.89 3.94 4.19 6.86 7.02 8.38 0.00 2.85 3.31 6.62 8.97 3.98 4.49 0.00 0.00 0.00 2.05 3.23 4.94 4.19 4.45 7.02 5.43 5895882
5.65 3.61 0.00 0.00 4.13 4.17 3.63 3.31 3.07 2.88 3.93 0.00 0.00 7.15 8.39 0.00 2.03 3.50 5.96 8.95 3.83 4.43 0.00 5.12 0.00 2.03 2.94 4.71 4.18 4.57 6.97 0.00 5908972
5.02 3.65 5.39 0.00 4.10 4.16 4.06 3.52 3.06 2.93 3.93 4.14 0.00 7.00 8.38 0.00 2.22 3.44 6.22 8.95 3.86 4.61 0.00 4.88 0.00 0.00 2.95 4.77 4.10 4.17 7.01 5.68 5922062
5.20 3.61 0.00 3.09 4.13 4.21 3.63 3.42 3.01 2.98 3.94 4.20 0.00 7.21 8.38 0.00 2.08 0.00 5.78 8.98 3.89 0.00 0.00 5.34 0.00 0.00 3.00 5.11 4.00 4.25 7.16 5.27 5935152
5.16 3.61 0.00 3.03 4.13 4.19 4.16 3.34 3.09 2.97 3.95 4.21 0.00 7.14 8.38 0.00 2.05 3.39 6.01 8.98 4.01 4.50 0.00 5.29 0.00 2.04 2.99 5.36 3.93 4.09 7.03 5.36 5948242
5.49 3.62 0.00 0.00 4.15 4.24 3.93 3.53 3.11 2.97 4.02 4.28 0.00 7.14 8.38 0.00 2.48 3.31 6.64 8.95 3.81 0.00 0.00 5.39 0.00 2.31 3.05 4.69 3.93 4.45 7.08 5.54 5961332
4.94 3.61 0.00 3.05 4.26 4.16 3.61 3.42 3.18 2.97 4.00 4.16 0.00 7.02 8.39 0.00 2.49 3.46 6.04 8.89 3.82 4.43 0.00 5.14 0.00 2.22 3.37 5.08 3.64 4.61 7.18 5.52 5974422
5.06 3.63 0.00 3.07 4.15 4.25 3.60 3.20 3.03 2.89 3.96 4.31 0.00 6.98 8.40 0.00 2.55 3.28 6.53 8.91 3.95 4.57 0.00 4.93 0.00 2.02 3.19 4.59 3.59 4.13 7.46 5.73 5987512
5.03 3.61 0.00 3.02 4.10 4.18 3.87 3.40 3.13 2.92 4.00 4.32 0.00 6.92 8.38 0.00 2.91 3.22 6.31 8.95 3.94 4.56 0.00 4.45 0.00 2.02 3.15 4.47 3.55 4.39 6.97 5.36 6000602
5.00 3.60 5.39 3.05 4.13 4.20 3.57 3.22 3.07 2.99 3.98 4.21 0.00 6.99 8.39 0.00 2.67 3.16 6.51 8.98 4.28 4.66 0.00 0.00 0.00 0.00 2.94 4.28 3.53 4.06 6.98 5.63 6013692
5.43 3.61 0.00 3.04 4.26 4.34 3.36 3.24 2.95 2.93 3.98 4.17 0.00 6.99 8.39 0.00 2.29 3.28 6.44 8.96 3.96 4.48 0.00 5.59 0.00 2.28 3.00 0.00 3.30 4.01 6.95 5.22 6026782
5.23 3.64 0.00 3.05 4.14 4.21 3.65 3.14 2.97 2.89 3.95 4.21 0.00 7.03 8.40 0.00 2.49 3.22 6.51 8.94 3.70 5.03 0.00 5.27 0.00 0.00 2.97 4.68 3.50 3.78 6.96 5.29 6039872
5.12 3.63 0.00 2.99 4.13 4.28 3.41 3.09 2.93 2.89 3.98 4.35 0.00 7.15 8.38 0.00 2.02 3.39 6.01 9.18 4.02 4.51 0.00 4.91 0.00 0.00 3.17 4.23 3.67 4.10 6.98 5.88 6052962
4.96 3.63 0.00 3.06 4.13 4.26 3.32 3.04 2.93 2.87 4.03 4.20 6.87 6.99 8.38 0.00 2.06 3.58 6.12 8.99 3.98 0.00 0.00 5.13 0.00 0.00 2.98 3.92 3.27 3.90 7.27 5.63 6066052
4.97 3.61 0.00 3.03 4.17 4.29 3.30 3.10 2.88 2.98 4.02 4.20 0.00 6.99 8.40 0.00 2.04 3.38 5.85 9.55 4.09 4.49 0.00 4.62 0.00 2.06 3.52 3.52 3.19 3.77 7.00 5.26 6079142
5.03 3.60 0.00 3.06 4.35 4.37 3.91 3.34 2.86 2.96 3.98 4.29 6.01 6.87 8.39 0.00 3.10 3.37 6.01 8.97 3.98 4.85 0.00 4.32 0.00 2.01 2.87 3.36 3.29 3.82 6.88 5.15 6092232
0.00 3.57 0.00 3.33 4.39 4.40 3.08 3.45 2.51 2.75 4.00 4.21 0.00 6.89 8.39 0.00 2.03 3.54 6.10 9.07 3.12 4.90 6.55 5.02 0.00 2.05 2.92 3.37 3.31 3.96 5.20 4.93 6105322
5.08 3.65 0.00 3.02 4.27 4.40 2.62 3.50 2.69 2.99 4.12 4.30 0.00 4.58 8.39 0.00 2.09 3.29 6.00 8.92 4.11 4.57 0.00 4.30 0.00 2.15 3.02 3.16 3.36 4.00 6.74 4.96 6118412
5.20 3.58 5.38 3.36 4.67 4.44 3.25 3.60 2.79 2.60 4.16 4.24 6.39 6.10 8.39 0.00 2.15 3.26 5.17 8.92 4.10 0.00 3.27 2.83 0.00 0.00 3.02 3.09 3.49 3.85 6.75 5.06 6131502
5.05 3.57 5.32 2.96 4.41 4.35 2.54 3.51 2.81 2.86 4.09 4.46 6.29 4.76 8.39 7.92 2.58 3.66 5.24 8.91 4.03 4.88 9.96 4.96 0.00 2.10 3.00 2.76 3.35 3.96 6.18 4.57 6144592
5.12 3.61 5.83 3.08 4.38 4.38 2.93 3.54 2.90 2.42 4.13 4.30 3.40 4.28 8.38 4.38 2.03 3.20 4.70 8.85 3.95 4.84 3.56 4.93 0.00 2.57 3.12 3.11 3.42 3.94 5.53 0.00 6157682
5.28 3.62 0.00 2.99 4.52 4.48 3.31 3.64 2.81 2.50 4.21 4.37 5.94 5.24 8.57 4.19 2.56 2.68 4.50 9.02 4.19 4.78 3.26 4.66 0.00 2.11 3.26 2.75 3.51 4.02 5.53 4.32 6170772
5.00 3.48 5.31 2.78 4.56 4.66 3.26 3.92 2.72 2.51 4.21 4.34 0.00 4.24 8.34 0.00 2.26 3.33 5.79 9.02 3.20 5.14 6.45 4.06 0.00 2.02 3.16 2.79 3.13 4.02 5.08 4.43 6183862
5.15 3.59 0.00 2.84 4.79 4.37 2.90 3.90 2.80 2.60 4.35 4.44 6.28 4.71 7.64 4.23 2.10 3.15 6.04 8.98 3.73 5.15 2.63 2.39 0.00 2.03 3.49 2.77 3.49 4.21 4.06 4.53 6196952
5.37 3.57 5.21 3.13 4.87 4.78 3.34 4.08 2.65 2.62 2.60 4.37 2.79 4.58 8.22 4.46 2.06 3.47 6.23 8.87 4.35 5.23 3.13 2.98 0.00 2.04 3.44 2.76 3.34 3.79 4.88 4.56 6210042
5.46 3.61 5.24 2.56 4.76 4.56 3.35 3.68 2.80 2.85 4.39 4.66 4.59 3.00 6.53 4.00 2.19 2.80 5.33 8.81 3.67 5.27 3.84 2.86 0.00 2.10 3.41 2.81 3.33 3.47 3.21 4.59 6223132
5.05 3.28 5.38 2.63 4.89 4.65 3.72 4.18 2.62 2.64 3.75 4.69 5.40 3.73 7.56 5.27 2.08 3.25 2.26 6.19 4.51 5.31 3.36 3.66 0.00 2.08 3.01 3.05 3.67 4.37 3.22 4.30 6236222
5.23 3.42 5.27 2.74 4.88 4.74 3.57 4.27 2.59 2.65 4.47 4.75 2.17 3.55 0.00 3.23 2.37 2.17 4.52 8.84 4.44 5.31 3.49 4.45 0.00 2.01 2.99 2.83 3.39 3.61 2.99 4.75 6249312
5.07 3.02 5.29 2.89 4.85 4.89 3.69 4.23 2.69 2.37 4.53 4.83 4.04 3.38 7.84 8.09 2.38 2.58 3.35 8.94 3.92 0.00 3.77 3.51 0.00 2.28 3.37 2.98 3.96 3.29 3.74 4.88 6262402
5.16 3.38 5.18 2.66 4.95 4.78 2.37 4.29 2.92 2.46 4.58 5.05 5.37 3.92 2.22 2.25 2.60 3.01 3.33 8.87 3.50 5.57 4.43 4.48 0.00 0.00 2.61 2.97 2.95 2.83 2.27 3.21 6275492
5.15 3.25 5.27 2.80 4.93 5.02 3.34 4.28 2.84 2.74 4.72 5.22 5.89 3.05 3.49 7.81 2.89 2.52 3.24 8.95 3.00 5.73 2.47 3.19 0.00 2.12 3.06 3.16 3.57 2.94 3.16 5.18 6288582
5.13 2.48 5.18 2.64 4.61 4.08 2.79 3.93 2.83 2.97 3.90 5.16 4.38 3.19 4.82 0.00 2.05 3.21 6.48 0.00 4.85 5.62 3.49 3.25 0.00 2.03 3.24 2.94 4.21 3.16 2.68 5.38 6301672
5.20 3.42 5.22 2.59 4.96 4.75 3.56 4.17 2.59 3.03 2.91 5.25 4.42 3.67 6.53 6.29 2.20 3.23 3.10 9.00 2.29 5.62 3.64 3.12 0.00 2.04 3.20 2.48 3.67 2.50 2.30 5.45 6314762
5.16 3.56 5.55 2.61 5.13 4.93 3.24 3.73 2.78 2.72 4.50 5.23 3.95 2.29 3.62 6.50 2.40 3.07 4.79 3.10 2.96 5.89 2.73 2.54 0.00 2.23 3.80 2.82 3.49 3.22 2.52 4.90 6327852
5.72 3.61 4.97 2.66 5.08 4.78 3.46 4.32 2.78 2.32 4.76 5.30 4.37 3.50 6.09 6.77 2.10 3.37 3.56 8.83 5.07 5.90 2.16 3.62 0.00 2.22 3.18 2.71 2.43 3.51 3.78 2.60 6340942
5.46 3.48 4.90 2.03 5.22 3.50 3.45 4.30 2.76 3.21 4.82 5.36 3.58 3.95 6.92 7.52 2.15 3.26 4.79 7.58 4.15 5.85 3.98 3.69 0.00 2.81 3.08 2.85 4.03 3.55 2.90 5.13 6354032
5.25 2.87 5.40 2.76 5.22 5.30 3.46 4.42 2.45 3.01 5.01 5.40 3.95 4.90 6.90 7.23 2.05 3.29 5.43 8.72 5.07 0.00 2.62 2.37 0.00 2.18 2.93 2.86 3.29 4.56 3.56 5.42 6367122
5.36 3.53 5.59 2.96 4.98 4.02 3.22 4.19 2.87 3.22 5.09 5.33 4.00 4.76 6.99 7.23 2.06 3.26 6.08 8.74 4.80 5.83 3.25 4.63 0.00 2.33 3.61 2.76 2.35 4.56 4.55 6.25 6380212
5.16 3.52 5.24 2.67 5.31 5.25 3.53 3.62 2.87 2.47 4.88 5.44 4.38 4.27 6.56 6.58 2.10 3.29 4.90 8.77 5.13 0.00 2.78 4.18 0.00 2.45 3.75 2.76 3.41 3.39 4.25 6.53 6393302
5.07 3.60 5.16 2.85 5.17 4.63 3.81 4.24 2.89 2.72 4.86 5.38 3.86 2.95 6.72 6.65 2.30 3.19 5.59 8.98 5.09 5.68 3.71 4.03 0.00 2.31 2.54 2.83 4.37 3.99 5.40 6.61 6406392
5.17 3.59 5.12 3.20 5.22 4.76 3.56 4.35 2.99 3.39 4.97 5.65 3.92 4.79 6.36 6.88 2.14 3.26 6.39 8.49 5.12 5.74 2.79 3.88 0.00 2.47 3.58 3.16 3.62 4.14 5.29 7.13 6419482
5.14 3.65 5.30 2.90 5.03 5.31 3.62 4.43 3.08 3.43 4.92 5.77 3.86 4.44 6.80 6.55 2.16 3.51 6.83 8.59 5.14 5.84 0.00 4.02 0.00 2.37 3.35 2.86 4.24 4.57 5.28 6.91 6432572
5.27 3.52 0.00 2.79 5.26 5.29 3.87 4.28 2.88 3.39 5.09 0.00 3.75 4.65 6.46 6.84 2.18 3.46 0.00 8.95 5.26 5.82 0.00 4.49 0.00 2.42 3.54 2.92 4.15 3.45 5.31 7.02 6445662
5.07 3.55 0.00 2.95 5.53 5.28 3.57 4.35 2.96 3.29 4.95 5.58 3.92 4.59 6.30 6.49 2.11 3.51 7.01 8.66 5.23 5.94 0.00 0.00 0.00 2.59 3.45 2.91 4.27 4.61 5.41 0.00 6458752
5.09 3.60 5.23 3.15 5.27 5.28 3.63 4.54 2.97 3.35 5.11 5.43 3.89 4.62 6.21 6.43 2.02 3.76 6.44 8.93 5.23 6.58 0.00 5.07 0.00 3.07 3.63 2.99 4.21 4.55 5.24 6.93 6471842
5.18 3.60 5.57 2.98 5.18 5.31 3.60 4.25 2.94 3.35 5.26 5.71 3.81 4.72 6.29 6.38 2.13 3.41 0.00 8.61 5.38 5.96 0.00 5.03 0.00 0.00 3.62 3.11 4.38 4.65 5.31 7.10 6484932
5.11 3.65 5.35 3.05 5.17 5.30 3.57 4.24 2.93 3.37 5.42 5.46 3.77 4.62 6.25 6.64 2.07 3.49 6.40 8.47 5.32 5.89 0.00 5.08 0.00 2.34 3.60 3.02 4.16 4.69 5.21 0.00 6498022
5.03 3.65 0.00 2.69 5.17 5.30 3.57 4.26 2.91 3.38 4.94 5.47 3.70 4.64 6.17 6.46 2.16 3.67 0.00 8.67 5.84 6.00 0.00 3.93 0.00 2.60 3.71 3.12 4.42 4.53 5.23 6.82 6511112
5.21 3.59 5.25 3.51 0.00 5.59 3.59 4.24 2.92 3.35 5.29 5.46 4.22 4.62 6.27 6.61 2.04 3.71 0.00 8.86 5.35 5.96 0.00 0.00 0.00 2.50 3.55 2.74 4.23 4.69 5.29 7.05 6524202
5.12 3.63 5.22 0.00 5.27 5.39 3.50 4.24 2.87 3.37 4.93 5.68 3.85 4.63 6.17 6.43 2.05 3.95 0.00 8.78 5.38 5.89 0.00 0.00 0.00 2.38 3.51 2.90 4.35 4.62 5.23 6.71 6537292
5.16 3.65 5.21 0.00 5.34 5.30 3.57 4.42 2.84 3.37 5.12 5.62 3.74 4.62 6.16 6.63 2.06 3.71 0.00 8.62 5.36 5.82 0.00 4.07 0.00 2.40 3.48 2.87 4.26 4.69 5.38 6.98 6550382
5.18 4.10 5.27 0.00 5.27 5.31 3.59 4.42 2.86 3.39 5.15 5.61 3.67 4.74 6.11 6.48 2.13 3.64 0.00 8.79 5.36 0.00 0.00 0.00 0.00 2.40 3.49 2.95 4.51 4.90 5.42 7.34 6563472
5.36 3.65 5.25 0.00 5.19 5.33 3.61 4.41 2.88 3.45 5.03 5.60 3.97 4.90 6.19 6.53 2.07 3.66 5.83 8.74 5.51 6.14 0.00 4.06 0.00 2.39 3.51 2.99 4.41 4.65 5.37 0.00 6576562
5.09 3.61 0.00 0.00 5.29 5.32 3.62 4.40 2.90 3.34 4.93 5.48 3.82 4.80 6.31 6.38 2.08 3.60 6.29 8.67 5.42 0.00 0.00 0.00 0.00 2.39 3.50 3.42 4.25 4.66 5.55 6.82 6589652
4.98 3.61 5.26 0.00 5.35 5.39 3.58 4.41 2.94 3.39 4.93 5.48 3.61 4.64 6.28 6.59 2.07 3.69 0.00 8.56 5.39 0.00 0.00 4.57 0.00 2.41 3.51 2.88 4.35 4.57 5.36 7.43 6602742
5.08 3.63 5.24 3.57 0.00 5.36 3.59 4.95 2.87 3.38 5.09 5.58 3.71 4.95 6.25 6.49 2.08 3.65 0.00 8.76 5.31 6.14 0.00 4.61 0.00 2.45 3.50 2.90 4.38 4.68 5.65 7.33 6615832
5.03 3.63 5.57 3.40 5.26 5.36 3.59 4.35 2.91 3.39 4.92 5.62 3.88 4.62 6.28 6.37 2.10 3.60 0.00 8.65 5.32 5.91 0.00 4.75 0.00 2.61 3.45 2.81 4.25 4.61 5.54 7.06 6628922
5.01 3.61 5.36 3.56 5.27 5.31 3.54 4.26 2.90 3.35 4.94 5.62 3.59 4.59 6.30 6.45 2.08 3.62 0.00 8.50 5.36 5.89 0.00 5.01 0.00 2.41 3.63 2.84 4.40 4.63 5.75 6.86 6642012
5.00 3.63 5.31 3.52 5.21 5.36 3.55 4.30 2.93 3.29 5.03 5.60 3.73 4.62 6.24 6.70 2.05 0.00 0.00 8.71 5.32 0.00 0.00 5.07 0.00 2.41 3.52 2.84 4.34 4.60 5.48 6.88 6655102
4.99 3.66 5.30 3.40 5.30 5.33 3.54 4.57 2.85 3.31 5.60 5.58 3.81 4.74 6.25 6.58 2.05 0.00 0.00 8.71 5.34 0.00 9.99 4.88 0.00 2.40 3.55 3.02 4.26 4.66 5.35 6.85 6668192
5.14 3.61 5.27 0.00 5.26 5.37 3.57 4.37 2.83 3.29 5.01 5.53 3.61 4.66 6.12 6.52 2.06 0.00 0.00 8.60 5.22 5.95 10.00 4.36 0.00 2.40 3.43 2.89 4.29 4.63 5.38 6.87 6681283
4.96 3.65 5.07 0.00 5.31 5.29 3.62 4.38 2.81 3.44 5.02 5.51 3.75 4.76 6.50 6.46 2.04 0.00 0.00 8.72 5.50 0.00 0.00 4.43 0.00 2.40 3.51 2.97 4.29 4.64 5.45 0.00 6694372
4.96 3.61 5.31 0.00 5.26 5.34 3.59 4.25 2.81 3.34 5.12 5.49 3.97 4.57 5.82 6.47 2.14 3.55 0.00 8.54 5.53 0.00 0.00 4.58 0.00 2.41 3.30 2.95 4.36 4.57 5.48 6.71 6707462
5.23 3.65 5.97 3.51 5.29 5.32 3.61 4.28 2.76 3.34 5.03 5.74 3.70 4.69 6.25 6.31 0.00 3.82 0.00 8.51 5.38 0.00 0.00 4.50 0.00 0.00 3.31 2.99 4.41 4.65 5.39 7.10 6720552
4.96 3.61 5.97 3.03 5.22 5.42 3.59 4.25 2.92 3.36 4.93 5.58 3.71 4.75 6.01 6.24 2.21 3.64 0.00 8.77 5.54 5.89 0.00 4.50 0.00 2.29 3.32 2.92 4.37 4.61 5.41 6.93 6733642
5.13 3.63 5.04 0.00 5.23 5.46 3.54 4.60 2.74 3.38 5.07 5.51 3.78 4.51 5.97 6.16 2.07 3.63 0.00 8.55 5.64 0.00 0.00 4.41 0.00 2.35 3.23 3.26 4.47 4.54 5.43 6.87 6746732
5.12 3.61 5.28 3.11 5.40 5.41 3.25 4.28 2.70 3.31 5.10 5.52 3.64 4.53 6.64 6.27 2.06 4.14 0.00 8.65 5.46 0.00 0.00 4.52 0.00 2.51 3.30 3.42 4.36 4.65 5.33 6.97 6759822
5.10 3.61 5.00 3.03 5.24 5.39 3.54 4.58 2.71 3.36 5.13 5.54 3.64 4.44 5.76 6.03 2.12 3.61 6.84 8.73 5.45 5.93 0.00 4.60 0.00 2.36 2.89 2.87 4.34 4.60 5.13 6.74 6772912
5.72 3.62 5.24 3.09 5.29 5.38 3.57 4.29 2.79 3.13 4.98 5.58 3.70 4.46 6.17 5.97 2.43 3.38 6.70 8.78 5.44 6.00 0.00 4.87 0.00 2.52 2.86 3.18 4.37 4.62 5.44 6.80 6786002
5.08 3.68 5.23 3.06 5.25 5.41 3.39 4.27 2.75 3.22 4.98 5.58 3.60 4.45 5.96 6.00 2.05 3.57 0.00 8.73 5.37 6.19 0.00 4.65 0.00 2.36 2.81 3.10 4.44 4.70 5.43 6.88 6799092
5.04 3.62 5.36 2.87 5.34 5.45 3.60 4.28 2.73 3.43 5.20 5.56 3.71 4.49 5.81 5.86 2.02 3.43 0.00 8.51 5.68 0.00 0.00 4.66 0.00 2.52 2.73 2.92 4.46 4.62 5.09 6.72 6812182
5.16 3.63 5.22 2.93 5.35 5.34 3.68 4.38 2.76 3.33 5.01 5.64 3.49 4.46 5.58 6.29 2.05 3.34 0.00 8.77 5.55 0.00 0.00 4.60 0.00 2.16 2.72 2.92 4.48 4.61 5.38 6.56 6825272
5.04 3.60 5.21 3.10 5.42 5.63 3.66 4.55 2.75 3.31 5.30 5.70 3.52 4.56 5.63 5.92 2.14 3.58 0.00 8.84 5.51 6.04 5.48 4.83 0.00 2.71 2.76 3.11 3.95 4.62 5.42 6.72 6838362
5.07 3.58 5.77 0.00 5.31 5.36 3.55 4.25 2.76 3.24 5.13 5.61 3.75 4.50 5.74 5.78 2.00 3.37 0.00 9.06 5.53 6.00 0.00 4.66 0.00 2.44 2.71 3.40 4.37 4.59 5.56 6.73 6851452
5.31 3.60 5.14 0.00 5.49 5.41 3.59 4.28 2.76 3.31 5.08 5.79 3.69 4.52 5.72 6.29 2.11 3.46 0.00 8.61 5.43 5.99 0.00 5.39 0.00 2.50 2.76 2.91 4.48 4.62 5.43 6.76 6864542
5.05 3.60 5.32 0.00 5.41 5.49 3.68 4.25 2.74 3.33 5.09 5.91 3.81 4.39 5.30 6.00 2.53 3.29 0.00 9.51 5.58 6.07 0.00 0.00 0.00 2.32 2.71 2.95 4.60 4.62 5.46 6.86 6877632
5.03 3.58 5.29 0.00 5.43 5.42 3.56 4.36 2.79 3.28 5.03 5.87 3.66 4.45 5.25 5.71 2.31 3.41 6.65 8.75 5.55 6.26 0.00 5.35 0.00 2.58 2.76 3.26 4.46 4.63 5.36 6.66 6890722
5.13 3.58 5.29 0.00 5.27 5.38 3.51 4.28 2.82 3.35 5.09 5.86 3.53 4.44 5.17 5.71 2.05 3.54 0.00 0.00 5.57 6.10 0.00 0.00 0.00 2.17 2.84 3.11 4.57 4.59 5.38 6.99 6903812
5.17 3.59 5.34 0.00 5.45 5.44 3.58 4.28 2.81 3.33 5.25 5.72 3.53 4.57 5.29 5.66 2.23 3.51 6.60 9.06 5.54 6.13 0.00 0.00 0.00 2.28 2.80 3.23 4.56 4.58 5.51 6.72 6916902
5.11 3.59 5.31 0.00 5.51 5.45 3.58 4.28 2.76 3.38 5.15 5.74 3.77 4.41 5.39 5.46 0.00 3.46 0.00 8.91 5.43 6.11 0.00 4.67 0.00 2.17 2.82 3.56 4.61 4.54 5.56 6.54 6929992
5.73 3.67 5.24 0.00 5.40 5.45 3.61 4.34 2.76 3.34 5.22 5.75 3.74 4.43 5.36 5.51 2.18 3.56 0.00 8.80 5.38 6.21 0.00 5.68 0.00 2.28 2.83 3.38 4.54 4.53 5.49 6.66 6943082
5.28 3.59 5.86 0.00 5.33 5.49 3.56 4.46 2.73 3.34 5.12 5.72 3.80 4.51 5.32 0.00 2.07 3.50 0.00 9.04 5.46 0.00 0.00 4.60 0.00 2.41 2.80 3.10 4.59 4.60 5.39 6.76 6956172
5.20 3.61 5.35 0.00 5.29 5.46 3.60 4.33 2.75 3.39 5.13 5.74 3.54 4.41 5.16 5.39 2.06 3.76 0.00 8.97 5.54 6.14 0.00 0.00 0.00 2.21 2.84 3.25 4.64 4.66 5.40 0.00 6969262
5.05 3.60 5.24 0.00 5.36 5.38 3.65 4.50 2.69 3.30 5.14 5.76 3.52 4.44 4.94 5.35 2.08 3.37 0.00 8.65 5.43 0.00 0.00 0.00 0.00 2.24 2.77 3.93 4.52 4.67 5.45 6.70 6982352
5.15 3.58 5.32 0.00 5.30 5.44 3.58 4.38 2.73 3.46 5.12 5.76 3.61 4.41 5.00 5.45 2.04 3.51 6.68 8.74 5.57 0.00 0.00 0.00 0.00 2.26 2.95 3.47 4.68 4.61 5.45 0.00 6995442
5.18 3.60 5.32 0.00 5.40 5.60 3.54 4.37 2.72 3.31 5.36 5.80 3.61 4.43 5.05 5.13 2.11 3.35 0.00 8.68 5.54 6.18 0.00 0.00 0.00 2.23 2.82 3.14 5.26 4.70 5.43 6.69 7008532
5.34 3.59 5.35 0.00 5.27 5.43 3.54 4.47 2.74 3.39 5.30 5.79 3.72 4.42 5.16 5.63 2.16 3.53 6.67 0.00 5.42 0.00 0.00 5.34 0.00 2.34 2.85 3.42 4.62 4.64 5.34 6.68 7021622
4.99 3.60 5.33 0.00 5.35 5.47 3.61 4.50 2.73 3.41 5.31 5.90 3.64 4.44 5.34 5.59 2.09 3.74 0.00 9.00 5.41 0.00 0.00 4.84 0.00 2.21 3.02 3.54 4.55 4.57 5.51 6.75 7034712
5.28 3.62 5.31 0.00 5.35 5.45 3.53 4.40 2.74 3.30 5.22 6.01 3.64 4.45 4.92 5.39 2.34 3.25 0.00 0.00 5.51 0.00 0.00 4.92 0.00 2.18 2.95 3.58 4.68 4.69 5.40 7.02 7047802
5.16 3.60 5.29 0.00 5.36 5.44 3.56 4.30 2.71 3.31 5.16 5.82 3.90 4.41 4.90 5.10 2.06 3.48 6.66 8.91 5.69 6.59 0.00 5.18 0.00 2.39 2.87 3.28 4.55 4.62 5.40 6.95 7060892
5.17 3.61 5.45 0.00 5.63 5.45 3.57 4.32 2.68 3.30 5.45 5.92 4.05 4.45 4.85 4.85 2.21 3.16 0.00 8.59 5.75 0.00 0.00 0.00 0.00 2.27 2.89 3.27 4.82 4.64 5.58 6.50 7073982
5.16 3.59 5.28 0.00 5.49 5.50 3.63 4.28 2.75 3.32 5.29 5.83 3.67 4.35 4.84 5.03 2.01 3.37 6.24 0.00 5.47 0.00 0.00 4.58 0.00 2.23 3.07 3.30 4.63 4.60 5.38 0.00 7087072
5.08 3.61 5.35 0.00 5.39 5.46 3.61 4.22 2.88 3.05 5.32 5.89 3.64 4.55 4.97 5.02 2.08 3.37 6.41 9.29 5.52 6.19 0.00 5.21 0.00 2.26 3.01 3.53 4.64 4.62 5.45 6.63 7100162
5.08 3.61 5.31 0.00 5.35 5.52 3.52 4.58 2.67 3.34 5.28 5.90 3.61 4.48 4.90 5.04 2.07 3.30 6.19 0.00 5.54 6.41 0.00 4.71 0.00 2.23 3.07 3.84 4.61 4.63 5.24 6.79 7113252
5.35 3.59 5.39 0.00 5.56 5.49 3.57 4.32 2.74 3.38 5.21 5.98 3.60 4.43 4.87 4.88 2.02 3.25 6.34 8.80 5.63 6.30 0.00 4.56 0.00 2.32 3.07 3.52 4.75 4.66 5.47 6.68 7126342
5.22 3.65 5.31 0.00 5.47 5.54 3.69 4.57 2.74 3.50 4.98 6.14 3.63 4.48 5.08 4.72 2.07 3.17 6.38 8.71 5.90 6.28 0.00 5.25 0.00 2.48 3.09 3.52 4.72 4.82 5.35 6.48 7139432
5.32 3.59 5.32 0.00 5.37 5.51 3.63 4.56 2.71 3.45 5.28 5.90 3.61 4.45 4.85 4.78 2.04 3.44 6.35 9.22 5.55 6.35 0.00 5.13 0.00 2.34 3.18 3.65 4.65 4.68 5.61 6.49 7152522
5.24 3.60 5.29 0.00 5.52 5.58 3.63 4.36 2.71 3.55 5.09 6.10 3.62 4.45 4.86 4.81 2.03 3.27 6.56 8.77 5.63 6.53 0.00 5.26 0.00 2.28 3.18 3.96 4.64 4.67 5.27 6.84 7165612
5.11 3.59 5.39 0.00 5.37 5.52 3.52 4.41 2.80 3.45 5.42 6.06 3.80 4.42 4.83 4.94 2.38 3.38 6.35 9.22 5.81 6.32 0.00 5.32 0.00 2.43 3.27 3.62 4.62 4.75 5.57 7.07 7178702
5.10 3.60 5.35 0.00 5.50 5.68 3.62 4.38 2.81 3.55 5.31 6.07 3.94 4.43 4.91 4.66 2.11 3.43 0.00 8.84 5.83 0.00 0.00 0.00 0.00 2.25 3.19 3.55 4.73 5.11 5.21 6.68 7191792
5.20 3.63 5.99 0.00 5.41 5.49 3.61 4.40 2.72 3.83 5.64 6.12 3.76 4.40 4.86 4.87 2.14 3.42 0.00 8.81 5.86 6.34 0.00 5.81 0.00 2.75 3.34 3.55 4.75 4.78 5.24 6.27 7204882
5.24 3.61 5.30 0.00 5.52 5.58 3.54 4.28 2.75 3.44 5.45 6.35 4.33 4.50 4.89 4.72 2.07 3.26 0.00 8.68 5.85 6.36 0.00 5.24 0.00 2.49 3.35 3.55 4.65 4.78 5.26 6.89 7217972
5.13 3.63 5.38 0.00 5.57 5.50 3.53 4.55 2.75 3.52 5.32 6.10 3.69 4.48 4.84 4.90 2.14 3.28 6.35 9.36 5.84 6.40 0.00 4.50 0.00 2.40 3.47 3.51 4.90 4.69 5.26 6.27 7231062
5.20 3.61 5.33 0.00 5.50 5.75 3.62 4.32 2.77 3.81 5.51 6.06 3.77 4.39 5.16 4.76 2.19 3.22 0.00 8.83 5.82 6.43 0.00 4.59 0.00 2.42 3.39 3.48 4.80 4.68 5.29 0.00 7244152
5.23 3.64 5.38 0.00 5.50 5.59 3.50 4.56 2.74 3.55 5.31 6.15 3.61 4.41 4.91 4.73 2.16 3.40 6.37 8.78 5.81 6.47 0.00 4.89 0.00 2.48 3.51 3.60 4.74 4.69 3.99 6.45 7257242
5.24 3.60 5.34 0.00 5.86 5.63 3.59 4.44 2.78 3.53 5.52 6.22 3.61 4.40 4.89 4.88 2.06 3.54 6.58 8.90 5.92 6.32 0.00 5.34 0.00 2.39 3.55 4.37 4.75 4.69 5.00 6.37 7270332
5.12 3.60 5.33 0.00 5.52 5.72 3.52 4.37 2.68 3.55 5.33 0.00 3.69 4.48 4.91 4.92 2.19 3.52 6.71 8.91 5.76 6.38 0.00 5.21 0.00 2.48 3.61 3.72 4.79 4.83 5.18 6.28 7283422
5.50 3.60 5.33 0.00 5.73 5.67 3.50 4.49 2.85 3.53 5.28 6.21 3.60 4.48 4.99 4.73 2.19 3.66 6.76 8.95 6.14 6.57 0.00 0.00 0.00 3.21 3.54 3.73 4.77 4.70 5.17 0.00 7296512
5.85 3.61 5.34 0.00 5.49 5.61 4.04 4.29 2.81 3.49 5.63 6.12 3.80 4.41 4.93 4.95 2.10 3.45 0.00 8.86 6.01 6.52 0.00 4.16 0.00 2.55 3.68 3.84 4.84 4.79 5.17 6.36 7309602
5.22 3.61 5.40 0.00 5.48 5.65 3.50 4.33 2.73 3.57 5.35 6.69 3.67 4.44 4.93 4.98 2.13 3.46 6.93 8.96 5.98 0.00 0.00 4.54 0.00 2.49 3.92 3.46 4.84 4.75 5.20 6.17 7322692
5.72 3.60 5.25 0.00 5.56 5.62 3.55 4.40 2.66 3.55 5.48 6.36 3.61 4.49 4.93 4.81 2.14 3.52 6.62 8.86 5.96 7.17 0.00 4.52 0.00 2.89 3.68 3.75 4.78 4.87 5.08 6.36 7335782
5.08 3.59 0.00 0.00 5.49 5.58 3.56 4.48 2.71 3.54 5.32 6.42 3.63 4.40 4.85 4.81 2.14 3.52 0.00 0.00 5.95 0.00 0.00 4.53 0.00 2.81 3.66 3.67 5.00 4.77 5.05 6.18 7348872
5.44 3.61 0.00 3.11 5.46 5.78 3.56 4.33 2.69 3.51 5.52 6.16 3.63 4.43 5.03 4.85 2.06 3.57 6.36 0.00 6.06 6.73 0.00 4.15 0.00 2.59 3.66 3.46 4.85 4.77 0.00 6.64 7361962
5.50 3.80 0.00 0.00 5.55 5.78 3.67 4.62 2.72 3.48 5.49 6.17 3.62 4.38 5.00 4.89 2.04 3.88 7.03 0.00 6.14 0.00 9.89 5.39 0.00 2.81 3.81 3.82 4.79 4.81 5.15 0.00 7375052
5.31 3.65 0.00 0.00 5.54 5.65 3.64 4.59 2.74 3.58 5.36 6.38 3.71 4.46 4.95 4.94 2.04 3.32 6.45 0.00 5.96 0.00 9.90 4.95 0.00 2.77 3.83 3.87 4.77 4.80 5.03 6.70 7388142
5.30 3.60 5.29 3.51 5.50 5.65 3.50 4.28 2.73 3.42 5.71 6.24 3.68 4.50 5.09 4.98 2.14 3.29 6.39 8.93 6.05 0.00 9.89 4.73 0.00 2.72 3.94 3.62 4.77 4.85 5.05 6.65 7401232
5.41 3.62 5.11 0.00 5.73 6.17 3.59 4.45 2.74 3.56 5.68 6.24 3.74 4.47 5.15 4.91 2.20 3.29 6.83 9.03 6.05 6.45 9.98 4.97 0.00 2.92 4.02 3.74 4.77 4.92 5.08 6.21 7414322
5.31 3.60 5.20 0.00 5.57 5.71 3.58 4.62 2.71 3.46 5.42 6.31 3.60 4.49 5.44 4.97 2.94 3.19 0.00 0.00 6.10 0.00 0.00 4.99 0.00 2.82 4.05 3.84 4.79 4.83 5.07 6.31 7427412
5.11 3.63 5.22 2.99 5.67 5.72 3.47 4.69 2.71 2.96 5.59 6.31 3.71 4.58 5.00 4.96 2.14 3.27 6.39 9.53 5.88 0.00 0.00 0.00 0.00 3.02 4.12 3.64 4.83 4.79 5.70 5.93 7440502
5.15 3.66 5.76 0.00 5.70 5.88 3.50 4.48 2.68 3.56 5.63 6.45 3.80 4.34 5.01 5.40 2.01 3.27 0.00 8.89 6.00 0.00 9.89 4.74 0.00 3.29 4.03 3.86 4.72 4.84 5.10 6.01 7453592
0.00 3.60 5.07 0.00 5.64 5.77 3.51 4.48 2.72 2.57 5.60 6.58 3.82 4.46 5.01 5.11 2.14 3.19 7.30 0.00 6.03 6.63 9.79 4.92 0.00 2.95 4.08 3.78 4.71 4.81 4.98 0.00 7466682
5.28 3.63 5.01 0.00 5.66 5.81 3.54 4.50 2.84 3.60 5.79 6.38 3.77 4.42 5.07 4.94 2.02 3.18 0.00 0.00 5.96 6.63 9.85 4.52 0.00 2.91 4.17 3.66 3.88 4.93 4.99 0.00 7479772
5.27 3.59 5.06 0.00 5.56 5.85 3.49 4.39 2.76 3.57 5.64 6.45 3.62 4.50 5.02 5.20 2.25 3.38 6.45 9.19 5.93 0.00 0.00 4.46 0.00 2.94 4.11 3.61 4.71 4.76 5.00 6.34 7492862
5.29 3.61 5.22 0.00 5.58 5.96 3.49 4.49 2.81 3.60 5.61 6.43 3.59 4.42 5.15 5.05 2.56 3.67 6.01 8.97 5.89 6.71 9.83 5.14 0.00 3.06 4.26 3.87 4.73 4.87 4.98 6.21 7505952
5.17 3.59 4.96 0.00 5.78 5.88 4.24 4.40 2.72 3.63 5.68 6.57 3.62 4.50 5.37 5.01 2.03 3.55 6.09 9.00 6.03 0.00 9.78 0.00 0.00 3.13 4.30 3.71 4.69 4.84 5.01 6.86 7519042
5.21 3.61 4.92 3.31 5.64 5.79 3.52 4.57 2.74 3.69 5.62 6.36 3.63 4.47 5.09 5.04 2.13 3.61 6.26 8.94 6.23 6.73 9.71 5.23 0.00 3.03 4.38 3.93 3.23 4.68 5.18 6.57 7532132
0.00 3.61 4.79 0.00 5.66 6.03 3.50 4.43 2.69 3.63 5.52 6.42 3.68 4.48 5.08 5.67 2.16 3.53 6.35 9.07 0.00 6.79 0.00 4.56 0.00 3.05 4.36 4.09 4.77 4.82 5.01 6.12 7545222
5.13 3.62 4.92 0.00 5.72 5.90 3.52 4.56 2.78 3.62 5.68 6.47 3.85 4.53 5.18 5.21 2.04 3.59 6.38 8.87 5.96 6.89 9.72 0.00 0.00 3.51 4.34 3.75 4.76 4.86 5.03 6.01 7558312
5.19 3.60 4.87 3.06 5.82 6.00 3.54 4.46 2.71 3.65 5.47 6.44 3.63 4.55 5.23 5.73 2.21 3.69 6.34 0.00 0.00 6.86 9.70 4.58 0.00 2.96 4.43 3.92 4.69 5.00 5.04 6.19 7571402
5.16 3.59 4.70 0.00 5.81 5.94 3.47 4.56 2.74 3.68 5.37 6.45 3.68 4.61 5.19 5.16 2.02 3.27 6.40 9.00 2.73 6.82 9.91 5.01 0.00 3.40 4.45 3.82 4.77 4.93 5.03 6.02 7584492
5.22 3.60 4.53 0.00 6.35 6.06 3.50 4.42 2.74 3.72 5.58 6.47 3.76 4.54 5.12 5.09 2.05 3.38 6.31 0.00 6.10 0.00 9.87 5.03 0.00 3.13 4.56 3.91 4.76 4.81 5.04 6.19 7597582
5.23 3.60 4.62 0.00 6.18 5.94 3.52 4.60 2.77 3.64 5.60 6.42 3.56 4.64 5.13 5.03 2.13 3.29 4.05 9.01 6.26 6.88 9.65 5.20 0.00 3.32 4.40 3.97 4.73 4.86 5.02 6.07 7610672
5.10 3.61 4.60 0.00 5.76 5.98 3.53 4.53 2.74 3.72 5.54 6.49 3.52 4.65 5.21 5.09 2.04 3.38 6.48 8.92 6.29 6.78 9.14 3.90 0.00 3.18 4.79 4.10 4.79 4.88 4.99 6.72 7623762
5.38 3.59 4.36 3.07 5.71 6.08 3.50 4.42 2.81 3.71 5.49 6.48 3.59 4.67 5.27 5.09 2.90 3.34 6.62 8.97 6.29 0.00 9.90 4.92 0.00 2.92 4.48 3.85 5.06 4.91 5.04 5.96 7636852
5.21 3.62 4.51 0.00 6.45 5.97 3.52 4.42 2.98 3.67 5.46 6.58 3.51 4.70 5.36 5.22 2.09 3.40 6.81 8.98 0.00 6.76 9.88 4.82 0.00 3.48 4.61 3.81 4.76 4.83 5.02 6.24 7649942
5.22 3.62 4.35 0.00 6.09 5.96 3.49 4.37 2.78 3.85 5.71 6.59 3.71 4.78 5.18 5.10 2.40 3.51 6.56 8.97 6.20 0.00 9.82 4.39 0.00 3.03 4.53 3.83 4.49 4.96 5.06 6.40 7663032
5.46 3.64 4.33 0.00 5.78 6.00 3.51 4.35 2.78 3.88 5.54 0.00 3.66 4.64 5.27 5.12 2.03 3.55 5.90 8.88 6.64 6.86 9.83 4.50 0.00 3.15 4.62 3.95 4.82 4.90 5.00 6.03 7676122
5.39 3.64 4.39 0.00 5.83 6.01 3.50 4.37 2.87 3.92 5.59 6.66 3.51 4.58 5.20 5.16 2.03 3.45 6.24 8.85 6.58 0.00 9.70 4.94 0.00 3.09 4.46 3.81 4.79 3.83 4.98 6.00 7689212
5.33 3.63 4.48 0.00 6.03 6.09 3.45 4.41 2.87 3.89 5.52 6.55 3.55 4.68 5.27 5.11 2.07 3.29 6.55 8.85 0.00 6.95 9.86 4.77 0.00 3.01 4.47 4.21 4.74 4.88 4.98 5.82 7702302
5.35 3.61 4.27 0.00 5.70 6.13 3.48 4.62 2.85 3.88 5.48 6.61 3.47 4.63 5.91 5.17 2.29 3.24 6.12 8.83 0.00 7.46 9.90 0.00 0.00 2.97 4.61 4.10 4.80 4.89 5.00 6.69 7715392
5.17 3.62 4.59 3.02 5.95 6.04 3.47 4.35 2.78 3.84 5.49 6.65 3.58 4.90 5.27 5.12 2.21 3.35 6.65 8.95 6.33 7.41 9.83 0.00 0.00 3.01 4.78 0.00 4.85 5.04 5.19 6.21 7728482
5.28 3.61 4.42 3.01 5.82 6.12 3.52 4.60 2.87 2.56 5.65 6.63 3.65 4.55 5.41 5.18 2.03 3.20 6.55 8.92 5.88 0.00 0.00 4.54 0.00 3.40 4.69 4.20 4.83 4.89 4.98 6.10 7741572
0.00 3.64 4.19 0.00 5.72 5.99 3.48 4.48 2.87 3.90 5.65 6.70 4.09 4.55 5.31 5.38 2.13 3.30 0.00 9.45 6.27 7.29 9.79 5.03 0.00 3.01 4.74 3.88 4.82 5.01 5.05 5.82 7754662
5.36 3.62 4.39 0.00 5.96 6.00 3.51 4.43 2.86 3.94 5.54 6.87 3.62 4.62 5.31 5.17 2.11 3.27 0.00 0.00 6.39 6.88 9.72 4.83 0.00 3.03 4.59 4.07 4.80 4.91 0.00 5.92 7767752
5.39 3.65 4.07 2.98 5.87 0.00 3.49 4.41 2.82 3.97 5.59 6.66 3.97 4.62 5.31 5.17 2.15 3.32 6.04 9.49 6.38 6.86 0.00 4.54 0.00 2.88 4.49 4.20 4.11 5.04 4.97 5.82 7780842
5.39 3.59 4.14 0.00 5.77 6.07 3.47 4.58 2.84 3.99 5.44 6.61 3.73 4.71 5.27 5.19 2.36 3.33 6.14 9.01 0.00 6.89 9.91 4.62 0.00 3.13 4.59 4.34 4.87 4.97 4.94 0.00 7793932
5.40 3.60 4.15 0.00 5.70 6.72 3.48 4.49 2.86 4.02 5.56 0.00 3.63 4.68 5.23 5.24 2.07 3.62 5.84 8.95 0.00 6.87 9.96 5.50 0.00 3.40 4.81 4.14 4.82 5.00 4.90 5.75 7807022
5.32 3.63 4.32 3.07 5.78 6.01 3.49 4.36 2.91 4.07 5.45 6.68 3.99 4.65 5.28 5.32 2.02 3.39 6.10 9.01 6.62 0.00 9.88 4.51 0.00 3.11 4.41 4.08 4.82 5.09 4.85 6.14 7820112
5.26 3.62 4.43 0.00 5.79 6.03 3.46 4.51 2.82 4.10 5.51 0.00 4.23 4.59 5.39 5.30 2.12 3.47 6.20 0.00 6.24 0.00 9.93 3.76 0.00 3.13 4.49 4.07 4.83 4.98 4.89 0.00 7833202
5.28 3.62 4.02 5.98 5.98 6.03 3.46 4.51 2.89 3.97 5.43 0.00 3.88 4.63 5.30 5.18 2.32 3.43 6.42 8.80 6.46 0.00 0.00 4.95 0.00 3.22 4.42 0.00 4.87 5.06 4.87 5.81 7846292
5.33 3.62 3.95 0.00 5.93 6.07 3.46 4.49 2.87 4.04 5.51 6.73 3.97 4.68 5.32 5.33 2.25 3.49 6.37 8.86 0.00 7.19 0.00 4.45 0.00 3.07 4.64 4.06 4.76 5.48 5.05 5.94 7859382
5.29 3.62 3.91 0.00 5.76 6.04 3.48 4.44 2.97 4.13 5.57 6.62 3.69 4.66 5.40 5.34 2.17 3.64 6.04 8.86 0.00 7.12 0.00 5.20 0.00 3.18 4.82 0.00 4.79 5.08 4.96 5.72 7872472
5.24 3.61 4.01 0.00 5.83 6.02 3.48 4.72 2.99 4.03 5.54 6.74 3.76 4.91 5.36 5.32 2.23 3.60 5.93 9.01 0.00 0.00 0.00 4.93 0.00 2.91 4.56 4.89 4.78 5.04 4.92 6.24 7885562
5.24 3.60 4.08 0.00 5.80 6.06 3.47 4.51 2.85 4.03 5.86 6.76 3.76 4.65 5.28 5.20 3.06 3.58 6.23 9.08 0.00 0.00 9.85 4.70 0.00 2.94 4.40 4.35 4.87 5.10 4.95 0.00 7898652
5.27 3.59 4.20 0.00 5.92 6.06 3.46 4.50 2.89 4.05 5.47 6.70 3.80 4.68 5.34 5.19 2.89 3.50 6.40 8.87 0.00 7.47 9.90 4.57 0.00 3.01 4.47 4.19 4.83 5.27 4.93 5.47 7911742
5.19 3.62 4.06 0.00 5.87 6.07 3.46 4.47 2.92 3.98 5.42 6.77 3.96 4.63 5.35 5.18 2.24 3.48 6.35 8.84 6.52 0.00 9.89 4.51 0.00 2.99 4.58 4.48 4.83 5.13 4.89 0.00 7924832
5.42 3.63 3.90 0.00 5.91 6.06 3.48 4.45 3.17 4.09 5.53 6.81 3.86 4.67 5.26 5.18 2.66 3.55 6.56 8.86 0.00 0.00 9.94 4.37 0.00 2.96 4.63 4.05 4.77 5.12 4.92 6.03 7937922
0.00 3.61 4.09 0.00 5.94 6.13 3.48 4.54 2.91 4.12 5.66 6.77 4.34 4.78 5.30 5.20 2.38 3.44 6.07 8.85 0.00 0.00 9.92 5.09 0.00 2.96 4.49 4.42 4.82 5.10 4.99 5.80 7951012
0.00 3.65 3.96 0.00 5.92 6.82 3.48 4.46 3.04 4.04 5.45 7.18 3.79 4.74 0.00 5.28 2.36 3.89 6.09 8.85 0.00 6.80 9.86 4.39 0.00 3.04 4.68 4.43 4.80 5.06 4.85 5.78 7964102
5.35 3.62 4.01 0.00 5.81 6.12 3.46 4.65 3.02 4.04 5.70 6.75 3.73 4.62 5.26 0.00 2.35 3.49 6.45 8.83 0.00 6.84 9.92 5.23 0.00 3.02 4.57 4.01 4.81 5.15 4.98 5.65 7977192
5.58 3.62 3.88 0.00 5.97 6.16 3.47 4.66 3.01 4.00 5.62 6.82 3.96 4.64 5.26 5.90 2.28 3.50 6.46 8.84 0.00 0.00 9.91 0.00 0.00 3.02 4.58 4.33 4.91 5.06 4.94 5.49 7990282
5.44 3.62 3.93 0.00 5.94 6.19 3.47 4.64 3.08 4.10 5.47 0.00 3.68 4.64 5.23 0.00 2.29 3.55 6.07 8.84 6.46 0.00 9.94 0.00 0.00 3.03 4.63 4.36 4.79 5.07 4.96 5.38 8003372
5.36 3.60 3.91 0.00 5.98 6.03 3.47 4.49 2.98 4.04 5.73 6.81 3.73 4.73 5.47 5.29 2.22 3.60 6.02 8.85 6.42 0.00 9.89 4.53 0.00 3.05 4.66 0.00 4.86 5.11 4.95 5.44 8016462
5.34 3.61 4.03 0.00 5.92 6.11 3.48 4.49 3.04 4.05 5.67 6.85 3.70 4.66 5.33 5.20 2.06 3.44 0.00 8.83 6.42 0.00 9.89 4.19 0.00 3.03 4.45 4.06 4.79 5.08 4.98 5.63 8029552
5.39 3.60 3.98 0.00 5.90 6.14 3.47 4.47 3.02 4.02 5.65 0.00 3.72 4.62 5.42 5.86 2.07 3.39 6.56 8.83 6.47 0.00 9.90 5.27 0.00 3.03 4.45 0.00 4.84 5.10 4.99 5.63 8042642
5.93 3.60 3.91 0.00 5.90 6.12 3.47 4.46 3.14 4.03 5.41 6.88 3.68 4.62 5.41 5.90 2.07 3.36 0.00 8.83 6.45 0.00 9.91 4.66 0.00 3.03 4.46 4.69 4.85 5.07 4.98 5.83 8055732
5.90 3.62 4.41 3.50 5.78 6.07 3.48 4.65 3.01 4.18 5.95 6.69 3.70 4.64 5.26 5.30 2.10 3.51 6.24 8.84 0.00 6.87 9.92 4.68 0.00 3.02 4.46 3.94 4.80 5.08 5.00 5.61 8068822
5.85 3.62 3.79 0.00 5.90 6.03 3.48 4.65 3.00 4.02 5.74 6.87 3.70 4.65 5.28 5.90 2.08 3.53 0.00 8.84 0.00 0.00 9.90 0.00 0.00 3.03 4.47 4.61 4.84 5.05 4.96 5.60 8081912
5.19 3.60 3.83 0.00 5.97 6.03 3.47 4.69 3.03 4.07 5.41 6.90 3.72 4.77 5.25 5.31 2.06 3.52 6.22 8.82 0.00 6.86 9.94 0.00 0.00 3.03 4.46 4.42 4.79 5.04 4.97 5.61 8095002
5.19 3.60 3.80 0.00 5.80 6.03 3.46 4.64 2.96 4.06 5.92 6.84 3.76 4.82 5.32 5.25 2.06 3.53 6.20 8.83 0.00 6.82 9.93 4.73 0.00 3.03 4.47 4.16 4.77 5.09 4.98 5.61 8108092
5.40 3.60 4.12 0.00 5.89 6.17 3.46 4.67 2.98 4.07 5.52 6.86 3.68 4.63 5.45 5.55 2.05 3.53 6.21 8.84 0.00 0.00 9.91 0.00 0.00 3.03 4.47 0.00 4.80 5.15 4.89 5.64 8121182
5.39 3.61 4.48 0.00 5.82 6.03 3.47 4.68 3.03 4.38 5.69 6.85 3.68 4.69 5.43 5.28 2.05 3.53 6.75 8.83 6.47 6.81 9.91 0.00 0.00 3.03 4.67 3.99 4.79 5.05 4.89 5.61 8134272
5.40 3.61 3.87 0.00 5.92 6.04 3.48 4.68 3.03 4.11 5.62 6.83 3.69 4.69 5.29 5.30 2.06 3.53 6.23 8.83 6.46 6.80 9.92 0.00 0.00 3.02 4.54 4.11 4.82 5.06 4.94 5.60 8147362
5.85 3.60 3.83 0.00 5.95 6.08 3.47 4.68 2.94 4.10 5.43 6.76 3.69 4.63 5.49 5.27 2.05 3.55 6.57 8.84 0.00 0.00 0.00 0.00 0.00 3.02 4.52 4.15 4.77 5.08 4.94 5.61 8160452
5.43 3.61 3.90 0.00 5.89 6.13 3.45 4.52 2.92 4.06 5.50 0.00 3.72 4.64 5.25 5.28 2.06 3.54 6.25 8.86 0.00 0.00 0.00 0.00 0.00 3.03 4.50 4.02 4.91 5.13 4.92 5.61 8173542
5.38 3.61 3.91 0.00 5.93 6.13 3.47 4.68 2.96 4.09 5.64 6.84 3.71 4.71 5.23 5.28 2.05 0.00 6.24 8.85 0.00 0.00 0.00 4.75 0.00 3.04 4.52 0.00 4.82 5.08 4.94 5.59 8186632
5.17 3.62 3.87 0.00 5.93 6.19 3.47 4.67 3.16 4.11 5.44 6.82 3.70 4.61 5.93 5.27 2.05 3.33 6.30 8.82 0.00 6.89 0.00 4.53 0.00 3.04 4.51 4.19 5.29 5.13 4.90 5.62 8199722
5.17 3.61 3.86 0.00 5.94 6.31 3.46 4.70 3.03 4.06 5.79 6.74 3.70 4.70 5.34 5.77 2.05 3.40 6.27 8.83 0.00 6.90 0.00 0.00 0.00 3.03 4.50 4.31 4.83 5.04 4.93 5.47 8212812
5.17 3.61 3.86 0.00 5.91 6.05 3.47 4.65 2.97 4.08 5.77 6.79 3.72 4.65 5.48 5.47 2.06 3.38 6.29 9.17 0.00 0.00 0.00 4.68 0.00 3.02 4.56 4.30 4.92 5.19 4.97 5.61 8225902
5.18 3.61 4.23 0.00 5.81 6.12 3.46 4.51 3.01 4.08 5.72 6.81 3.72 4.76 0.00 6.04 2.06 3.36 6.32 8.83 0.00 0.00 0.00 5.18 0.00 3.02 4.67 4.16 4.85 5.10 4.95 5.36 8238992
5.15 3.62 3.95 0.00 5.86 6.03 3.47 4.48 2.92 4.08 5.51 6.77 3.73 4.70 5.41 5.28 2.05 3.37 6.13 8.78 0.00 0.00 0.00 0.00 0.00 3.01 4.48 4.31 4.79 5.10 4.95 5.46 8252082
5.30 3.61 3.96 0.00 5.85 0.00 3.47 4.48 3.08 4.09 5.44 6.75 3.74 4.69 5.25 5.28 2.06 3.36 6.13 8.81 0.00 0.00 0.00 5.17 0.00 3.03 4.54 4.17 4.83 5.12 4.94 0.00 8265172
5.27 3.60 4.27 0.00 5.84 6.66 3.46 4.50 3.04 4.09 5.50 6.75 4.05 4.73 5.29 5.30 2.07 3.55 6.02 8.79 0.00 7.02 0.00 5.01 0.00 3.03 4.71 4.22 4.90 5.14 4.97 0.00 8278262
5.53 3.61 3.87 0.00 5.83 6.13 3.46 4.55 2.96 4.08 5.89 6.76 3.79 4.82 5.29 5.30 2.07 3.43 6.43 8.77 0.00 0.00 9.99 0.00 0.00 3.04 4.81 4.12 4.91 5.13 4.95 5.62 8291352
0.00 3.62 3.99 0.00 5.89 6.17 3.46 4.46 3.01 4.06 5.58 6.68 3.76 4.76 5.27 5.39 2.08 3.58 6.09 8.79 0.00 0.00 0.00 0.00 0.00 3.04 4.62 4.04 4.84 5.22 4.97 5.85 8304442
0.00 3.62 4.14 0.00 5.86 6.43 3.46 4.49 2.94 4.12 5.69 6.67 4.50 4.62 5.30 6.02 2.08 3.62 6.12 8.81 0.00 7.11 9.98 0.00 0.00 3.04 4.79 4.05 4.81 5.19 4.90 5.58 8317532
5.26 3.61 3.87 0.00 5.92 6.05 3.47 4.50 2.94 4.09 5.59 6.71 3.81 4.62 5.43 0.00 2.08 3.60 6.39 8.83 0.00 6.99 9.93 4.34 0.00 3.05 4.55 4.29 4.96 5.37 4.90 5.81 8330622
5.34 3.68 3.99 0.00 5.85 6.04 3.46 4.50 3.07 4.11 5.52 6.69 3.82 4.61 5.28 5.36 2.08 3.74 6.34 8.81 0.00 0.00 9.92 0.00 0.00 3.02 4.54 0.00 4.92 5.21 4.86 5.75 8343712
5.12 3.62 3.86 0.00 5.81 6.09 3.46 4.47 3.06 4.08 5.57 6.66 3.91 4.70 5.28 5.37 2.09 3.65 6.45 8.79 0.00 0.00 0.00 5.30 0.00 3.02 4.74 4.21 4.86 5.14 4.95 5.79 8356802
5.12 3.60 3.82 0.00 5.82 6.34 3.45 4.42 2.95 4.04 5.50 6.78 3.68 4.61 5.28 5.29 2.07 3.64 6.44 8.80 0.00 0.00 0.00 0.00 0.00 3.01 4.54 3.92 4.85 5.13 5.00 5.35 8369892
5.41 3.61 3.97 0.00 5.80 6.06 3.47 4.74 3.00 4.12 5.58 0.00 3.91 4.62 5.27 5.20 2.33 3.49 6.57 8.82 0.00 6.88 9.96 0.00 0.00 3.04 4.62 4.20 4.84 5.11 4.97 5.04 8382982
5.45 3.62 4.27 0.00 5.81 6.12 3.46 4.50 3.20 4.11 5.66 0.00 3.71 4.79 5.31 5.27 2.10 3.51 6.56 8.79 0.00 6.82 9.93 0.00 0.00 3.04 4.56 3.98 4.92 5.18 4.71 5.21 8396072
5.28 3.62 3.88 0.00 6.01 6.05 3.46 4.46 3.25 4.13 5.47 0.00 3.81 4.69 5.34 5.25 2.16 3.64 6.43 8.82 0.00 6.82 9.91 5.02 0.00 3.05 5.30 4.01 4.91 5.09 4.80 5.42 8409162
5.15 3.62 3.83 0.00 5.93 6.09 3.44 4.81 3.48 4.07 5.68 0.00 4.07 4.82 5.33 5.66 2.27 3.49 6.34 8.84 0.00 6.80 9.87 5.14 0.00 3.02 4.49 0.00 4.82 5.18 5.03 5.39 8422252
5.44 3.62 4.08 0.00 5.99 6.07 3.45 4.67 2.89 4.05 5.55 0.00 3.77 4.71 5.48 5.35 2.25 3.51 6.68 8.85 0.00 6.82 9.86 5.04 0.00 3.08 4.61 3.93 4.96 5.12 4.87 5.01 8435342
5.17 3.61 4.79 0.00 0.00 6.18 3.46 4.72 3.06 4.11 5.53 6.68 3.65 4.73 5.48 5.34 2.25 3.69 6.73 8.84 0.00 6.84 9.89 4.87 0.00 3.05 4.41 4.29 4.91 5.13 4.51 0.00 8448432
5.12 3.63 4.18 0.00 6.00 6.09 3.44 4.78 2.92 4.09 5.67 6.72 3.81 4.65 5.34 0.00 2.13 3.51 6.59 8.87 0.00 6.83 9.90 5.17 0.00 3.05 4.50 4.26 4.82 5.15 4.53 0.00 8461522
5.90 3.63 3.85 0.00 5.93 6.11 3.46 4.57 2.93 4.14 5.54 6.91 3.65 4.65 5.28 5.30 2.24 3.44 6.38 8.82 0.00 6.80 9.83 0.00 0.00 3.05 4.43 4.08 4.79 5.78 4.67 5.03 8474612
0.00 3.63 4.05 0.00 6.10 6.09 3.48 4.54 2.89 4.10 5.46 6.67 3.65 4.70 5.39 5.38 2.13 3.49 6.25 8.88 6.47 6.80 9.83 5.44 0.00 3.04 4.35 3.95 5.06 5.27 4.82 5.35 8487702
5.10 3.62 3.93 0.00 6.00 6.32 3.51 4.52 2.94 4.07 5.75 6.73 3.74 4.80 5.36 0.00 2.29 3.47 6.16 8.84 0.00 6.85 9.89 0.00 0.00 3.05 4.45 4.04 4.98 5.17 4.63 5.04 8500792
5.27 3.61 0.00 0.00 6.17 6.14 3.54 4.45 3.06 4.14 5.58 6.73 0.00 4.62 5.53 5.26 2.30 3.44 6.51 8.87 0.00 6.89 9.89 4.96 0.00 3.06 4.50 4.27 4.88 5.20 4.62 5.26 8513882
5.41 3.63 4.22 0.00 6.02 6.08 3.50 4.44 2.95 4.07 5.52 0.00 3.70 4.71 5.35 5.44 2.05 3.46 6.02 8.85 6.56 0.00 9.90 5.72 0.00 3.05 4.53 4.46 4.81 5.16 4.47 0.00 8526972
6.04 3.64 3.83 0.00 5.88 6.11 3.52 4.45 3.08 4.06 5.52 6.82 3.70 4.68 5.38 5.37 2.35 3.56 6.29 8.85 0.00 7.48 9.94 3.81 0.00 3.05 4.65 4.17 4.82 5.18 4.39 4.89 8540062
5.21 3.62 3.89 0.00 5.90 6.30 3.51 4.42 3.01 4.14 5.74 6.82 3.63 4.72 6.09 5.33 2.30 3.56 6.10 8.78 6.44 0.00 9.91 0.00 0.00 3.04 4.51 4.45 4.85 0.00 4.60 5.24 8553152
5.33 3.62 3.87 0.00 5.91 6.07 3.49 4.52 2.93 4.11 5.89 6.84 4.53 4.71 5.27 5.26 2.26 3.63 6.26 8.81 0.00 0.00 9.80 4.84 0.00 3.03 4.65 4.54 4.89 5.21 4.30 5.00 8566242
5.52 3.65 3.83 0.00 5.94 6.07 3.49 4.53 2.92 4.08 5.54 6.82 3.72 4.71 5.40 5.25 2.18 3.59 6.66 8.84 0.00 0.00 9.83 5.33 0.00 3.04 4.64 4.02 4.88 5.45 4.34 4.91 8579332
5.81 3.64 3.84 0.00 5.99 6.06 3.48 4.45 3.01 4.10 5.64 6.81 4.21 4.69 5.33 5.23 2.31 3.58 6.16 8.84 0.00 7.04 9.91 5.14 0.00 3.05 4.50 4.06 4.87 5.24 4.32 5.13 8592422
5.33 3.62 3.84 5.81 6.00 6.21 3.47 4.53 3.04 4.06 5.67 6.99 3.77 4.72 5.42 5.25 2.89 3.60 0.00 8.84 0.00 7.37 9.89 4.79 0.00 3.05 4.68 3.91 4.84 5.45 4.47 4.97 8605512
5.48 3.68 3.83 0.00 5.90 6.06 3.48 4.51 3.06 4.06 5.73 6.68 3.85 4.79 5.31 5.28 2.01 3.58 7.00 8.84 0.00 7.05 9.82 4.85 0.00 3.05 4.66 0.00 4.83 5.28 4.60 4.99 8618602
5.33 3.70 3.89 0.00 5.83 6.03 3.49 4.55 3.00 4.19 5.54 6.73 3.74 4.62 5.33 5.27 2.43 3.59 0.00 8.83 0.00 7.49 9.83 5.06 0.00 3.06 4.65 4.18 4.87 5.33 4.40 5.09 8631692
5.35 3.63 3.87 0.00 5.89 6.13 3.49 4.55 3.02 4.13 5.57 6.72 3.70 4.61 5.41 5.35 2.30 3.55 6.73 8.83 0.00 7.49 9.80 4.64 0.00 3.05 4.69 4.13 4.88 5.25 4.30 4.91 8644782
5.23 3.63 3.91 0.00 5.92 6.03 3.50 4.54 3.01 4.11 5.95 6.71 3.72 4.78 5.32 5.32 2.30 3.59 6.63 8.83 0.00 0.00 9.80 4.63 0.00 3.05 4.76 4.08 5.02 5.22 4.37 5.64 8657872
5.25 3.62 3.85 0.00 6.05 6.05 3.50 4.57 3.02 4.11 5.74 6.72 3.84 0.00 5.30 5.28 2.29 3.59 6.64 8.84 0.00 7.49 9.81 4.92 0.00 3.04 4.71 4.31 5.03 5.19 4.38 5.01 8670962
5.35 3.64 3.99 0.00 6.11 6.08 3.50 4.61 2.98 4.13 5.56 6.73 3.92 4.83 5.32 5.31 2.62 3.58 6.93 8.84 0.00 7.51 9.79 4.98 0.00 3.05 4.41 4.20 4.94 5.55 4.88 4.91 8684052
0.00 3.63 4.05 0.00 6.04 6.03 3.49 4.41 3.01 4.15 5.51 6.69 4.03 4.72 5.33 5.29 2.64 3.60 6.82 8.80 6.35 7.50 9.82 5.47 0.00 3.05 4.40 0.00 4.98 5.32 4.68 4.92 8697142
0.00 3.64 3.94 0.00 6.00 6.06 3.49 4.42 3.01 4.11 5.94 6.72 3.84 4.73 5.33 5.31 2.79 3.65 6.67 8.81 0.00 7.52 9.79 5.53 0.00 3.06 4.69 4.67 4.94 5.23 4.38 5.16 8710232
5.95 3.63 3.96 0.00 6.00 6.12 3.49 4.40 2.94 4.18 5.79 6.75 3.95 4.83 5.40 5.33 2.77 3.66 6.52 8.81 0.00 7.50 9.79 5.21 0.00 3.06 4.73 0.00 4.94 5.20 4.58 4.72 8723322
5.94 3.64 4.02 0.00 6.05 6.12 3.50 4.42 3.12 4.16 5.81 6.71 4.19 4.82 5.34 5.32 2.47 3.66 6.67 0.00 0.00 7.50 9.78 0.00 0.00 3.05 4.73 0.00 4.90 5.22 4.57 4.79 8736412
0.00 3.64 4.11 0.00 6.06 6.13 3.48 4.42 3.33 4.14 5.76 6.71 4.20 4.83 5.35 5.33 2.07 3.63 6.68 8.86 0.00 7.51 9.77 0.00 0.00 3.05 4.72 0.00 4.95 5.94 4.61 4.79 8749502
0.00 3.64 4.10 0.00 6.04 6.12 3.49 4.42 3.02 4.11 6.41 6.70 3.96 4.85 5.36 5.30 2.02 3.63 6.26 0.00 0.00 7.51 9.78 0.00 0.00 3.05 4.72 0.00 4.91 5.31 4.63 4.84 8762592
0.00 3.63 4.02 0.00 5.94 6.13 3.49 4.40 3.09 4.19 5.69 6.72 4.02 4.83 5.33 5.33 2.13 3.61 6.74 0.00 0.00 0.00 9.79 0.00 0.00 3.06 4.72 4.39 4.96 5.23 4.78 5.09 8775682
5.56 3.62 4.45 0.00 6.04 6.12 3.49 4.40 3.16 4.09 5.72 6.71 3.92 4.86 5.33 5.34 2.18 3.62 6.13 0.00 0.00 7.54 9.78 4.92 0.00 3.05 4.74 4.48 4.93 5.21 4.32 5.18 8788772