0.00 4.21 0.00 3.16 6.48 7.74 4.40 4.06 3.52 4.29 5.36 5.42 4.70 5.53 6.76 7.61 2.66 3.68 6.71 9.66 3.08 4.18 0.00 3.94 0.00 3.37 3.72 4.20 6.41 7.82 3.75 4.48 3420655
0.00 4.20 0.00 3.17 6.47 7.77 4.41 4.05 3.52 4.30 5.36 5.40 4.70 5.53 6.71 7.60 2.67 4.08 6.76 8.72 3.07 4.18 0.00 3.91 0.00 3.39 3.71 4.19 6.45 7.83 3.75 4.48 3433745
0.00 4.22 0.00 3.18 6.47 7.76 4.40 4.05 3.53 4.29 5.37 5.34 4.69 5.52 6.75 7.61 2.66 3.67 6.76 8.73 3.09 4.18 0.00 3.91 0.00 3.38 3.70 4.19 6.46 7.83 3.76 4.48 3446835
0.00 4.21 0.00 3.17 6.47 7.76 4.39 4.05 3.53 4.30 5.37 5.35 4.70 5.51 6.63 7.60 2.67 3.67 6.78 8.72 3.09 4.20 0.00 3.91 0.00 3.38 3.70 4.20 6.46 7.83 3.75 4.48 3459925
0.00 4.21 0.00 3.17 6.47 7.76 4.39 4.05 3.53 4.31 5.37 5.34 4.71 5.52 6.66 7.60 2.67 3.73 6.98 8.74 3.09 4.20 0.00 3.91 0.00 3.39 3.71 4.20 6.45 7.83 3.74 4.49 3473015
0.00 4.21 0.00 3.11 6.88 7.74 4.35 4.06 3.52 4.33 5.38 5.35 4.71 5.52 6.65 7.59 2.67 3.69 6.99 8.85 3.09 4.18 0.00 3.91 0.00 3.38 3.71 4.21 6.45 7.82 3.75 4.48 3486105
0.00 4.22 0.00 3.13 6.34 0.00 4.36 4.05 3.53 4.33 5.38 5.41 4.69 5.51 6.70 7.59 0.00 0.00 6.36 8.96 3.09 4.18 0.00 3.89 0.00 0.00 3.69 4.19 6.29 7.82 3.73 4.33 3499195
0.00 0.00 0.00 3.14 6.34 0.00 4.39 4.05 3.53 4.31 5.40 5.41 4.69 5.52 6.76 7.60 0.00 3.58 6.33 8.95 3.10 4.18 0.00 3.93 0.00 3.40 3.70 4.27 6.22 7.88 3.72 4.30 3512285
0.00 4.19 0.00 3.14 6.33 0.00 3.67 4.05 3.53 4.29 5.38 5.44 4.69 5.51 6.73 7.60 0.00 3.36 6.41 9.03 3.09 4.17 0.00 0.00 0.00 3.41 3.70 4.63 6.43 7.84 3.74 4.35 3525375
0.00 4.17 0.00 3.11 6.32 7.95 4.00 4.04 3.53 4.33 5.38 5.41 4.69 5.49 6.76 7.60 0.00 3.34 6.25 8.90 3.09 4.23 0.00 0.00 0.00 3.40 3.69 4.26 6.31 7.82 3.75 0.00 3538465
0.00 4.19 0.00 3.17 6.31 7.69 3.85 4.19 3.52 4.27 5.29 5.27 4.68 5.50 6.77 7.60 0.00 3.53 6.38 8.95 3.11 4.76 0.00 3.95 0.00 3.39 3.70 4.74 6.22 0.00 3.76 4.42 3551555
0.00 4.21 0.00 3.14 6.32 7.79 0.00 4.03 3.57 4.27 5.31 5.27 4.70 5.50 6.71 7.59 0.00 3.52 6.41 8.75 3.14 4.19 0.00 0.00 0.00 3.40 3.70 4.40 6.21 7.84 3.74 0.00 3564645
0.00 4.20 0.00 3.07 6.33 7.77 3.81 4.06 3.53 4.29 5.44 5.30 4.69 5.59 6.62 7.58 2.48 3.71 6.63 8.69 3.13 4.41 9.98 0.00 0.00 3.42 3.70 4.26 7.10 7.86 3.73 4.86 3577735
0.00 4.20 0.00 3.13 6.31 7.77 4.03 4.04 3.54 4.59 5.41 5.37 0.00 5.47 6.61 7.58 0.00 3.54 6.57 8.79 3.14 0.00 9.92 4.40 0.00 3.56 3.70 4.04 6.43 7.86 3.72 4.67 3590825
0.00 0.00 0.00 2.94 6.30 7.70 3.71 4.03 3.57 4.29 5.31 0.00 4.71 5.49 6.71 7.60 0.00 3.61 6.40 8.94 3.09 4.19 0.00 0.00 0.00 3.62 3.69 4.46 6.35 7.87 3.73 4.39 3603915
0.00 0.00 0.00 3.05 6.29 7.61 3.68 4.17 3.50 4.34 5.34 5.32 4.73 5.47 6.62 7.59 2.42 3.56 6.47 8.63 3.11 0.00 0.00 4.32 0.00 3.64 3.69 4.99 6.66 7.85 3.83 4.19 3617005
0.00 4.15 0.00 0.00 6.31 7.64 3.66 4.09 3.50 4.35 5.31 5.30 4.69 5.48 6.66 7.58 2.39 3.45 6.50 9.02 3.13 4.70 9.95 5.45 0.00 3.46 3.69 4.73 6.42 7.84 3.69 4.28 3630095
0.00 3.65 0.00 0.00 6.29 7.76 3.87 4.17 3.53 4.26 5.35 5.26 4.72 5.49 6.70 7.60 2.31 3.46 6.50 9.13 3.11 0.00 9.94 5.44 0.00 3.54 3.70 4.29 6.42 7.83 3.74 4.20 3643185
0.00 3.67 0.00 0.00 6.28 7.79 3.67 4.10 3.70 4.29 5.42 5.29 4.70 5.50 6.51 7.61 2.25 3.34 6.19 9.07 3.10 0.00 9.92 5.43 0.00 3.59 3.70 0.00 6.92 7.84 3.85 4.22 3656275
0.00 4.19 0.00 0.00 6.29 7.74 3.85 4.21 3.57 4.33 5.32 5.28 4.70 5.46 6.72 7.62 2.27 3.48 6.22 8.80 3.15 4.19 0.00 4.00 0.00 3.62 3.69 4.38 6.23 7.82 3.70 4.33 3669365
0.00 4.15 0.00 3.14 6.27 7.76 3.86 4.12 3.53 4.28 5.26 5.40 4.78 5.48 7.29 7.60 2.26 3.41 6.46 9.06 3.12 4.83 9.99 4.16 0.00 0.00 3.70 4.81 6.50 7.86 3.81 4.54 3682455
0.00 4.18 0.00 0.00 6.48 7.63 3.86 4.09 3.46 4.25 5.34 5.31 4.76 5.51 6.69 7.64 2.16 3.44 6.84 8.59 3.27 0.00 9.99 5.40 0.00 0.00 3.69 4.45 6.23 7.86 4.25 4.62 3695545
0.00 0.00 4.79 0.00 6.38 7.26 3.90 4.22 3.49 4.36 5.51 5.28 4.78 5.79 6.77 7.69 2.17 3.51 6.47 8.69 3.20 0.00 9.99 3.84 0.00 4.05 3.68 4.53 6.34 7.82 3.91 4.30 3708635
0.00 3.64 0.00 0.00 6.47 7.36 3.60 4.10 3.54 4.30 5.36 5.34 4.83 5.73 6.65 7.63 2.24 3.48 6.22 8.37 3.04 4.16 0.00 3.92 0.00 3.47 3.69 4.53 6.53 7.74 4.26 4.42 3721725
0.00 4.25 5.19 3.18 6.28 5.79 3.76 4.10 3.57 4.22 5.35 5.45 4.70 5.48 6.76 7.72 2.74 3.40 6.31 8.74 3.13 0.00 0.00 4.93 0.00 3.37 3.70 4.49 6.30 8.02 3.84 4.38 3734815
0.00 3.62 4.74 0.00 5.88 5.19 3.73 4.10 3.42 4.26 5.37 0.00 4.66 5.36 6.35 7.75 2.06 3.77 6.70 8.83 3.12 0.00 9.81 3.61 0.00 3.30 3.66 5.03 6.70 8.40 3.81 4.23 3747905
0.00 4.20 5.10 0.00 5.60 5.49 3.57 4.02 3.35 4.29 5.40 5.79 4.87 5.23 6.47 7.85 2.17 3.46 6.64 8.31 3.21 4.17 0.00 3.58 0.00 3.38 3.70 4.36 6.76 7.85 3.78 4.35 3760995
0.00 3.46 5.09 2.44 4.95 4.54 3.63 4.07 3.42 3.56 5.46 5.66 4.78 4.50 6.33 7.48 2.11 2.82 6.97 8.37 3.22 4.25 8.47 0.00 0.00 3.32 3.48 4.96 6.41 7.88 3.75 4.28 3774085
0.00 3.63 4.79 2.17 4.86 5.03 3.66 4.11 3.39 3.33 5.48 5.77 4.61 4.02 6.24 7.59 2.06 3.59 5.82 8.98 3.17 4.42 0.00 3.34 0.00 3.27 3.42 4.41 6.70 7.94 3.72 4.72 3787175
3.27 3.22 5.11 2.57 4.80 5.13 3.66 3.39 3.40 3.68 4.99 5.78 3.48 4.31 6.16 6.67 2.12 3.57 5.64 8.75 3.01 4.51 5.21 3.35 0.00 3.31 3.38 4.48 6.52 7.86 3.74 4.23 3800265
0.00 3.56 4.85 2.55 4.74 4.85 3.79 3.33 3.14 3.42 4.74 5.91 4.01 3.21 5.76 6.61 2.16 3.74 6.58 8.80 3.16 4.37 0.00 4.57 0.00 3.54 3.24 4.48 6.63 7.99 3.87 4.35 3813355
0.00 2.72 5.09 2.25 4.99 4.60 3.56 2.61 3.29 3.03 5.76 5.96 3.86 3.82 5.62 5.96 2.20 3.40 5.10 8.61 2.93 4.73 4.63 3.15 0.00 3.27 3.23 4.19 6.53 7.89 3.92 4.29 3826445
3.49 3.08 5.28 2.41 4.79 2.30 3.66 4.24 3.17 2.14 5.67 6.08 3.77 3.61 5.55 6.10 2.07 3.63 5.32 8.77 2.90 4.70 0.00 3.21 0.00 2.98 3.23 4.41 6.72 7.98 3.94 4.17 3839535
3.19 3.09 5.35 2.16 4.85 4.19 3.69 3.34 3.15 2.52 5.71 6.07 3.72 2.54 5.44 4.67 2.12 3.64 6.76 8.60 3.01 4.49 0.00 4.06 0.00 2.78 3.19 4.48 4.66 8.03 3.63 4.43 3852625
4.58 2.66 4.88 2.36 4.94 3.11 2.15 3.93 2.64 2.32 2.54 6.40 2.88 2.93 5.01 4.99 2.15 2.67 3.53 0.00 3.28 4.66 6.49 4.12 0.00 2.68 3.22 4.43 3.74 3.35 3.82 4.24 3865715
0.00 2.50 3.12 3.03 5.11 3.32 3.24 3.18 2.35 2.54 4.74 6.20 3.93 2.46 5.48 5.38 2.54 2.11 2.88 2.37 3.31 4.71 5.10 3.67 0.00 2.67 3.31 4.57 4.91 8.00 3.49 4.14 3878805
3.32 3.16 5.05 2.57 5.24 3.59 2.49 3.50 3.02 2.82 2.29 6.36 3.90 3.14 5.47 4.83 2.07 2.35 3.79 7.54 3.43 4.86 2.85 3.99 0.00 2.80 2.85 4.54 3.13 3.13 3.88 4.21 3891895
2.79 3.17 3.14 2.32 5.41 3.15 3.06 3.75 2.69 2.73 3.96 6.31 3.98 2.60 2.89 4.09 2.57 3.49 3.18 8.96 2.23 0.00 3.29 2.45 0.00 3.03 3.32 4.66 4.74 5.34 2.70 4.14 3904985
2.75 2.35 3.68 2.34 4.77 2.66 2.45 3.37 3.39 2.45 3.21 5.56 3.55 3.20 4.04 3.64 2.14 2.79 3.69 5.53 3.54 3.90 2.48 2.99 0.00 2.87 2.98 5.33 5.85 2.91 3.11 4.22 3918075
2.15 3.34 3.85 2.13 5.50 3.32 3.04 3.56 2.22 2.66 5.34 6.43 3.92 4.15 5.72 4.01 2.13 3.44 3.34 4.55 2.74 4.94 2.61 3.23 0.00 2.86 3.11 5.71 4.07 3.61 3.39 3.52 3931165
4.91 2.80 5.07 2.28 3.56 2.41 2.92 3.27 2.94 3.15 3.27 6.50 2.95 2.43 5.68 2.51 2.24 3.45 3.34 3.12 3.28 0.00 2.77 3.19 0.00 3.00 2.68 2.40 2.73 4.88 3.22 4.31 3944255
0.00 3.06 3.48 2.31 4.70 4.28 3.58 3.54 2.68 2.91 2.18 5.95 3.53 4.10 5.59 3.83 2.07 3.35 5.20 2.89 3.19 5.05 2.57 2.69 0.00 3.35 3.53 0.00 2.90 7.30 2.92 4.27 3957345
0.00 2.11 3.06 2.39 4.32 2.27 3.54 3.25 2.81 2.15 4.53 7.10 3.90 2.29 4.91 5.45 2.10 3.19 4.38 2.24 3.78 0.00 2.74 3.50 0.00 3.48 3.63 2.94 2.52 3.15 2.99 4.26 3970435
4.19 2.67 4.85 2.39 6.15 4.45 3.43 2.30 2.76 2.88 3.18 6.88 3.81 4.22 5.79 5.60 2.14 3.21 2.84 8.97 3.48 5.35 2.54 3.32 0.00 3.35 3.37 0.00 4.90 5.31 3.24 4.35 3983525
0.00 3.11 4.64 2.80 5.44 3.07 3.41 3.69 3.43 2.49 6.20 6.44 3.91 2.84 5.73 4.59 2.27 3.44 2.99 8.93 3.21 5.38 2.30 3.41 0.00 3.07 3.44 3.91 5.25 2.09 3.10 4.27 3996615
0.00 3.23 5.24 2.76 6.37 5.02 2.99 3.13 3.03 2.76 5.54 4.00 3.63 3.95 4.73 4.93 2.14 3.40 3.65 9.08 3.70 0.00 0.00 3.25 0.00 3.36 3.76 3.85 4.20 5.62 2.33 3.83 4009705
0.00 3.12 4.81 2.31 6.49 5.93 3.18 3.43 3.44 3.67 3.91 0.00 4.80 3.47 5.16 6.05 2.06 3.59 6.08 8.88 3.69 5.37 2.27 3.74 0.00 3.45 4.25 5.65 2.63 5.33 2.65 4.20 4022795
0.00 3.66 4.79 4.14 6.61 4.76 2.90 3.32 3.35 2.33 3.50 6.96 3.96 2.80 5.81 6.65 2.20 3.55 4.20 8.92 2.73 5.44 4.87 4.08 0.00 3.44 3.66 5.93 4.40 6.25 3.91 3.89 4035885
0.00 3.37 4.98 2.53 5.58 2.91 2.73 3.86 3.70 4.48 5.90 6.44 3.33 3.17 3.25 6.18 2.13 3.54 6.09 9.09 2.55 5.56 3.21 3.46 0.00 3.26 3.77 5.16 5.57 4.27 3.52 4.19 4048975
0.00 3.64 4.93 2.56 6.77 4.57 2.89 3.60 3.64 3.44 4.81 6.34 3.94 2.84 6.09 6.35 2.12 3.59 6.12 9.01 3.80 0.00 3.04 3.52 0.00 3.25 2.76 0.00 4.19 5.41 3.96 4.24 4062065
0.00 3.23 4.79 2.31 5.74 4.12 2.92 3.72 3.66 3.81 6.02 6.60 4.25 2.91 6.04 6.20 2.22 2.99 5.52 8.89 3.44 5.47 2.71 4.21 0.00 3.48 4.29 4.97 2.61 6.18 3.93 4.27 4075155
0.00 3.59 5.13 2.54 6.90 6.70 3.01 4.30 3.15 3.28 6.08 6.49 3.75 4.65 5.99 6.53 2.39 3.66 6.66 8.18 2.06 5.62 3.12 4.22 0.00 3.62 4.07 5.78 2.76 7.02 3.95 4.32 4088245
0.00 3.43 5.03 3.01 6.88 6.93 2.97 4.39 3.71 2.93 6.17 6.50 4.20 5.31 6.00 6.33 2.08 3.38 2.33 8.93 4.02 0.00 2.28 4.91 0.00 3.37 4.12 6.22 6.36 8.08 3.84 4.26 4101335
0.00 3.49 5.15 2.82 6.85 7.14 2.99 4.20 3.92 2.26 6.16 6.69 4.13 4.84 6.08 6.25 2.04 3.58 0.00 8.88 3.43 5.60 2.92 4.58 0.00 3.39 4.51 5.94 5.61 7.12 3.91 4.35 4114425
0.00 3.49 5.10 2.44 6.90 6.93 3.20 4.70 3.72 2.60 6.38 6.63 4.22 4.93 6.20 6.69 2.10 3.66 6.62 0.00 0.00 5.81 4.28 4.16 0.00 3.34 4.52 5.72 6.82 4.81 3.33 4.65 4127515
0.00 3.77 4.60 2.97 6.79 6.75 2.94 4.43 3.83 2.82 6.17 6.54 4.24 5.50 6.32 6.50 2.06 3.51 6.67 8.90 3.71 5.65 4.40 3.79 0.00 3.39 3.47 0.00 7.13 8.08 3.99 4.60 4140605
0.00 3.24 5.22 3.33 7.22 6.95 3.10 4.44 3.61 3.79 6.24 6.47 4.36 5.46 6.27 6.61 2.26 3.34 5.71 8.90 3.92 0.00 4.35 4.89 0.00 3.31 4.06 5.34 6.39 8.07 4.08 4.37 4153695
5.86 3.90 4.74 2.91 6.97 7.07 2.78 4.44 3.62 4.89 6.39 6.43 4.43 5.57 6.31 6.51 2.10 3.48 6.75 9.32 3.48 5.71 4.84 0.00 0.00 3.39 4.20 0.00 6.93 8.04 4.06 4.38 4166785
0.00 0.00 4.80 3.12 6.95 6.96 3.15 4.87 3.59 4.82 6.22 6.46 4.61 4.45 6.30 6.74 2.10 3.45 5.33 9.29 4.09 0.00 0.00 4.23 0.00 3.55 3.83 0.00 5.82 8.07 4.14 4.28 4179875
0.00 3.58 5.26 2.20 6.86 7.08 3.26 4.66 3.66 5.02 6.23 6.59 4.31 3.52 6.35 6.81 2.11 3.38 6.08 8.88 3.24 5.65 0.00 4.37 0.00 3.77 3.88 5.76 6.52 8.10 4.10 4.31 4192965
0.00 3.33 5.01 2.65 7.01 7.08 3.41 5.04 3.74 4.81 6.24 6.59 4.28 5.13 6.44 3.53 2.18 3.63 6.65 8.86 0.00 6.32 8.48 4.54 0.00 3.30 4.01 0.00 6.79 8.05 3.98 4.25 4206055
0.00 3.07 5.21 2.53 7.10 7.20 3.12 4.73 3.52 3.20 6.24 6.40 4.48 5.84 6.51 7.41 2.19 3.50 6.47 9.13 3.92 5.67 4.40 3.41 0.00 2.68 4.25 5.50 6.16 8.23 4.00 4.20 4219145
0.00 0.00 5.15 2.54 7.33 7.32 3.23 4.87 3.71 4.94 6.28 6.36 4.72 5.84 6.76 7.05 2.08 3.46 6.90 8.88 3.73 5.81 3.46 3.76 0.00 3.22 3.73 6.30 6.97 8.14 4.05 4.35 4232235
0.00 2.81 5.35 2.49 7.20 7.27 3.36 5.10 3.74 2.85 6.40 6.45 4.55 4.65 6.85 7.08 2.14 3.27 6.78 8.89 3.89 5.83 2.53 0.00 0.00 3.20 3.66 0.00 5.41 8.17 3.72 4.41 4245325
0.00 3.08 5.18 3.01 7.56 4.87 3.31 5.19 3.75 2.99 6.32 6.50 4.67 5.93 6.84 7.34 2.12 3.54 6.27 9.51 3.88 5.78 2.54 3.53 0.00 2.98 3.20 5.62 5.45 0.00 4.18 4.34 4258415
2.25 2.86 4.64 2.62 7.45 7.42 3.46 5.04 3.89 4.60 3.85 6.43 4.61 6.12 6.97 7.31 2.19 3.34 6.54 8.91 3.59 5.88 6.17 0.00 0.00 2.69 3.13 0.00 4.41 8.05 4.26 4.34 4271505
0.00 3.37 4.92 2.33 7.94 6.80 3.42 5.43 3.88 4.13 6.14 6.49 5.05 5.71 7.05 7.62 2.16 3.31 5.94 8.96 4.33 0.00 0.00 4.14 0.00 2.56 2.96 0.00 6.16 8.33 3.78 4.57 4284595
0.00 3.42 5.06 2.56 7.59 5.72 3.55 5.44 3.91 4.46 6.09 6.57 4.36 4.96 7.09 7.48 2.18 3.53 6.11 8.93 3.84 6.05 0.00 3.79 0.00 2.49 3.13 5.71 2.58 2.83 4.33 3.53 4297685
5.72 2.93 4.72 3.51 7.97 7.62 3.55 5.63 2.80 3.49 6.15 6.36 4.89 6.04 7.19 7.58 2.16 3.46 2.01 8.86 3.66 6.06 3.22 3.34 0.00 2.58 3.24 0.00 2.12 8.09 3.72 4.54 4310775
4.20 3.52 4.79 2.34 7.77 5.53 3.74 5.42 4.12 3.26 6.09 6.44 4.96 4.16 3.28 7.93 2.13 3.28 5.00 9.50 3.36 6.14 3.09 3.69 0.00 2.67 3.06 5.85 4.19 8.15 3.55 4.32 4323865
4.76 3.35 4.85 2.41 8.18 3.47 3.51 5.69 3.81 2.40 6.03 6.74 5.13 4.42 7.50 8.16 2.09 3.45 5.33 8.96 3.36 6.05 2.10 0.00 0.00 2.71 3.23 0.00 6.61 3.98 4.37 4.43 4336955
5.04 2.48 3.98 2.46 7.58 7.77 3.51 4.78 3.12 2.92 6.20 6.43 5.54 4.90 7.48 2.87 2.16 3.18 4.95 8.87 3.05 6.25 2.85 0.00 0.00 2.69 2.85 0.00 2.54 8.10 4.61 3.22 4350045
3.65 3.15 4.90 3.18 7.65 7.56 3.48 5.72 4.40 2.95 6.16 6.56 5.40 3.19 7.57 8.00 2.08 3.47 6.00 9.20 3.73 6.14 3.07 3.68 0.00 2.87 2.82 5.79 2.67 8.38 2.92 4.32 4363135
5.19 3.45 4.08 2.79 7.77 7.07 3.66 6.01 2.65 3.57 6.67 6.35 5.45 4.32 6.93 2.58 2.19 3.49 6.22 9.10 3.59 6.36 3.23 0.00 0.00 2.74 3.25 0.00 2.22 2.09 4.02 4.31 4376225
3.72 2.30 4.86 2.09 8.22 7.82 3.54 5.54 4.49 3.32 6.13 5.87 5.49 4.86 7.74 7.93 2.13 3.50 6.48 0.00 3.71 0.00 3.65 3.63 0.00 2.84 3.21 5.58 3.87 3.76 4.73 4.49 4389315
3.40 3.43 4.85 2.29 7.17 6.05 3.50 6.31 4.07 2.97 5.91 6.39 5.86 6.90 7.94 8.23 2.24 3.23 6.73 8.95 3.05 0.00 2.81 3.33 0.00 2.57 3.17 4.66 3.26 3.65 3.55 4.37 4402405
4.80 3.16 5.15 3.11 8.08 7.75 3.63 4.65 2.84 2.75 6.09 6.51 5.72 7.17 7.56 8.08 2.16 3.52 6.18 9.26 3.89 6.23 2.38 0.00 0.00 3.02 3.36 6.05 3.41 5.92 4.58 4.46 4415495
4.89 3.35 5.00 2.60 8.29 4.95 3.56 6.47 4.80 2.70 6.10 6.56 5.67 4.67 8.40 2.52 2.06 3.29 5.45 8.93 3.79 0.00 3.44 2.65 0.00 2.87 3.57 5.26 3.86 4.72 4.61 4.41 4428585
5.30 2.97 4.70 2.24 8.42 7.48 3.42 6.12 4.27 4.38 0.00 6.73 5.58 7.18 8.43 0.00 2.35 3.83 6.41 8.93 2.66 6.28 2.52 3.63 0.00 3.05 3.09 5.55 2.81 2.93 4.57 4.67 4441675
5.38 3.28 4.95 3.09 7.99 7.88 4.25 5.80 3.27 2.80 5.88 6.43 5.84 3.28 8.47 8.08 2.08 3.48 3.90 8.93 2.47 0.00 2.23 3.56 0.00 3.09 3.54 5.36 3.55 2.57 4.85 4.33 4454765
4.66 3.44 5.07 2.79 8.22 6.05 4.21 5.98 4.73 4.07 6.29 6.49 6.05 3.68 8.46 7.87 2.59 3.36 6.77 8.93 3.32 0.00 5.35 3.99 0.00 2.88 3.55 5.69 2.57 4.19 3.98 4.41 4467855
4.64 3.51 4.01 2.49 8.04 6.18 3.15 6.05 4.30 2.72 6.28 6.46 3.48 6.55 8.76 8.24 2.07 3.36 6.53 8.94 3.18 0.00 3.90 3.99 0.00 3.28 2.38 5.27 5.27 2.28 4.81 4.55 4480945
4.53 3.10 5.13 2.58 4.83 5.83 0.00 2.71 3.71 3.09 6.15 6.38 5.96 4.88 3.54 8.00 2.14 3.60 6.02 7.46 3.63 6.44 7.85 0.00 0.00 3.36 3.33 5.00 4.76 3.18 4.87 4.41 4494035
4.71 3.48 4.76 2.61 8.27 7.85 3.67 4.61 3.43 3.66 4.93 6.41 6.08 5.14 8.44 5.35 2.19 3.33 5.90 8.94 3.96 6.39 3.74 3.89 0.00 3.47 4.00 5.60 2.91 5.71 3.36 4.49 4507125
5.02 3.46 4.89 2.41 8.29 7.82 3.90 5.69 4.84 2.97 3.33 7.00 6.03 5.00 8.42 0.00 2.16 3.39 5.73 8.93 3.00 6.33 2.06 4.01 0.00 3.45 3.79 5.38 4.25 7.92 4.29 4.42 4520215
4.92 3.63 5.16 2.78 8.18 7.02 2.16 6.61 4.40 2.67 6.24 6.70 4.57 6.78 8.40 8.03 2.09 3.38 6.56 2.50 2.92 6.47 3.80 2.52 0.00 3.56 4.10 5.09 4.03 5.43 4.23 4.46 4533305
5.00 3.35 5.05 2.28 8.29 8.15 3.47 5.88 4.13 3.43 6.17 6.42 5.23 6.54 8.41 0.00 2.10 3.37 3.67 8.95 3.75 0.00 5.06 3.45 0.00 3.55 4.17 5.06 6.68 6.01 4.92 4.57 4546395
5.31 3.15 4.95 2.62 8.32 5.35 3.68 2.66 4.92 3.83 5.60 6.41 4.64 4.85 6.07 0.00 2.24 3.47 3.48 9.10 3.70 6.28 2.15 4.51 0.00 3.53 3.33 4.96 5.12 5.88 4.94 4.66 4559485
5.63 3.47 4.94 2.84 8.25 4.02 3.67 6.36 3.16 2.66 6.22 6.36 6.15 5.46 8.44 0.00 2.20 3.40 6.42 0.00 4.14 6.41 2.66 3.34 0.00 3.63 4.01 5.26 4.99 2.62 4.97 4.57 4572575
4.63 3.48 5.57 2.75 8.33 2.48 3.60 6.28 3.04 3.19 5.63 6.30 6.35 7.48 8.33 0.00 2.16 3.41 6.13 8.96 3.42 5.54 2.53 4.14 0.00 3.92 4.30 0.00 4.17 2.70 5.06 4.70 4585665
6.00 3.54 4.86 2.41 8.31 5.94 3.78 5.65 3.33 2.67 5.77 6.36 0.00 4.79 8.44 0.00 2.36 3.50 5.34 8.92 4.12 6.13 3.90 3.68 0.00 4.10 2.59 5.21 3.51 7.69 5.14 4.66 4598755
6.09 3.56 4.86 2.19 8.30 4.42 3.28 2.57 4.85 3.59 6.01 3.29 6.14 4.58 8.46 0.00 2.28 3.26 5.00 8.83 3.24 5.58 3.39 4.98 0.00 3.81 4.14 5.50 2.26 3.66 5.09 4.75 4611845
5.28 2.85 4.85 2.18 8.32 3.60 3.24 5.25 2.66 3.00 5.39 6.20 6.21 2.34 8.43 0.00 2.17 2.63 5.74 9.03 3.77 6.01 2.52 3.27 0.00 4.07 4.67 5.39 5.09 3.12 5.33 4.70 4624935
4.23 2.97 4.80 2.61 8.29 8.03 3.89 4.28 5.71 3.10 5.45 6.25 4.75 3.76 8.30 0.00 2.16 3.21 4.22 7.02 3.61 5.66 3.18 4.15 0.00 3.82 4.80 5.16 2.47 5.18 5.09 4.84 4638025
5.03 3.55 4.72 2.59 8.29 7.22 3.60 5.34 3.63 2.39 4.65 6.10 2.76 7.26 2.99 0.00 2.16 3.21 5.70 0.00 3.19 5.07 4.57 0.00 0.00 3.92 2.51 5.47 3.05 2.30 4.37 4.58 4651115
5.50 3.67 5.06 2.21 8.29 7.80 3.29 3.74 4.24 2.72 4.85 6.26 6.12 3.36 8.23 0.00 2.74 3.36 2.83 0.00 2.75 5.27 3.74 3.42 0.00 3.92 4.49 3.44 3.20 7.54 4.13 0.00 4664205
5.09 3.08 4.98 2.27 8.30 3.56 2.96 3.48 5.54 2.70 6.01 6.32 6.06 3.18 8.52 8.31 2.06 3.44 3.35 9.51 3.41 4.91 3.24 3.17 0.00 3.96 3.74 4.95 2.99 4.27 4.91 4.38 4677295
4.71 2.20 4.97 2.44 8.31 8.08 2.53 4.92 3.06 2.43 5.81 2.72 6.72 3.98 8.06 3.92 2.11 3.09 5.78 5.14 2.67 4.65 2.95 2.74 0.00 4.05 4.97 5.11 2.90 4.59 5.36 4.77 4690385
3.78 2.97 4.71 2.75 8.30 2.83 3.69 4.69 4.15 2.60 3.42 6.08 5.86 3.40 8.11 8.12 2.21 3.37 5.73 8.91 3.59 4.51 2.89 3.53 0.00 4.16 3.38 5.05 4.19 3.03 5.49 4.38 4703475
3.53 3.09 4.12 2.56 8.30 3.53 3.37 4.66 2.85 2.91 5.58 6.11 5.50 4.14 7.22 6.30 2.07 3.33 6.99 9.01 3.65 4.63 2.57 4.08 0.00 0.00 5.00 3.29 2.24 2.38 4.76 4.59 4716565
3.47 2.48 3.84 2.45 7.58 4.36 3.29 4.55 2.41 2.44 5.43 5.23 5.31 3.56 3.51 2.24 2.32 3.25 5.06 5.16 3.24 4.08 2.40 4.20 0.00 4.27 2.45 5.11 2.98 2.64 5.33 4.69 4729655
3.64 3.22 3.16 2.08 6.36 4.73 2.52 2.87 2.87 2.31 5.86 5.41 5.37 4.37 8.05 8.30 2.52 2.79 3.41 8.97 2.57 4.30 3.17 0.00 0.00 4.39 4.37 0.00 2.47 4.50 4.95 3.95 4742745
3.35 2.52 5.10 2.62 8.30 3.56 3.26 4.47 2.97 2.87 3.23 2.76 2.63 2.47 8.04 4.62 2.03 3.39 3.74 7.02 2.85 3.85 2.51 2.67 0.00 4.36 3.09 2.85 3.24 2.87 5.35 5.07 4755835
3.21 2.33 2.56 2.90 7.59 2.73 3.23 4.53 3.88 2.60 4.52 4.41 4.01 3.01 3.51 2.93 2.05 3.45 3.16 7.59 3.33 0.00 2.78 2.09 0.00 2.66 4.14 2.93 2.24 4.12 2.62 4.45 4768925
3.39 2.48 4.30 2.52 5.88 2.36 3.66 4.38 2.69 2.23 3.57 5.20 4.26 3.07 2.31 2.91 2.33 2.73 4.50 8.77 3.70 4.12 2.11 2.33 0.00 3.79 5.72 2.70 2.99 3.05 4.65 4.70 4782015
3.18 3.00 2.98 2.41 6.40 2.19 3.62 3.81 4.65 2.40 4.11 3.68 3.23 4.67 5.26 5.29 2.16 2.47 3.35 2.54 2.71 4.62 2.85 3.16 0.00 2.61 3.04 0.00 3.90 2.34 2.47 5.14 4795105
3.36 2.87 3.79 2.62 2.34 4.04 2.74 4.10 2.46 2.82 3.59 4.91 3.86 2.48 4.84 6.72 2.07 2.62 4.72 2.60 3.09 3.99 2.73 2.21 0.00 3.53 5.42 2.08 2.15 3.60 3.62 4.87 4808195
3.15 2.20 4.65 2.26 3.31 5.02 2.62 3.04 2.59 2.17 2.40 3.88 4.17 2.60 4.53 3.85 2.22 3.23 4.22 4.88 2.63 4.44 2.52 2.85 0.00 2.39 2.25 4.32 3.01 2.94 2.77 4.42 4821285
3.34 2.44 3.90 2.31 6.65 3.18 2.84 3.13 2.55 2.19 4.99 4.90 3.04 2.14 3.97 5.14 2.14 3.45 2.71 5.31 2.75 4.18 2.50 2.36 0.00 4.85 3.85 2.74 2.49 3.85 4.31 4.43 4834375
2.79 2.74 3.69 2.35 2.58 2.72 2.75 4.55 2.96 2.36 3.35 4.29 5.12 2.93 5.93 2.94 2.53 3.33 5.22 2.23 2.33 0.00 2.81 3.84 0.00 2.87 4.11 0.00 2.52 2.67 5.78 3.80 4847465
2.69 2.78 3.87 2.36 8.32 2.16 2.24 4.84 2.99 2.48 2.62 3.53 5.54 3.56 5.21 2.09 2.54 3.16 2.63 9.16 2.34 4.28 2.30 2.46 0.00 2.19 2.92 4.19 2.50 2.80 2.47 5.11 4860555
3.37 2.87 4.35 2.49 8.31 2.40 2.45 3.65 2.57 2.53 2.30 4.24 5.00 3.25 6.84 3.12 2.18 2.62 3.15 2.54 3.66 4.22 2.32 2.44 0.00 5.58 4.14 3.33 2.10 6.64 2.46 3.55 4873645
3.50 2.50 4.19 2.41 6.22 4.26 3.54 3.75 2.39 2.21 3.09 2.17 5.13 2.76 6.92 5.08 2.38 2.79 4.25 2.10 2.63 4.36 2.53 2.33 0.00 5.67 2.73 2.44 3.05 3.65 2.49 5.25 4886735
3.32 2.56 4.70 2.33 7.12 3.50 2.43 5.49 2.94 2.64 3.91 3.86 4.64 2.92 4.83 3.71 2.23 2.81 5.49 0.00 2.86 4.43 2.26 3.55 0.00 5.73 2.61 0.00 3.17 4.32 2.97 5.92 4899825
2.68 3.06 4.83 2.33 7.68 4.09 2.13 2.43 2.49 2.84 2.99 5.81 4.72 3.34 7.06 6.59 2.10 2.74 3.07 8.78 3.41 4.37 2.23 2.09 0.00 4.92 5.04 2.88 3.74 5.24 2.28 4.28 4912915
3.35 2.69 4.32 2.46 7.53 3.41 2.87 4.30 4.01 2.83 4.46 5.89 5.08 2.36 7.03 4.42 2.21 3.14 2.91 7.94 3.25 4.75 4.50 2.72 0.00 0.00 4.18 0.00 2.67 2.80 2.51 5.17 4926005
3.21 2.67 2.39 2.19 5.14 2.30 2.23 2.85 2.65 2.61 2.44 4.45 2.95 2.72 7.60 6.67 2.10 3.38 5.57 2.32 3.38 4.40 2.91 2.15 0.00 5.67 3.63 4.24 2.36 4.05 3.52 5.28 4939095
3.36 2.50 4.05 2.47 6.32 5.42 2.76 5.01 3.33 2.46 2.40 4.59 4.32 2.51 3.35 6.44 2.11 3.37 5.50 7.20 2.55 4.38 2.35 2.60 0.00 4.25 5.11 2.85 2.70 3.82 2.39 5.42 4952185
3.13 3.14 5.15 2.28 3.49 4.04 3.22 4.34 3.40 2.59 2.66 5.90 5.21 3.56 7.20 3.35 2.04 3.61 3.29 2.19 3.03 4.38 2.88 2.87 0.00 6.30 2.46 5.38 4.54 3.11 2.78 2.05 4965275
3.54 2.82 4.90 2.62 3.83 3.16 3.77 4.15 2.47 2.10 2.37 6.08 5.25 2.81 6.39 6.82 2.24 3.27 4.26 7.19 3.25 4.32 2.48 2.65 0.00 6.09 3.46 5.83 3.18 5.76 2.64 5.81 4978365
3.30 2.68 4.17 2.70 6.40 2.63 3.46 5.47 2.34 2.68 3.32 6.24 4.26 2.25 7.25 6.74 2.06 3.32 2.11 0.00 2.72 4.44 2.42 3.48 0.00 4.45 7.06 5.46 2.66 6.32 4.09 5.71 4991455
3.45 3.12 4.41 2.60 5.49 3.05 3.73 6.02 2.38 2.42 3.89 2.78 3.52 3.00 7.33 6.78 2.10 3.32 6.22 0.00 3.15 4.86 2.49 2.65 0.00 0.00 2.45 5.08 3.29 2.68 2.72 3.29 5004545
3.38 2.38 5.07 2.63 6.97 2.14 3.16 3.57 2.37 2.40 4.93 6.24 5.10 4.16 6.29 6.74 2.34 3.09 2.64 8.84 2.66 4.67 2.44 4.21 0.00 4.34 5.02 5.25 2.77 6.30 2.94 5.95 5017635
3.19 2.97 3.44 2.85 3.94 2.51 2.68 3.28 3.09 2.29 5.65 6.42 3.08 2.58 6.20 7.13 2.12 3.25 2.37 4.31 2.29 4.53 2.16 2.33 0.00 6.27 2.97 0.00 3.11 2.63 2.65 4.78 5030725
3.50 2.91 4.47 2.51 2.55 2.80 3.59 6.00 3.19 2.20 3.59 6.44 5.20 2.99 7.24 6.20 2.12 2.98 2.65 8.96 3.49 4.73 2.88 3.62 0.00 2.85 7.68 5.01 2.31 2.56 6.30 2.42 5043815
3.45 2.38 3.79 2.27 5.63 5.70 2.47 2.81 2.62 2.16 2.45 6.47 3.37 2.96 6.34 6.94 2.22 3.35 5.47 5.22 3.01 0.00 2.75 2.16 0.00 0.00 3.45 5.02 3.19 2.46 2.10 6.29 5056905
3.52 2.36 4.21 2.21 5.34 3.26 2.74 2.74 2.62 2.39 3.89 6.57 4.79 2.95 3.91 5.07 2.31 3.26 2.48 0.00 2.87 0.00 2.65 3.57 0.00 5.98 3.69 3.78 3.26 4.07 2.89 6.18 5069995
3.32 2.22 4.67 2.46 5.65 5.24 3.61 3.02 3.86 2.40 3.66 6.55 4.61 2.65 4.15 6.79 2.18 3.70 5.98 6.58 2.81 0.00 3.79 3.26 0.00 0.00 7.44 5.01 2.59 2.53 6.93 6.26 5083085
3.47 2.78 3.98 2.57 5.69 3.67 2.99 3.72 3.35 2.54 6.09 4.68 5.40 2.43 7.25 7.01 2.09 3.01 2.17 5.23 2.71 0.00 2.55 3.63 0.00 6.67 4.74 5.42 2.56 5.06 3.41 6.38 5096175
3.50 2.47 2.59 2.54 4.53 2.52 3.15 3.43 2.77 2.32 2.67 2.66 4.83 2.49 7.33 6.79 2.14 2.82 5.48 8.96 2.61 4.99 3.91 2.59 0.00 6.61 4.86 0.00 4.32 4.03 3.56 6.24 5109265
3.55 2.95 4.70 2.22 5.58 3.35 2.97 2.90 3.47 3.30 4.32 5.40 5.41 2.27 4.64 6.77 2.18 3.59 3.19 2.42 3.04 0.00 2.55 2.96 0.00 2.56 5.14 4.86 3.18 2.06 2.12 4.39 5122355
2.26 3.00 4.67 2.14 5.14 3.00 2.49 3.35 2.14 2.59 3.71 6.90 2.72 3.03 7.82 7.06 2.28 3.42 2.72 5.57 2.69 4.99 3.41 3.43 0.00 0.00 5.47 4.99 3.62 6.07 5.68 4.58 5135445
3.55 2.75 3.67 2.49 4.46 2.27 3.64 4.16 3.74 2.83 2.84 6.74 4.44 2.53 7.51 6.88 2.25 3.42 3.64 0.00 3.12 5.06 2.75 4.21 0.00 2.42 3.24 5.04 3.03 2.46 2.23 4.96 5148535
3.66 2.89 4.02 2.44 5.28 2.82 2.49 2.44 2.83 2.34 3.60 2.43 5.15 2.37 2.26 6.03 2.13 3.37 2.31 8.93 2.42 5.04 3.61 3.05 0.00 0.00 6.14 4.32 2.85 5.09 5.17 2.67 5161625
3.95 3.50 3.25 2.31 5.27 3.58 3.21 2.20 3.71 2.43 4.78 6.93 2.47 2.34 7.51 5.35 2.13 3.44 4.79 2.23 2.78 0.00 2.44 2.21 0.00 0.00 2.84 3.97 2.63 3.95 4.31 3.12 5174715
3.60 3.15 4.66 2.48 2.73 3.10 2.83 2.38 2.99 2.40 3.74 3.26 5.64 2.46 7.79 2.47 2.20 3.14 4.68 2.48 2.56 0.00 2.17 3.08 0.00 3.24 3.76 5.46 4.65 4.17 2.68 2.26 5187805
3.76 2.43 4.82 2.40 3.61 3.93 2.50 4.43 3.47 2.50 4.15 5.05 4.65 2.96 7.78 7.04 2.41 3.65 3.91 2.66 3.13 5.66 2.54 3.83 0.00 3.15 4.02 4.87 2.24 3.28 2.92 6.27 5200895
3.70 3.25 3.09 2.45 4.75 2.89 2.59 3.54 2.83 2.24 4.23 4.63 2.90 2.51 6.52 7.31 2.42 3.11 4.03 6.08 3.07 5.49 2.38 3.52 0.00 0.00 2.94 3.18 2.84 2.57 3.20 3.64 5213985
3.48 2.97 3.64 2.45 5.01 2.37 3.06 3.44 2.43 2.67 3.30 5.80 3.96 2.64 7.74 7.16 2.16 2.61 2.95 2.95 2.50 0.00 2.43 2.11 0.00 0.00 3.04 5.61 3.60 2.66 2.30 5.23 5227075
3.59 2.64 4.24 2.40 3.15 2.28 2.56 2.35 2.76 2.60 4.05 6.95 6.12 2.49 7.93 2.27 2.07 3.46 2.76 4.48 2.70 4.52 2.55 4.36 0.00 2.39 2.78 5.49 2.34 7.26 2.96 0.00 5240165
3.66 2.95 4.10 2.62 4.19 2.65 2.45 3.38 2.62 2.53 3.74 6.76 5.51 2.70 6.82 2.55 2.21 2.85 5.53 4.66 2.45 0.00 2.90 2.96 0.00 2.93 3.35 0.00 2.53 3.31 2.73 6.70 5253255
3.72 3.13 4.03 2.68 2.59 2.73 2.46 2.17 2.68 2.57 2.42 3.63 4.08 2.42 4.47 2.98 2.08 3.52 2.36 8.95 2.92 0.00 2.28 2.21 0.00 2.53 5.07 3.05 3.40 2.35 2.47 2.56 5266345
3.65 3.00 3.98 2.58 3.48 3.24 2.67 4.54 3.08 2.59 2.58 3.11 2.50 2.53 2.07 3.77 2.22 3.67 2.52 3.15 2.32 0.00 2.37 2.33 0.00 2.24 2.94 4.50 2.61 2.64 2.85 2.75 5279435
3.95 2.45 3.82 2.68 3.84 2.42 2.32 2.89 2.78 2.45 2.44 4.14 2.78 2.76 2.90 5.23 2.21 3.42 3.21 2.16 2.20 0.00 3.21 2.67 0.00 2.55 2.85 2.67 3.62 3.45 2.68 4.02 5292525
2.93 2.92 4.12 2.37 3.19 2.21 2.74 2.16 2.70 2.21 2.61 2.46 2.42 2.38 8.19 3.08 2.31 2.67 2.81 2.18 2.38 2.35 2.77 2.33 0.00 2.41 2.32 2.81 3.74 2.73 2.47 5.47 5305615
3.94 2.53 2.83 2.52 3.24 2.53 2.22 2.15 2.56 2.67 2.96 2.86 2.48 2.17 4.06 2.53 2.08 3.10 4.43 4.64 3.05 2.83 3.14 2.42 0.00 3.48 2.45 0.00 2.35 2.70 2.47 3.39 5318705
3.58 3.02 2.94 2.34 3.02 2.72 3.29 2.35 2.32 2.43 3.21 3.19 2.23 2.28 4.54 2.27 2.21 3.65 2.68 5.00 2.41 0.00 2.46 3.42 0.00 3.14 2.55 3.70 2.45 3.26 2.21 2.18 5331795
2.32 2.64 4.02 2.56 2.21 4.43 2.52 2.30 2.60 2.43 2.58 3.09 2.72 2.64 2.70 3.55 2.12 3.73 2.71 2.06 2.86 0.00 2.31 2.75 0.00 2.40 2.85 3.42 2.22 3.24 3.30 2.45 5344885
2.81 3.25 3.47 2.49 2.27 2.87 2.06 2.74 2.26 2.56 2.90 3.21 2.62 2.84 3.03 2.99 2.17 2.46 2.83 2.37 2.78 3.25 2.51 3.60 0.00 2.68 2.44 2.62 2.52 2.41 2.34 2.92 5357975
4.00 2.67 2.98 2.51 5.32 2.44 3.11 2.49 2.49 2.35 2.46 2.33 2.33 2.75 4.23 2.49 2.08 2.72 3.59 2.77 2.72 0.00 2.71 2.52 0.00 3.50 2.92 3.02 3.09 2.78 2.44 3.26 5371065
3.54 2.42 3.95 2.54 3.33 2.56 2.50 2.72 3.38 2.27 2.52 4.32 2.38 2.50 2.53 2.62 2.15 3.24 2.16 2.26 3.19 0.00 3.32 2.64 0.00 3.20 2.87 3.58 2.46 2.47 2.69 2.77 5384155
3.99 2.83 4.34 2.49 2.93 2.66 2.66 3.27 2.66 2.27 3.44 3.23 2.94 2.77 6.57 2.49 2.13 2.85 2.71 2.73 2.45 2.24 2.16 2.19 0.00 2.46 2.64 2.13 2.48 3.37 2.71 2.94 5397245
4.21 2.97 3.36 2.47 4.73 2.48 2.76 3.07 2.57 2.15 2.63 3.72 3.44 3.34 2.33 2.38 2.36 3.17 2.74 3.18 3.34 0.00 2.44 2.41 0.00 2.61 2.62 2.57 3.81 2.63 2.55 4.06 5410335
4.32 2.95 4.16 2.46 3.18 2.49 2.88 3.08 2.36 2.93 2.30 3.38 2.08 2.31 3.91 2.32 2.26 3.38 3.67 3.55 2.99 2.32 2.60 2.48 0.00 2.06 2.16 3.98 2.60 2.32 2.54 2.20 5423425
3.30 2.49 3.91 2.68 2.19 2.72 2.83 4.21 2.25 2.47 3.46 4.83 2.25 3.02 2.74 2.80 2.05 3.69 2.49 2.22 2.75 0.00 2.31 2.92 0.00 3.11 3.06 3.62 3.49 2.21 3.25 2.61 5436515
4.57 3.02 4.03 2.45 2.56 2.62 3.19 2.91 2.75 2.66 2.63 4.94 2.46 2.40 7.25 2.23 2.45 2.56 2.22 3.05 2.98 3.08 2.42 2.50 0.00 3.31 3.20 2.35 2.41 3.44 2.80 3.44 5449605
3.78 2.87 4.30 2.43 3.25 2.29 2.50 3.25 2.78 2.50 3.04 3.50 4.59 2.38 2.84 3.30 2.15 3.58 3.04 2.40 2.90 3.25 3.37 2.70 0.00 2.73 3.35 3.37 2.53 2.85 2.89 3.25 5462695
3.34 3.15 2.45 2.26 3.95 3.29 3.23 3.23 2.18 2.65 2.38 2.62 3.30 2.30 4.76 2.89 2.13 2.80 4.52 3.62 2.50 2.24 2.42 2.33 0.00 2.66 2.70 3.56 3.48 3.47 2.08 4.79 5475785
4.56 3.11 3.86 2.24 3.85 2.92 2.71 2.71 3.29 2.32 3.70 2.44 2.42 3.38 4.55 2.71 2.22 3.79 2.82 2.10 2.34 0.00 2.48 3.28 0.00 2.18 2.74 3.22 3.13 2.53 3.96 3.34 5488875
4.56 2.55 3.30 2.08 3.73 3.94 3.13 3.54 2.27 2.35 4.47 5.03 2.54 2.81 5.41 3.16 2.09 3.58 2.17 2.31 2.15 3.27 3.50 2.42 0.00 4.07 3.87 3.34 3.26 2.64 2.85 2.48 5501965
4.54 3.16 4.11 2.72 4.12 2.52 2.96 4.05 2.63 2.36 2.41 3.61 2.38 2.17 8.38 2.05 2.19 2.76 2.52 2.12 2.35 4.99 2.66 2.44 0.00 3.07 4.68 3.10 2.63 3.19 4.13 4.37 5515055
4.57 2.61 4.40 2.49 4.19 2.84 2.86 3.28 2.74 2.63 3.78 3.89 2.20 2.81 8.32 3.56 2.34 2.73 2.42 2.70 2.34 0.00 2.35 4.20 0.00 4.43 4.33 3.27 2.28 2.62 2.42 3.08 5528145
4.60 3.22 4.47 2.55 4.15 3.37 3.68 3.60 2.93 2.22 2.85 3.54 5.84 3.26 3.45 2.88 2.47 3.58 4.98 3.73 3.06 0.00 2.44 2.96 0.00 4.49 3.13 3.57 3.03 2.82 2.70 3.95 5541235
4.49 2.42 3.16 2.81 4.06 2.72 3.13 2.88 3.56 3.32 2.93 4.98 4.40 3.18 8.28 3.75 2.06 3.45 3.54 8.82 3.21 2.39 2.82 2.63 0.00 4.77 3.36 3.06 2.18 3.81 4.36 4.66 5554325
4.46 3.39 4.46 2.50 4.11 3.37 3.61 4.12 3.90 2.71 3.15 5.01 2.71 2.60 0.00 3.12 2.07 3.49 5.05 5.64 3.22 4.95 3.07 3.02 0.00 4.61 4.48 3.05 2.77 3.35 4.14 5.02 5567415
4.52 3.55 4.50 2.42 4.03 4.81 3.33 4.12 4.32 3.01 4.85 4.96 5.76 2.91 7.68 0.00 2.07 3.29 3.10 4.71 2.57 4.88 4.77 3.01 0.00 4.84 3.03 2.90 3.29 2.41 3.91 4.65 5580505
4.38 3.48 3.92 2.51 4.10 3.96 2.75 3.85 4.19 2.89 3.49 5.41 5.96 2.85 7.61 7.05 2.08 3.43 4.77 8.84 3.47 4.76 3.14 2.71 0.00 5.35 4.33 2.77 2.65 3.58 5.34 4.34 5593595
4.53 3.37 4.31 2.50 4.17 4.64 3.00 4.22 3.88 3.52 4.68 5.26 5.70 3.02 7.44 0.00 2.04 3.56 6.59 8.95 3.02 0.00 2.88 2.53 0.00 0.00 4.10 2.74 3.52 2.50 5.25 3.65 5606685
4.41 3.45 4.26 2.83 4.16 4.72 3.21 4.11 2.53 3.65 4.00 5.34 5.49 5.88 7.28 8.10 2.25 3.32 2.93 8.74 3.30 4.77 2.84 3.51 0.00 4.56 4.96 2.69 3.08 4.08 2.21 4.41 5619775
4.46 3.48 4.22 2.90 4.06 3.85 3.84 3.94 4.08 3.10 4.31 5.46 5.51 5.90 7.04 7.87 2.04 3.29 2.65 8.22 3.47 4.86 2.45 2.41 0.00 4.59 5.03 3.02 2.47 3.52 4.32 4.24 5632865
4.45 3.45 4.32 2.74 4.02 4.84 4.07 3.95 4.20 3.49 4.58 5.63 5.43 6.48 7.12 8.10 2.09 3.48 4.85 0.00 3.54 5.24 6.52 3.64 0.00 4.42 5.24 2.93 2.86 3.35 3.91 4.54 5645955
4.37 3.51 4.21 3.29 3.97 5.12 3.66 3.76 4.28 3.32 4.69 5.66 5.76 5.72 6.94 7.80 2.22 3.24 6.62 8.67 3.77 4.94 3.01 3.68 0.00 4.49 4.78 2.64 3.33 2.91 4.29 0.00 5659045
4.40 3.55 4.35 2.66 3.97 4.83 3.88 3.90 4.48 3.92 4.36 5.08 6.28 4.72 0.00 7.65 2.13 3.45 3.13 9.04 3.43 0.00 0.00 4.44 0.00 4.66 5.69 3.13 3.43 3.90 2.27 4.48 5672135
4.42 3.50 4.36 2.82 4.07 4.88 3.86 3.95 4.09 4.22 4.52 5.78 5.61 6.65 7.08 7.47 2.13 3.23 6.63 8.89 3.87 4.85 2.74 3.90 0.00 0.00 5.63 2.58 3.43 3.87 5.59 4.51 5685225
4.41 3.45 4.42 3.06 4.00 4.84 3.62 4.01 4.49 4.09 4.24 5.00 5.52 6.33 6.78 7.79 2.17 3.38 0.00 0.00 3.74 0.00 0.00 0.00 0.00 4.87 5.60 2.80 3.24 4.13 5.00 4.37 5698315
4.46 3.61 4.55 2.51 3.99 4.83 3.63 4.01 4.12 3.89 4.16 4.85 5.53 6.29 6.85 7.56 2.09 3.29 6.61 0.00 3.73 4.77 0.00 0.00 0.00 4.47 5.57 2.75 3.32 4.04 5.53 4.46 5711405
4.41 3.52 4.41 4.04 4.47 4.92 3.79 3.83 4.16 3.67 4.35 5.32 5.46 6.36 6.78 7.56 2.33 3.27 0.00 0.00 3.67 0.00 0.00 3.92 0.00 4.80 5.67 2.70 3.30 3.89 5.38 4.35 5724495
4.33 3.49 4.42 2.64 4.08 4.94 0.00 4.07 4.04 3.82 4.18 5.04 5.47 6.21 6.83 7.68 0.00 3.36 7.03 9.13 3.64 4.71 0.00 5.02 0.00 4.50 5.59 2.93 3.31 3.68 5.35 5.17 5737585
4.33 3.55 4.28 2.76 4.06 5.48 3.95 4.08 4.08 3.93 4.16 4.86 5.92 6.35 6.87 7.63 2.11 3.25 0.00 9.15 3.79 4.66 0.00 3.79 0.00 0.00 5.55 2.69 3.28 3.81 5.41 4.25 5750675
4.34 3.51 4.27 2.41 4.13 4.84 3.59 4.01 3.95 3.68 4.07 5.33 5.42 6.22 6.85 7.58 2.10 3.20 0.00 9.41 3.90 4.65 0.00 3.69 0.00 4.55 5.58 2.68 3.28 3.73 5.13 4.06 5763765
4.42 3.95 4.40 2.76 4.19 4.81 3.65 3.83 4.09 3.78 3.98 4.66 5.64 6.19 6.94 7.49 2.21 3.51 7.17 8.87 0.00 4.76 0.00 4.47 0.00 4.80 5.59 2.86 3.30 4.14 5.61 4.23 5776855
4.58 3.58 4.37 3.82 4.27 4.90 3.67 3.88 4.14 3.95 4.01 4.53 5.62 6.32 0.00 7.43 2.09 3.30 7.34 0.00 4.46 4.82 0.00 3.99 0.00 4.46 5.74 2.77 3.26 3.76 4.92 4.32 5789945
4.76 3.49 4.37 2.49 4.43 4.88 3.65 4.00 4.47 4.01 3.77 4.63 5.27 6.31 7.04 7.37 2.09 3.23 0.00 9.27 3.87 4.74 5.83 3.52 0.00 4.74 5.70 2.70 3.28 3.90 4.98 4.37 5803035
4.46 3.51 4.51 2.67 4.35 4.78 3.65 3.93 3.94 3.69 4.07 4.52 5.65 6.41 6.89 7.38 2.09 3.47 7.35 9.17 0.00 0.00 0.00 4.36 0.00 4.59 5.62 2.82 3.27 3.94 5.15 4.28 5816125
4.36 3.50 4.43 0.00 4.47 4.71 3.74 3.96 4.03 3.59 3.74 4.53 5.33 6.18 6.97 7.26 2.09 3.38 0.00 8.82 3.62 4.77 0.00 4.64 0.00 4.50 5.65 2.73 3.28 4.00 5.10 4.02 5829215
4.58 3.88 4.69 0.00 4.45 4.65 0.00 4.22 3.94 3.66 3.85 4.22 5.23 6.28 6.90 7.64 2.10 3.27 0.00 8.70 4.01 4.71 0.00 4.61 0.00 4.70 5.64 2.90 3.28 3.67 5.12 4.39 5842305
4.39 3.73 4.37 2.67 4.42 4.75 3.64 4.05 3.93 3.59 3.75 4.13 5.30 6.19 6.90 0.00 2.11 3.16 0.00 8.94 0.00 4.69 4.62 0.00 0.00 4.46 5.59 2.83 3.36 3.69 4.88 3.95 5855395
4.60 3.38 4.56 0.00 4.36 4.78 3.65 4.59 3.85 3.61 3.74 4.47 5.23 6.27 6.88 7.21 2.29 3.25 0.00 9.19 3.81 4.73 0.00 0.00 0.00 4.57 5.69 2.90 3.30 3.54 4.83 4.34 5868485
4.42 3.46 4.41 0.00 4.40 4.84 0.00 4.11 4.11 3.67 3.63 3.94 5.14 6.23 6.62 7.23 2.12 3.22 0.00 8.78 3.97 0.00 3.49 3.68 0.00 4.48 5.60 2.88 3.27 3.14 4.80 3.97 5881575
4.42 3.55 4.53 0.00 4.01 5.04 0.00 4.10 3.77 3.62 3.61 3.72 5.09 6.21 6.96 7.40 2.10 3.25 0.00 8.98 0.00 4.59 0.00 3.52 0.00 4.42 5.63 2.85 3.32 3.54 4.83 4.07 5894665
4.50 3.43 4.45 0.00 4.12 5.16 3.68 4.35 3.66 3.57 3.62 3.79 5.40 6.23 6.67 7.43 2.03 3.19 0.00 8.96 4.27 4.56 3.37 3.52 0.00 4.43 5.63 3.04 3.33 3.66 4.55 3.95 5907755
4.50 3.51 4.62 0.00 4.02 5.19 3.68 4.15 4.06 3.62 3.61 4.00 4.97 6.36 7.01 7.16 2.08 3.28 0.00 0.00 4.46 0.00 0.00 0.00 0.00 4.88 5.72 2.87 3.36 3.40 4.78 3.97 5920845
4.43 3.45 4.67 0.00 3.94 5.16 3.69 4.03 3.65 3.57 3.52 3.77 5.09 6.24 6.93 7.51 2.06 3.23 0.00 8.71 4.23 5.20 0.00 4.06 0.00 4.46 5.74 2.99 3.22 3.51 4.71 3.87 5933935
4.49 3.70 4.66 0.00 4.08 5.17 3.67 3.99 3.75 3.51 3.60 3.84 5.34 6.21 6.79 7.10 2.15 3.30 6.75 8.76 4.29 4.58 4.73 3.42 0.00 4.42 5.79 3.40 3.10 3.49 4.41 0.00 5947025
4.97 3.42 4.70 2.51 3.59 4.79 3.61 4.10 3.60 3.61 3.79 3.78 5.37 6.06 6.76 7.38 2.06 3.51 7.15 8.78 4.48 5.14 3.47 2.77 0.00 4.47 5.77 2.92 3.31 3.20 4.30 3.75 5960115
4.65 2.60 4.70 0.00 3.01 4.28 3.83 3.92 3.60 3.52 3.72 3.84 5.39 6.02 7.15 7.33 2.08 3.35 6.62 8.69 4.14 4.56 0.00 3.48 0.00 4.45 5.75 3.13 3.07 3.47 4.41 4.12 5973205
4.37 3.53 4.63 2.43 2.99 3.70 3.67 3.85 3.50 3.63 3.64 4.07 5.20 6.08 6.75 7.08 2.27 3.38 6.79 8.70 3.61 4.71 3.33 3.67 0.00 4.47 5.55 3.03 3.03 3.09 4.29 3.71 5986295
4.57 3.41 4.67 2.89 2.93 4.06 3.72 3.95 3.49 3.54 3.81 3.99 5.17 6.04 6.63 0.00 2.07 3.27 6.68 8.83 0.00 4.63 4.68 3.91 0.00 4.33 5.71 2.97 2.99 3.20 4.31 0.00 5999385
4.29 3.52 4.76 3.15 2.94 3.36 3.65 3.83 3.72 3.51 3.67 3.85 5.36 5.95 6.70 6.79 2.16 3.57 0.00 8.93 3.88 4.71 8.07 3.81 0.00 4.46 5.59 3.00 3.08 3.28 4.09 3.59 6012475
4.37 3.67 4.88 0.00 2.91 3.78 2.93 3.80 3.57 3.48 3.75 3.89 5.17 6.00 6.67 6.97 2.04 3.09 6.83 8.80 4.13 4.62 4.33 3.31 0.00 4.42 5.60 3.17 2.94 3.04 4.30 3.96 6025565
4.33 3.53 4.57 2.93 3.04 3.51 3.86 3.79 3.49 3.48 3.78 3.98 5.20 5.88 6.30 6.75 2.12 3.30 6.96 9.04 3.93 0.00 5.40 3.81 0.00 4.64 6.14 3.04 3.05 3.20 3.95 3.63 6038655
4.64 3.52 4.94 3.05 3.03 3.39 3.73 3.83 3.44 3.50 3.97 3.99 5.19 5.89 6.60 6.54 2.22 3.37 0.00 9.44 3.89 4.67 5.77 3.76 0.00 4.47 5.67 3.20 2.76 3.44 3.96 3.38 6051745
4.30 2.94 5.07 0.00 3.03 3.35 3.80 3.70 3.37 3.41 3.93 3.97 5.17 5.89 6.81 6.48 3.03 3.29 0.00 8.89 3.47 4.54 4.25 2.91 0.00 4.47 5.92 3.31 2.63 2.91 4.13 3.49 6064835
4.27 3.34 0.00 2.26 3.02 3.41 3.68 3.03 3.07 3.21 3.81 3.95 5.26 5.89 6.60 6.61 2.12 2.55 7.02 8.83 4.38 4.56 5.88 0.00 0.00 4.88 5.60 3.44 2.65 2.82 4.21 3.08 6077925
4.75 3.39 5.26 2.86 3.00 3.36 3.14 3.59 3.40 3.48 3.77 4.08 5.26 5.99 6.29 6.29 2.29 3.38 6.70 0.00 3.91 4.55 0.00 2.22 0.00 4.98 5.61 3.20 2.64 2.86 3.99 3.35 6091015
4.70 3.14 0.00 2.88 3.07 3.39 3.57 3.58 3.26 3.46 3.88 4.07 5.11 5.83 6.16 6.79 2.08 3.35 2.94 8.78 3.91 4.63 2.64 3.07 0.00 4.47 5.54 3.21 2.63 2.80 3.86 3.23 6104105
4.27 0.00 0.00 0.00 3.00 3.40 3.14 3.56 3.48 2.81 3.90 4.11 5.22 5.94 6.12 6.32 2.07 3.14 0.00 8.76 3.88 4.51 0.00 3.91 0.00 4.44 5.67 3.08 2.59 2.85 3.85 3.02 6117195
4.30 3.41 0.00 2.66 3.04 3.28 3.86 3.59 3.34 3.46 4.10 4.18 5.01 5.84 6.18 6.21 2.74 3.17 6.20 8.86 3.62 5.22 3.49 5.07 0.00 4.60 5.70 2.97 2.59 2.78 3.82 3.41 6130285
4.31 3.48 0.00 2.60 3.04 3.28 3.47 3.56 3.13 3.50 4.16 4.20 4.97 5.97 6.12 6.52 2.04 3.10 0.00 8.90 3.65 0.00 4.23 4.08 0.00 0.00 5.25 3.47 2.47 2.82 3.91 3.30 6143375
4.30 3.80 0.00 0.00 3.10 3.18 2.86 3.54 3.24 3.47 3.92 4.31 5.09 5.78 6.15 6.01 2.07 3.27 0.00 8.78 4.18 0.00 3.10 3.00 0.00 4.82 6.09 2.86 2.57 2.87 3.65 3.13 6156465
4.34 3.54 0.00 2.47 3.12 3.23 2.69 3.45 3.21 3.58 3.94 4.23 4.89 5.78 6.12 6.24 2.26 3.19 6.62 8.90 4.29 4.51 3.41 4.06 0.00 4.43 5.50 3.07 2.57 2.86 3.84 3.14 6169555
4.35 3.42 0.00 2.41 3.19 3.30 2.90 3.20 3.08 3.45 4.08 4.28 4.90 5.79 6.11 5.91 2.09 3.20 6.61 8.97 3.93 4.39 6.27 3.46 0.00 4.50 4.67 2.87 2.59 2.82 3.70 3.20 6182645
4.30 3.90 5.50 0.00 3.07 3.15 3.73 3.23 3.21 3.52 4.06 4.31 5.01 5.74 6.15 6.06 2.03 3.19 6.56 8.91 3.61 4.42 4.95 3.85 0.00 4.37 5.56 2.94 2.60 2.87 3.67 3.04 6195735
4.42 3.63 0.00 2.47 3.11 3.11 3.64 3.21 3.07 3.25 3.95 4.26 5.03 5.81 6.10 6.04 2.26 3.23 0.00 8.88 3.73 4.38 0.00 0.00 0.00 4.44 5.75 2.77 2.67 2.91 3.57 3.10 6208825
4.33 3.69 0.00 0.00 3.07 3.15 3.04 3.39 3.08 2.99 4.01 4.31 5.06 5.79 6.10 5.94 2.11 3.27 6.56 8.89 3.77 4.42 0.00 3.35 0.00 4.47 5.56 2.88 2.68 3.05 3.50 3.01 6221915
4.57 3.10 5.25 0.00 3.09 3.10 3.65 3.34 3.01 3.47 4.01 5.01 5.39 5.76 6.19 5.83 2.17 3.26 0.00 8.78 3.77 0.00 3.89 0.00 0.00 0.00 5.61 2.92 2.71 3.08 2.83 2.97 6235005
4.22 3.73 5.22 0.00 3.10 3.12 3.37 3.17 3.01 3.47 3.92 4.37 4.71 5.79 6.12 5.89 2.07 3.21 7.03 8.82 3.78 4.29 6.43 3.53 0.00 4.38 5.79 3.35 2.89 3.11 3.14 2.94 6248095
4.36 3.56 4.98 2.99 3.23 3.07 2.65 3.27 3.08 3.42 3.97 4.58 4.68 5.80 6.32 5.88 2.09 3.25 0.00 9.30 3.72 4.31 0.00 4.54 0.00 4.78 5.50 3.01 2.85 3.22 3.11 2.88 6261185
4.28 3.59 5.15 3.95 3.20 3.10 3.17 3.25 3.02 3.46 3.96 4.45 4.67 5.77 6.18 5.85 2.10 3.21 0.00 8.81 3.80 4.30 3.71 3.63 0.00 4.93 5.89 2.88 2.95 3.24 2.97 2.97 6274275
4.44 3.46 5.09 0.00 3.36 3.13 3.66 3.26 2.99 3.56 3.99 4.48 5.20 5.79 6.12 5.77 2.11 3.22 6.95 8.88 3.76 4.43 0.00 0.00 0.00 4.33 5.68 3.44 2.98 3.32 2.93 2.89 6287365
4.33 3.46 5.00 0.00 3.22 3.15 3.66 3.28 2.94 3.48 4.01 4.40 4.73 5.73 6.08 5.87 2.09 3.24 0.00 8.79 3.69 0.00 0.00 0.00 0.00 4.37 5.43 2.92 3.02 3.45 2.99 2.87 6300455
4.42 3.53 5.03 0.00 3.24 3.16 3.57 3.31 2.99 3.51 4.12 4.49 4.94 5.81 6.26 5.85 2.11 3.32 0.00 8.90 3.97 0.00 6.78 4.42 0.00 4.58 5.82 3.55 3.07 3.50 2.85 3.11 6313545
4.69 0.00 5.00 0.00 3.22 3.11 3.62 3.42 2.93 3.54 4.05 4.47 4.66 5.77 6.14 5.87 2.21 3.31 7.78 8.90 3.64 4.32 0.00 3.95 0.00 5.13 5.65 2.88 3.05 3.76 2.76 3.51 6326635
4.38 3.64 5.11 0.00 3.23 3.13 3.76 3.22 2.95 3.50 4.14 4.48 4.70 5.83 6.21 6.03 2.02 3.32 0.00 8.80 3.61 4.61 0.00 4.52 0.00 4.30 5.57 2.84 3.04 3.54 3.05 3.09 6339725
4.68 3.90 5.08 0.00 3.22 3.18 3.54 3.60 3.05 3.44 4.11 4.59 4.66 5.72 6.09 6.01 2.10 3.57 6.89 8.92 3.56 4.34 0.00 4.70 0.00 0.00 5.59 2.78 3.17 3.55 2.84 2.96 6352815
4.27 0.00 5.02 0.00 3.22 3.14 3.66 3.59 2.90 3.48 4.07 4.65 4.81 5.80 6.14 5.92 2.06 3.43 0.00 8.74 3.53 4.26 0.00 3.91 0.00 4.44 5.61 2.80 3.18 3.62 2.80 2.97 6365905
4.45 3.46 5.09 0.00 3.27 3.18 3.76 3.28 2.98 3.51 4.04 4.66 4.63 5.81 6.08 5.89 2.08 3.49 7.30 8.90 3.51 4.65 0.00 3.88 0.00 4.46 5.44 2.76 3.13 3.67 2.92 3.40 6378995
4.45 0.00 4.93 0.00 3.28 3.17 3.65 3.16 2.94 3.53 4.14 5.19 4.73 5.83 6.19 5.88 2.06 3.43 0.00 8.97 3.52 4.30 0.00 3.83 0.00 4.42 5.62 2.72 3.17 3.62 2.85 3.03 6392085
4.46 0.00 5.83 0.00 3.25 3.27 3.62 3.18 2.90 3.45 4.08 4.68 4.72 5.73 6.10 5.95 2.09 3.40 0.00 8.77 3.61 0.00 0.00 3.80 0.00 4.50 5.60 2.69 3.24 3.81 2.96 3.19 6405175
4.28 0.00 5.02 0.00 3.23 3.19 3.58 3.15 2.93 3.48 4.16 4.70 5.54 5.80 6.16 6.00 2.14 3.52 0.00 9.36 3.57 4.21 0.00 0.00 0.00 4.49 5.61 2.99 3.20 3.74 3.14 3.10 6418265
4.62 4.20 5.00 0.00 3.23 3.19 3.69 3.26 2.88 3.50 4.21 4.49 4.64 5.90 6.30 5.94 2.09 3.55 0.00 8.93 3.81 4.51 0.00 4.78 0.00 4.42 5.47 2.67 3.23 3.68 2.87 3.10 6431355
4.40 4.20 5.14 0.00 3.27 3.18 3.75 3.21 2.91 3.46 4.05 4.51 5.01 5.88 6.11 5.95 2.14 3.34 0.00 8.91 3.61 4.27 0.00 0.00 0.00 4.50 5.59 2.75 3.20 3.74 2.78 3.09 6444445
4.34 4.17 5.77 0.00 3.28 3.22 3.72 3.27 2.89 3.49 4.14 5.14 5.04 5.72 6.09 6.06 2.06 3.41 0.00 8.92 4.36 4.84 0.00 4.97 0.00 4.51 5.58 2.65 3.19 3.70 2.68 3.07 6457535
4.94 4.17 5.03 0.00 3.23 3.31 3.73 3.17 2.90 3.48 4.06 4.95 4.68 5.91 6.12 5.97 2.04 3.46 0.00 8.89 3.61 4.32 0.00 0.00 0.00 4.50 5.60 2.87 3.30 3.91 2.71 3.10 6470625
4.20 4.23 0.00 0.00 3.25 3.22 3.63 3.24 2.91 3.48 4.13 4.69 4.74 5.87 6.13 5.98 2.04 3.83 0.00 8.92 3.65 4.87 0.00 0.00 0.00 4.50 5.60 2.65 3.27 3.88 2.72 3.22 6483715
4.35 0.00 0.00 0.00 3.26 3.29 3.60 3.27 2.85 3.46 4.11 4.55 4.79 5.72 6.12 5.94 2.05 3.54 0.00 8.91 3.46 0.00 0.00 0.00 0.00 4.49 5.60 2.64 3.34 3.68 2.74 3.16 6496805
4.76 4.22 0.00 0.00 3.27 3.24 3.71 3.24 2.99 3.47 4.07 4.52 4.67 5.81 6.12 6.05 2.06 3.61 0.00 9.18 3.47 4.34 0.00 4.56 0.00 4.50 5.65 2.94 3.34 3.77 2.83 3.08 6509895
4.36 0.00 0.00 0.00 3.30 3.17 3.68 3.28 2.88 3.47 4.07 4.42 4.63 5.73 6.12 5.90 2.05 3.71 0.00 8.91 3.46 4.94 0.00 4.16 0.00 4.52 5.61 2.74 3.37 3.71 2.69 3.31 6522985
4.24 0.00 0.00 0.00 3.30 3.20 3.67 3.09 2.94 3.49 4.09 4.49 4.63 5.79 6.35 6.10 2.03 3.66 0.00 8.88 3.66 4.46 0.00 0.00 0.00 4.50 6.16 2.87 3.34 3.72 2.75 3.14 6536075
4.16 4.11 0.00 0.00 3.34 3.21 3.66 3.25 2.87 3.50 4.11 4.57 4.63 5.82 6.27 6.09 2.07 3.60 0.00 8.89 3.63 0.00 0.00 3.96 0.00 4.51 5.88 2.75 3.36 3.71 2.76 3.79 6549165
5.05 0.00 0.00 0.00 3.28 3.22 3.67 3.13 2.86 3.46 4.09 4.53 4.77 5.84 6.27 5.98 2.05 3.65 0.00 8.93 3.55 4.41 0.00 4.57 0.00 4.51 6.29 2.76 3.47 3.68 2.76 3.09 6562255
4.26 0.00 0.00 0.00 3.34 3.17 3.62 3.16 2.89 3.47 4.29 4.52 4.62 5.87 6.14 6.02 2.19 3.54 0.00 8.99 3.86 4.29 0.00 0.00 0.00 4.52 6.10 2.94 3.47 3.69 2.71 3.14 6575345
4.25 4.19 0.00 0.00 3.27 3.22 3.72 3.32 2.93 3.46 4.04 4.50 4.61 5.72 6.14 6.11 2.22 3.49 0.00 9.40 3.53 4.31 0.00 4.57 0.00 4.52 5.59 2.73 3.39 3.69 2.80 3.09 6588435
4.27 4.19 0.00 0.00 3.25 3.20 3.66 3.25 2.91 3.44 4.06 4.47 4.58 5.73 6.29 6.02 2.23 3.51 0.00 8.93 3.56 4.43 0.00 0.00 0.00 4.50 5.49 2.75 3.41 3.72 2.75 3.09 6601525
4.25 0.00 0.00 0.00 3.22 3.26 3.64 3.38 2.90 3.46 4.11 4.44 4.57 5.72 0.00 5.98 2.16 3.48 0.00 8.94 3.54 4.55 0.00 0.00 0.00 4.51 5.49 3.29 3.44 3.75 2.80 0.00 6614615
4.38 0.00 0.00 0.00 3.29 3.23 3.77 3.25 2.84 3.52 4.19 4.46 4.61 5.99 6.20 6.03 2.18 3.45 0.00 9.39 3.52 4.65 0.00 0.00 0.00 4.44 5.49 2.67 3.49 3.78 2.97 3.08 6627705
4.65 4.21 0.00 0.00 3.31 3.20 3.75 3.41 2.88 3.47 4.08 4.45 4.59 5.73 6.12 5.98 2.52 3.49 0.00 8.92 3.56 4.28 0.00 0.00 0.00 4.49 5.57 3.35 3.48 3.73 2.73 3.09 6640795
4.64 0.00 0.00 0.00 3.25 3.21 3.80 3.31 2.85 3.46 4.14 4.44 4.53 5.78 6.21 6.00 2.49 3.49 0.00 0.00 3.82 4.41 0.00 0.00 0.00 4.43 5.47 2.75 3.66 3.76 2.71 3.13 6653885