5.35 0.00 5.23 0.00 4.08 3.70 3.26 4.12 0.00 6.41 5.78 5.72 5.56 6.43 7.83 7.84 2.41 3.65 6.34 8.79 0.00 5.49 0.00 3.61 0.00 0.00 5.82 2.66 3.75 4.67 5.00 3.88 2709714
5.34 0.00 5.25 0.00 4.11 3.70 3.26 4.15 0.00 6.41 5.77 5.71 5.53 6.42 7.91 7.85 2.26 3.65 6.38 8.79 0.00 5.52 0.00 3.60 0.00 0.00 5.83 2.66 3.75 4.68 5.02 3.88 2722804
5.33 0.00 5.23 0.00 4.17 3.70 3.26 4.13 0.00 6.41 5.78 5.71 5.55 6.42 7.92 7.86 2.25 3.64 6.36 8.78 0.00 5.50 0.00 3.61 0.00 0.00 5.82 2.65 3.75 4.67 5.00 3.87 2735894
5.33 0.00 5.23 0.00 4.15 3.70 3.26 4.15 0.00 6.42 5.77 5.72 5.55 6.42 7.92 7.86 2.25 3.65 6.40 8.79 0.00 5.49 0.00 3.61 0.00 0.00 5.82 2.66 3.76 4.67 5.02 3.88 2748984
5.31 0.00 5.23 0.00 4.17 3.69 3.25 4.15 0.00 6.42 5.78 5.71 5.55 6.43 7.91 7.85 2.25 3.65 6.30 8.78 0.00 5.48 0.00 3.67 0.00 0.00 5.82 2.65 3.75 4.67 5.02 3.87 2762074
5.05 3.62 5.26 0.00 3.88 3.75 3.25 3.84 0.00 6.41 5.77 5.84 5.58 6.46 7.64 7.50 2.11 3.60 6.24 8.81 0.00 5.49 0.00 3.67 0.00 0.00 5.82 2.66 3.76 4.67 5.09 3.89 2775164
5.04 3.63 5.07 0.00 4.13 3.73 3.29 4.00 0.00 6.41 5.78 5.72 5.39 6.45 7.75 7.42 2.33 3.60 6.08 8.79 0.00 5.50 0.00 0.00 0.00 5.02 5.69 2.62 3.75 4.66 4.90 3.85 2788254
5.02 3.65 4.94 0.00 3.89 3.76 3.28 3.87 0.00 6.41 6.04 5.69 5.55 6.45 7.74 7.45 2.28 3.54 6.14 8.82 0.00 5.86 0.00 3.72 0.00 0.00 5.70 2.66 3.84 4.63 4.95 3.83 2801344
5.04 3.64 5.13 0.00 3.89 3.70 3.19 3.85 0.00 6.41 5.80 5.69 5.60 6.60 7.71 7.43 2.32 3.73 6.32 8.81 0.00 0.00 0.00 3.83 0.00 5.02 5.70 2.79 3.77 4.62 4.97 3.86 2814434
5.04 3.62 5.22 0.00 3.82 3.72 3.12 3.90 0.00 6.52 6.02 5.61 5.48 6.53 7.75 7.48 2.42 3.62 6.33 8.82 0.00 0.00 0.00 4.43 0.00 0.00 6.29 2.64 3.86 4.74 4.92 3.97 2827524
5.18 3.63 5.39 0.00 3.85 3.76 3.22 3.88 0.00 6.42 5.83 6.21 5.67 6.51 7.69 7.45 3.19 3.64 6.41 8.82 0.00 5.26 0.00 3.91 0.00 5.00 5.73 2.72 3.88 4.73 4.92 3.86 2840614
5.12 3.65 5.09 0.00 3.86 3.69 3.16 3.93 0.00 6.40 5.86 5.51 5.37 6.47 7.72 7.42 2.50 3.46 6.43 8.81 0.00 5.36 0.00 4.86 0.00 0.00 5.75 2.67 3.82 4.76 4.95 3.90 2853704
5.10 0.00 4.75 0.00 3.83 3.62 3.14 3.91 0.00 6.42 5.79 5.49 5.12 6.44 7.53 7.98 2.16 3.70 6.37 8.82 0.00 5.21 0.00 0.00 0.00 0.00 5.84 2.64 3.90 4.62 4.95 3.95 2866794
4.83 3.49 0.00 2.84 3.84 3.65 3.11 4.01 0.00 6.27 5.88 5.49 5.32 6.32 7.41 7.53 2.27 3.57 6.38 8.81 3.90 5.57 0.00 4.30 0.00 5.01 5.80 2.63 3.84 4.62 5.04 4.01 2879884
4.88 3.69 4.79 0.00 3.82 3.59 3.20 3.92 5.75 6.39 5.87 5.47 5.28 6.21 7.09 7.23 2.18 3.40 6.59 8.88 0.00 0.00 2.89 5.42 0.00 4.93 5.77 3.30 3.82 4.67 4.85 4.03 2892974
4.62 3.57 4.67 0.00 3.85 3.53 3.10 4.09 5.97 6.19 5.85 5.66 5.18 6.05 7.02 7.23 2.17 3.07 6.49 8.82 0.00 5.18 0.00 4.36 0.00 4.86 5.88 2.94 3.94 4.68 5.23 4.25 2906064
4.73 3.59 4.78 3.02 3.93 3.60 3.10 3.96 5.80 5.62 5.75 5.65 5.55 6.11 6.93 7.14 2.34 3.32 6.53 8.97 0.00 5.43 9.90 4.57 0.00 4.79 5.75 3.35 3.90 4.83 5.08 4.34 2919154
4.56 0.00 4.97 0.00 3.90 3.60 2.94 4.06 5.21 6.38 5.84 5.58 5.38 6.10 7.05 7.01 2.07 3.34 6.71 8.83 0.00 0.00 0.00 3.57 0.00 5.38 5.67 2.66 3.84 4.67 5.01 4.46 2932244
4.58 4.24 5.04 0.00 3.85 3.52 3.27 3.89 0.00 6.41 5.64 5.35 5.38 6.05 7.04 6.96 2.18 3.16 6.52 9.33 0.00 5.35 3.15 4.12 0.00 4.89 6.31 2.65 3.84 4.65 5.06 4.22 2945334
4.67 3.54 5.10 0.00 3.89 3.56 3.13 3.95 6.20 6.40 5.86 5.63 5.11 5.39 7.03 6.89 2.17 3.45 6.75 8.95 0.00 5.27 0.00 3.52 0.00 4.77 5.71 2.73 4.00 4.79 5.04 0.00 2958424
4.60 3.52 5.19 0.00 3.91 3.55 3.22 3.96 5.78 6.41 6.02 5.33 5.03 5.99 6.67 7.00 2.27 3.18 7.07 9.05 0.00 5.16 0.00 4.86 0.00 5.19 5.75 2.50 3.88 4.81 4.99 4.38 2971514
4.61 3.53 0.00 0.00 3.87 3.63 3.20 4.00 0.00 6.40 5.90 5.39 5.06 5.93 6.76 7.02 2.25 3.34 7.20 9.00 0.00 5.10 0.00 3.78 0.00 5.32 5.79 2.79 4.07 4.69 5.95 4.31 2984604
4.48 3.52 0.00 0.00 3.87 3.59 3.13 4.77 5.42 6.41 5.89 5.43 5.10 5.87 6.89 6.69 2.07 3.28 6.39 9.49 0.00 5.77 9.54 0.00 0.00 4.87 5.72 2.58 3.98 4.62 5.16 4.60 2997694
4.54 3.58 5.25 0.00 3.85 3.51 3.10 4.22 0.00 6.37 5.97 5.48 5.05 6.09 6.86 6.63 2.09 3.59 6.66 9.54 0.00 5.27 0.00 4.31 0.00 4.90 5.74 3.16 4.41 4.70 5.19 4.28 3010784
4.77 3.53 0.00 0.00 3.86 3.57 3.12 4.03 0.00 6.37 5.88 5.41 5.22 5.87 0.00 6.65 2.13 3.53 6.54 8.96 0.00 5.08 0.00 5.35 0.00 4.77 5.74 2.72 3.93 4.69 5.35 4.42 3023874
4.67 3.53 0.00 0.00 3.91 3.51 3.25 4.03 0.00 6.37 5.85 5.37 5.32 5.88 7.35 6.61 2.13 4.15 5.86 8.91 0.00 4.99 0.00 0.00 0.00 4.78 5.89 2.72 4.01 4.65 5.28 4.30 3036964
4.89 4.26 5.39 0.00 3.96 3.53 3.21 4.02 0.00 6.36 5.86 5.45 5.28 5.81 6.83 7.53 2.05 3.59 6.27 8.89 0.00 5.01 0.00 4.53 0.00 5.15 5.91 2.67 4.01 4.68 5.27 4.32 3050054
4.68 3.52 4.96 0.00 3.87 3.53 3.23 3.96 0.00 6.37 5.85 5.33 5.33 5.76 6.75 6.48 2.07 3.46 6.19 8.83 0.00 0.00 0.00 5.69 0.00 4.78 5.61 2.61 3.90 4.65 5.35 4.31 3063144
4.64 3.52 4.97 0.00 3.86 3.50 3.30 3.99 0.00 6.36 5.85 5.30 4.87 5.65 6.76 6.80 2.17 3.59 6.25 9.52 0.00 6.03 0.00 5.02 0.00 4.79 5.60 2.65 3.90 4.64 5.16 4.33 3076234
4.63 3.52 5.03 0.00 3.90 3.53 3.10 4.06 0.00 6.37 5.82 5.84 5.22 0.00 7.28 6.33 2.14 3.52 6.07 8.79 0.00 4.99 0.00 0.00 0.00 5.51 5.62 2.90 3.94 4.70 5.26 4.22 3089324
4.61 0.00 5.02 0.00 3.91 3.51 3.09 3.89 0.00 6.37 5.83 5.32 4.92 5.90 6.59 6.29 2.05 3.57 6.13 9.39 0.00 5.09 0.00 0.00 0.00 4.89 5.64 2.63 4.01 4.66 5.44 4.26 3102414
4.77 3.53 5.16 0.00 3.85 3.52 3.09 3.91 5.44 6.38 5.81 5.33 5.01 5.88 6.65 6.58 2.09 3.78 6.11 9.03 0.00 4.98 0.00 4.41 0.00 5.53 5.66 2.95 4.14 4.74 5.26 4.43 3115504
4.70 0.00 5.13 0.00 3.86 3.52 3.15 3.92 0.00 6.37 5.82 5.31 5.33 5.69 6.73 6.36 2.14 3.52 6.94 9.26 0.00 5.72 0.00 4.98 0.00 5.53 5.63 2.58 4.08 4.76 5.21 4.19 3128594
4.59 3.51 5.06 0.00 3.85 3.52 3.36 4.02 0.00 6.36 5.80 5.34 4.82 5.97 6.62 6.37 2.11 3.38 6.51 9.37 0.00 5.00 9.85 4.97 0.00 4.75 5.63 2.59 4.12 4.68 5.22 4.43 3141684
4.55 3.52 5.15 0.00 3.87 3.52 3.33 3.89 0.00 6.36 5.80 5.33 5.25 5.65 6.55 6.84 2.39 3.55 6.08 8.96 0.00 5.00 0.00 3.53 0.00 4.78 5.64 2.85 4.05 4.67 5.25 4.30 3154774
4.69 3.51 5.12 0.00 3.85 3.49 3.16 3.91 6.13 6.36 5.78 5.32 5.07 5.72 6.40 6.41 2.36 3.37 7.09 9.16 0.00 4.92 0.00 3.99 0.00 4.76 5.65 2.86 3.91 4.73 5.31 4.30 3167864
5.43 0.00 5.18 0.00 3.86 3.50 3.06 3.89 0.00 6.36 5.79 5.31 4.77 5.61 6.32 6.49 2.08 3.53 6.16 8.93 0.00 5.22 0.00 0.00 0.00 4.76 5.63 2.60 3.90 5.46 5.50 4.25 3180954
4.75 0.00 5.26 0.00 3.86 3.61 3.16 4.18 6.15 6.38 5.83 5.36 4.97 5.66 6.43 6.33 2.15 3.47 6.74 8.93 0.00 0.00 0.00 0.00 0.00 4.75 5.65 2.78 3.92 4.69 5.18 4.26 3194044
0.00 3.52 5.26 0.00 3.90 3.53 3.30 4.08 0.00 6.37 5.82 5.33 5.00 5.88 0.00 6.51 2.07 3.47 6.44 8.92 0.00 4.85 0.00 0.00 0.00 4.74 5.63 2.64 4.16 4.95 5.24 4.41 3207134
4.80 0.00 4.79 0.00 3.86 3.47 3.10 3.99 0.00 6.35 5.80 5.31 5.04 5.69 6.50 6.71 2.07 3.38 6.97 8.89 0.00 0.00 0.00 5.49 0.00 4.74 5.59 2.64 4.02 4.72 5.55 4.34 3220224
0.00 0.00 5.17 0.00 3.86 3.51 3.21 4.29 0.00 6.35 5.84 5.31 5.10 5.70 6.42 6.30 2.24 3.75 6.39 8.90 0.00 5.21 0.00 4.95 0.00 4.99 5.61 2.79 4.22 4.85 5.27 4.28 3233314
4.61 3.53 5.55 0.00 3.92 3.52 3.26 4.00 0.00 6.37 5.80 5.44 4.81 5.78 6.62 6.72 2.20 3.32 6.37 8.92 0.00 0.00 0.00 4.94 0.00 4.76 5.61 3.06 3.99 4.78 5.35 4.55 3246404
4.28 0.00 5.12 0.00 3.91 3.51 3.43 4.18 0.00 6.38 5.76 5.29 4.98 5.78 0.00 6.53 2.20 3.43 6.56 8.93 0.00 5.23 0.00 4.98 0.00 4.98 5.60 2.76 4.14 4.70 5.24 4.36 3259494
4.31 3.50 5.15 0.00 3.87 3.48 3.23 4.14 0.00 6.38 5.78 5.31 4.72 5.71 6.45 6.61 2.05 3.48 6.38 8.93 0.00 5.38 0.00 4.94 0.00 4.76 5.61 2.69 3.90 4.73 5.32 0.00 3272584
4.48 0.00 0.00 0.00 3.87 3.53 3.11 4.21 0.00 6.43 5.98 5.39 5.03 5.48 6.44 6.35 2.03 3.42 6.58 8.91 0.00 0.00 0.00 5.00 0.00 5.01 5.73 2.80 4.05 4.70 5.47 4.37 3285674
4.37 0.00 5.33 0.00 3.88 3.55 3.09 3.95 0.00 6.39 5.81 5.51 4.82 5.81 6.42 0.00 2.07 3.39 0.00 8.90 0.00 5.17 0.00 0.00 0.00 4.74 5.60 2.77 4.00 4.69 5.32 4.25 3298764
4.16 3.57 4.78 0.00 3.88 3.49 3.10 4.24 0.00 6.38 5.95 5.41 4.83 5.46 6.38 6.30 2.42 3.62 6.71 8.90 0.00 0.00 0.00 4.96 0.00 4.74 5.63 2.88 4.07 4.80 5.58 4.22 3311854
4.24 0.00 5.64 0.00 3.87 3.52 3.10 3.99 0.00 6.43 5.77 5.84 4.78 5.44 6.25 6.27 2.45 3.47 0.00 8.91 0.00 5.18 0.00 4.23 0.00 4.73 5.62 3.14 3.96 4.68 5.39 4.32 3324944
4.38 3.62 0.00 0.00 3.88 3.62 3.18 4.06 0.00 6.38 5.78 5.48 5.01 5.44 6.32 6.47 2.13 3.51 6.63 8.92 0.00 4.74 0.00 5.00 0.00 4.74 5.59 2.98 3.97 4.70 5.49 4.35 3338034
4.31 4.17 0.00 4.14 3.93 3.45 3.21 4.16 0.00 6.36 5.76 5.32 4.76 5.54 6.23 6.42 2.21 3.39 6.41 8.91 0.00 4.79 9.67 0.00 0.00 4.75 5.69 2.67 4.11 4.66 5.38 4.27 3351124
4.22 0.00 0.00 0.00 3.97 3.48 3.24 3.97 0.00 6.44 5.86 5.54 4.68 5.87 6.23 6.36 2.08 0.00 6.56 8.92 0.00 5.12 0.00 5.26 0.00 4.76 5.81 2.71 4.02 5.30 5.34 4.35 3364214
4.19 3.41 5.32 0.00 3.89 3.54 3.06 4.05 0.00 6.38 5.76 5.87 4.81 5.46 5.97 6.34 2.21 3.23 7.19 8.90 0.00 0.00 9.68 3.46 0.00 0.00 5.84 2.74 3.93 4.77 5.42 4.86 3377304
4.24 3.48 0.00 0.00 3.89 3.50 3.10 4.17 5.88 6.38 5.77 5.39 5.07 5.30 6.19 6.59 2.10 3.25 6.69 8.92 0.00 5.21 0.00 4.62 0.00 4.75 5.77 2.71 3.92 4.72 5.45 4.27 3390394
4.14 3.62 0.00 0.00 3.89 3.51 3.13 4.04 0.00 6.36 5.82 5.27 4.63 5.33 6.01 6.00 2.06 3.23 6.31 8.80 0.00 4.91 9.72 0.00 0.00 5.24 5.82 2.71 3.95 4.69 5.36 4.19 3403484
4.01 3.60 0.00 0.00 3.90 3.51 3.07 4.34 6.08 6.46 5.77 5.37 5.52 5.22 6.88 6.01 2.10 3.30 6.58 9.45 0.00 5.33 9.77 3.54 0.00 0.00 5.69 2.71 4.14 4.72 5.49 4.37 3416574
4.19 3.56 0.00 0.00 3.92 3.56 3.25 4.02 0.00 6.22 5.85 5.22 4.43 5.14 6.13 6.08 2.13 3.05 6.34 8.88 0.00 4.65 0.00 3.55 0.00 4.97 5.73 2.88 4.00 4.71 5.54 4.34 3429664
4.00 3.46 0.00 0.00 3.93 3.56 3.08 4.06 0.00 5.45 5.78 5.39 4.81 5.10 6.01 6.43 2.13 3.27 7.10 0.00 0.00 4.77 0.00 4.44 0.00 5.30 5.70 2.82 4.07 4.82 5.36 4.25 3442754
3.98 3.33 0.00 0.00 3.99 3.59 3.11 3.95 5.66 3.96 5.61 5.21 4.49 5.35 5.80 6.06 2.08 3.57 6.81 8.82 0.00 4.94 0.00 3.83 0.00 4.95 5.70 2.75 4.34 4.83 5.61 4.57 3455844
3.88 3.41 0.00 0.00 4.01 3.54 3.01 4.33 0.00 6.35 5.54 5.24 4.31 5.14 5.81 5.59 2.11 3.20 6.78 9.14 0.00 4.62 0.00 3.96 0.00 0.00 5.65 2.64 4.04 4.69 5.49 4.40 3468934
4.43 3.36 0.00 0.00 4.10 3.52 3.14 4.28 6.02 5.41 5.68 5.20 4.53 5.28 5.91 5.81 2.23 3.23 6.80 8.87 3.93 0.00 9.95 3.23 0.00 4.80 5.64 2.97 4.11 4.74 5.46 4.30 3482024
3.79 3.36 4.91 0.00 3.94 3.59 3.18 4.33 0.00 6.39 5.71 5.61 4.36 5.18 0.00 5.74 2.05 3.24 6.31 8.87 0.00 4.70 4.51 3.71 0.00 5.03 5.65 3.21 4.15 4.79 5.55 0.00 3495114
3.96 3.50 5.10 2.49 3.84 3.54 3.24 4.22 5.88 6.36 5.27 5.17 4.55 5.21 5.71 5.57 2.15 3.21 6.09 8.85 0.00 4.96 0.00 4.47 0.00 4.83 5.64 2.78 3.98 4.69 5.83 4.34 3508204
3.90 3.45 0.00 0.00 3.96 3.59 3.26 4.24 0.00 6.64 5.54 5.36 4.68 5.04 5.91 5.60 2.58 0.00 6.44 8.88 0.00 0.00 0.00 4.19 0.00 4.81 5.63 3.24 4.09 4.72 5.51 4.29 3521294
3.91 3.45 5.16 0.00 3.92 3.59 3.20 4.27 5.67 6.36 5.33 5.07 4.29 5.00 5.66 5.51 2.16 3.16 6.18 9.01 0.00 4.97 0.00 4.66 0.00 4.80 6.42 2.77 4.18 4.75 6.04 4.25 3534384
3.67 3.26 4.74 0.00 4.03 3.57 3.27 4.30 0.00 6.36 5.56 0.00 4.30 5.00 5.60 5.60 2.11 3.49 6.29 8.87 0.00 4.31 0.00 3.98 0.00 4.81 5.71 2.76 4.01 4.71 5.56 4.21 3547474
3.75 3.44 0.00 0.00 3.88 3.60 3.29 4.23 0.00 6.41 5.24 5.21 4.23 5.23 5.80 6.16 2.12 3.20 6.54 8.91 0.00 4.40 0.00 4.14 0.00 4.82 5.75 2.79 4.03 4.68 5.69 4.29 3560564
3.86 3.34 0.00 0.00 4.06 3.54 3.19 4.47 5.56 6.35 5.23 5.29 4.36 5.07 5.77 5.56 2.13 3.32 6.50 9.05 0.00 4.63 0.00 4.26 0.00 4.82 5.71 2.80 4.41 4.67 5.85 0.00 3573654
3.73 3.33 0.00 0.00 3.90 3.62 3.17 4.24 0.00 6.37 5.21 5.42 4.64 5.05 5.55 5.56 2.15 3.24 7.00 8.85 0.00 4.78 0.00 0.00 0.00 4.75 5.63 2.69 3.94 4.72 5.97 4.63 3586744
3.71 3.28 0.00 0.00 3.95 3.63 3.43 4.31 0.00 6.36 5.44 5.38 4.41 5.04 5.51 5.58 2.14 3.31 6.39 8.87 0.00 4.42 0.00 0.00 0.00 4.70 5.64 3.09 4.07 4.75 5.75 4.26 3599834
3.86 3.34 0.00 0.00 4.01 3.62 3.25 4.90 0.00 6.37 5.24 5.26 0.00 5.00 5.67 5.68 2.30 3.25 6.30 8.89 0.00 4.50 0.00 5.05 0.00 4.81 5.61 3.00 3.98 4.72 5.73 4.19 3612924
3.72 3.33 0.00 0.00 3.93 3.55 3.25 4.55 0.00 6.36 5.25 5.26 4.41 5.00 5.53 6.10 2.12 3.47 6.26 8.89 0.00 5.05 0.00 4.57 0.00 4.70 5.64 2.65 4.10 4.93 5.54 4.74 3626014
3.82 3.31 0.00 0.00 4.01 3.54 3.22 4.24 0.00 6.35 5.19 5.13 4.63 4.98 5.53 5.51 2.10 3.40 6.70 8.86 0.00 0.00 0.00 0.00 0.00 4.83 5.61 2.72 3.96 4.73 5.60 4.39 3639104
3.68 3.34 0.00 0.00 4.05 3.54 3.27 4.31 0.00 6.36 5.27 5.20 4.14 5.18 5.58 5.57 2.12 3.67 6.66 8.86 0.00 4.73 0.00 0.00 0.00 4.81 5.60 2.75 4.20 4.74 5.71 4.43 3652194
3.83 3.39 0.00 0.00 4.09 3.64 3.23 4.25 0.00 6.35 0.00 5.16 4.20 4.97 5.52 5.69 2.12 3.46 6.65 8.87 0.00 5.13 0.00 4.64 0.00 4.83 5.60 2.70 4.06 5.51 5.91 4.90 3665284
3.58 3.38 0.00 0.00 3.94 3.57 3.25 4.26 0.00 6.35 5.19 5.24 4.31 5.01 5.57 5.61 2.11 3.72 6.27 8.88 0.00 0.00 9.67 0.00 0.00 5.00 5.62 2.88 4.11 4.88 5.64 4.32 3678374
3.96 3.36 5.77 0.00 3.94 3.63 3.23 4.62 6.07 6.35 5.20 5.23 4.22 5.03 5.60 5.62 2.12 3.50 6.42 8.88 0.00 4.54 9.83 0.00 0.00 4.81 5.60 2.67 4.01 4.81 5.60 4.22 3691464
3.73 3.27 0.00 0.00 0.00 3.50 3.23 4.62 0.00 6.35 5.11 5.09 4.13 4.99 5.53 5.61 2.24 3.31 6.33 8.88 0.00 4.23 0.00 4.58 0.00 4.85 5.59 2.64 4.09 4.88 6.21 0.00 3704554
4.26 3.27 0.00 0.00 3.94 3.56 3.23 4.36 6.05 4.84 5.18 5.02 4.11 4.98 5.49 5.66 2.06 3.37 6.41 8.86 0.00 0.00 0.00 0.00 0.00 4.80 5.60 2.77 3.98 4.79 5.53 4.44 3717644
3.77 3.39 0.00 0.00 3.96 3.66 3.36 4.94 0.00 6.35 5.55 5.08 4.26 5.06 5.54 5.65 2.06 3.31 6.31 8.84 0.00 0.00 0.00 0.00 0.00 0.00 5.64 2.73 4.13 4.72 5.92 4.28 3730734
4.06 3.30 5.50 0.00 3.95 3.55 3.24 4.24 5.80 6.37 5.23 5.07 4.34 5.16 5.70 5.84 2.08 3.33 6.36 8.87 0.00 4.73 0.00 3.78 0.00 4.75 5.61 2.74 4.09 4.87 5.77 4.30 3743824
3.83 3.39 0.00 0.00 4.42 3.62 3.19 4.20 0.00 5.98 5.13 5.30 4.15 4.94 5.69 5.65 2.06 3.44 6.39 8.88 0.00 4.77 0.00 0.00 0.00 4.72 5.60 2.75 4.14 4.74 5.89 0.00 3756914
3.91 3.39 0.00 0.00 4.02 3.57 3.22 4.25 0.00 6.37 5.14 5.22 4.13 5.32 5.54 5.71 2.06 3.54 6.46 8.88 0.00 4.37 0.00 3.89 0.00 5.45 5.77 2.65 4.16 4.81 5.80 4.32 3770004
3.96 3.28 0.00 0.00 3.97 3.59 3.22 4.35 0.00 6.34 5.11 5.20 4.16 5.02 5.57 5.66 2.06 3.35 6.45 8.88 0.00 4.19 0.00 3.74 0.00 5.46 5.63 2.78 4.18 4.79 5.78 4.23 3783094
3.85 3.48 0.00 0.00 3.96 3.63 3.23 4.30 0.00 6.36 5.12 5.16 4.07 5.02 5.67 5.73 2.07 3.33 6.52 8.87 0.00 4.57 0.00 0.00 0.00 0.00 5.69 2.86 4.02 4.73 6.01 4.37 3796184
3.81 3.36 0.00 2.93 4.03 3.69 3.23 4.23 0.00 6.36 5.11 5.13 4.11 4.95 5.52 5.61 2.06 3.31 6.56 8.87 0.00 4.23 0.00 3.74 0.00 5.28 5.61 2.78 4.22 4.75 5.61 4.22 3809274
0.00 3.38 0.00 0.00 4.00 3.66 3.22 4.26 0.00 6.36 5.13 5.14 4.35 5.03 5.57 5.69 2.07 3.30 6.45 8.88 0.00 4.40 0.00 4.30 0.00 5.44 5.62 2.71 4.06 4.80 5.71 4.33 3822364
3.77 3.38 0.00 0.00 4.05 3.55 3.22 4.22 0.00 6.36 5.11 5.12 4.22 5.14 5.51 5.62 2.07 3.48 6.40 8.88 0.00 4.54 0.00 4.05 0.00 0.00 5.64 2.87 4.06 4.84 5.88 4.22 3835454
3.66 3.37 0.00 0.00 4.03 3.58 3.21 4.19 0.00 6.36 5.11 5.14 4.09 5.00 5.63 5.63 2.11 3.45 6.36 8.89 0.00 0.00 0.00 0.00 0.00 0.00 5.62 2.99 4.17 4.88 5.68 4.76 3848544
3.80 3.37 0.00 0.00 4.08 3.67 3.21 4.25 0.00 6.34 5.13 5.13 4.04 5.00 5.49 5.68 2.08 3.29 6.34 8.88 0.00 0.00 0.00 5.30 0.00 0.00 5.63 2.94 4.39 4.78 5.60 4.31 3861634
3.81 3.37 0.00 0.00 4.08 3.73 3.22 4.22 0.00 6.36 5.42 5.14 4.04 4.99 5.47 0.00 2.07 3.32 6.40 8.88 0.00 0.00 0.00 0.00 0.00 0.00 5.64 2.94 4.28 4.81 5.68 4.27 3874724
3.78 3.38 0.00 0.00 4.07 3.65 3.21 4.19 0.00 6.35 5.13 5.11 4.06 5.00 5.66 5.70 2.09 3.49 6.35 8.87 0.00 4.26 0.00 4.95 0.00 0.00 5.62 2.83 4.23 4.73 5.69 4.41 3887814
4.06 3.38 0.00 0.00 4.07 3.67 3.22 4.21 0.00 6.36 5.44 5.13 4.01 4.94 5.64 5.65 2.06 3.45 6.41 8.88 0.00 0.00 0.00 5.30 0.00 0.00 5.64 2.72 4.12 4.76 5.89 4.43 3900904
4.48 3.38 5.17 0.00 4.06 3.56 3.21 4.23 0.00 6.36 5.11 5.13 3.99 5.04 5.48 5.70 2.05 3.30 6.43 8.88 0.00 0.00 0.00 0.00 0.00 0.00 5.63 2.92 4.22 4.78 0.00 4.26 3913994
3.70 3.38 0.00 0.00 4.06 3.58 3.22 4.23 0.00 6.35 5.11 5.13 0.00 5.00 6.26 5.64 2.06 3.25 6.40 8.88 0.00 0.00 0.00 0.00 0.00 0.00 5.64 2.76 4.24 5.03 5.73 0.00 3927084
3.74 3.37 0.00 0.00 4.05 3.62 3.21 4.23 0.00 6.34 5.11 5.13 0.00 4.98 5.54 5.74 2.06 3.27 6.33 8.88 0.00 0.00 0.00 0.00 0.00 0.00 5.64 3.46 4.22 4.75 5.90 4.94 3940174
3.71 3.39 5.37 0.00 4.04 3.58 3.22 4.48 0.00 6.34 5.11 5.13 3.98 4.97 5.64 0.00 2.06 3.63 6.36 8.88 0.00 0.00 0.00 0.00 0.00 0.00 5.62 2.95 4.12 4.76 5.77 4.74 3953264
3.72 3.33 0.00 0.00 4.04 3.61 3.22 4.43 0.00 6.34 5.11 5.11 3.97 4.99 5.56 5.71 2.06 3.29 6.35 8.88 0.00 0.00 0.00 0.00 0.00 0.00 5.63 2.95 4.44 4.73 5.71 4.35 3966354
4.22 3.32 0.00 0.00 4.04 3.63 3.22 4.24 0.00 6.35 5.11 5.14 4.08 4.98 5.56 5.74 2.06 3.30 6.36 8.87 0.00 4.15 0.00 0.00 0.00 0.00 5.63 3.34 4.25 0.00 6.23 4.34 3979444
3.71 3.32 5.48 0.00 4.05 3.62 3.22 4.24 0.00 6.34 5.12 5.13 4.01 4.98 6.20 5.74 2.06 3.32 6.35 8.88 0.00 4.26 0.00 0.00 0.00 0.00 5.63 2.75 4.12 4.80 5.94 4.28 3992534
3.91 3.34 5.25 3.12 0.00 3.58 3.21 4.24 0.00 6.35 5.11 5.10 4.04 5.24 5.49 5.66 2.06 3.27 6.35 8.87 0.00 4.98 0.00 0.00 0.00 5.27 5.63 2.72 4.16 4.84 5.81 4.29 4005624
3.52 3.35 0.00 0.00 4.04 3.60 3.22 4.23 0.00 6.35 5.11 5.12 4.04 5.01 5.49 5.63 2.06 3.25 6.36 8.88 0.00 4.65 0.00 0.00 0.00 5.24 5.64 2.74 4.17 4.80 5.77 4.31 4018714
3.83 3.32 0.00 0.00 4.04 3.58 3.23 4.44 0.00 6.34 5.13 5.12 4.03 4.99 5.60 5.63 2.06 3.25 6.37 8.88 0.00 4.64 0.00 0.00 0.00 4.89 5.62 2.72 4.18 4.82 5.85 4.29 4031804
3.78 3.31 0.00 3.13 4.04 3.59 3.23 4.28 0.00 6.34 5.13 5.10 4.25 4.95 5.49 5.62 2.05 3.27 6.36 8.87 0.00 4.10 0.00 0.00 0.00 4.90 5.62 2.73 4.11 4.74 5.87 4.59 4044894
3.57 3.34 0.00 0.00 4.03 3.63 3.22 4.29 0.00 6.34 5.13 5.11 4.04 4.97 5.56 5.62 2.06 3.21 6.50 8.89 0.00 4.25 0.00 0.00 0.00 4.88 5.62 3.04 4.14 4.74 5.83 0.00 4057984
3.82 3.35 0.00 0.00 0.00 3.57 3.22 4.22 0.00 6.35 5.13 5.11 4.79 4.92 5.61 5.62 2.06 3.33 6.33 8.87 0.00 0.00 0.00 0.00 0.00 4.96 5.64 3.31 4.51 4.77 5.67 4.32 4071074
3.66 3.35 0.00 0.00 4.03 3.68 3.22 4.23 0.00 6.35 5.13 5.11 4.20 5.26 5.49 5.62 2.05 3.58 6.43 8.87 0.00 0.00 0.00 0.00 0.00 5.07 5.64 2.87 4.21 4.72 5.68 4.43 4084164
3.34 3.36 0.00 0.00 0.00 3.58 3.23 4.42 0.00 6.35 5.14 5.11 4.04 4.95 5.84 5.73 2.06 3.40 6.27 8.87 0.00 4.66 0.00 3.57 0.00 4.90 5.63 3.01 4.17 4.75 6.41 4.42 4097254
3.66 3.35 0.00 0.00 3.97 3.56 3.24 4.23 0.00 6.34 5.12 5.14 4.19 4.96 5.56 5.64 2.06 3.52 6.39 8.87 0.00 4.57 0.00 0.00 0.00 4.89 5.60 3.27 4.06 4.80 5.77 0.00 4110344
3.45 3.34 0.00 0.00 3.99 3.69 3.22 4.24 0.00 6.35 5.10 5.09 3.96 4.95 5.51 5.66 2.06 4.15 6.36 8.88 0.00 4.82 0.00 4.95 0.00 5.04 5.61 0.00 4.36 4.83 5.73 4.36 4123434
4.41 3.33 0.00 0.00 4.38 3.59 3.22 4.26 0.00 6.34 5.08 5.14 4.47 4.91 5.49 5.65 2.06 0.00 6.37 8.87 0.00 4.19 0.00 0.00 0.00 4.88 5.62 2.82 4.25 4.73 5.74 4.41 4136524
3.66 3.33 0.00 0.00 0.00 3.68 3.22 4.28 0.00 6.34 5.08 5.16 3.96 4.96 5.49 0.00 2.05 4.01 6.49 8.89 0.00 4.14 0.00 3.96 0.00 4.87 5.60 2.77 4.19 4.94 5.69 4.42 4149614
3.40 3.34 0.00 0.00 4.19 3.59 3.22 4.26 0.00 6.34 5.09 5.16 3.99 4.94 5.72 0.00 2.05 3.33 6.50 8.88 0.00 0.00 0.00 3.98 0.00 4.85 5.61 2.93 4.17 4.77 5.68 4.34 4162704
3.77 3.33 0.00 0.00 4.00 3.58 3.22 4.26 0.00 6.34 5.09 5.16 3.93 4.97 5.68 5.65 2.06 3.35 6.37 8.88 0.00 4.63 0.00 0.00 0.00 4.89 5.60 3.06 4.09 4.77 5.70 4.42 4175794
3.31 3.34 0.00 0.00 4.04 3.54 3.22 4.25 0.00 6.34 5.08 5.08 3.97 4.97 5.63 5.72 2.07 3.35 6.81 8.88 0.00 0.00 0.00 0.00 0.00 4.90 5.60 3.46 4.44 4.77 5.68 4.32 4188884
3.49 3.34 0.00 0.00 4.09 3.59 3.21 4.23 0.00 6.34 5.09 5.08 3.95 4.97 5.49 5.79 2.07 3.24 6.11 8.88 0.00 0.00 0.00 3.73 0.00 4.87 5.60 2.95 4.16 4.78 5.74 4.30 4201974
3.46 3.34 0.00 0.00 4.29 3.59 3.20 4.25 0.00 6.35 5.09 5.08 3.99 5.02 5.49 5.65 2.07 3.47 6.44 8.87 0.00 0.00 0.00 3.76 0.00 4.86 5.58 3.23 4.12 4.75 5.72 4.38 4215064
0.00 3.33 0.00 0.00 3.97 3.58 3.21 4.29 0.00 6.35 5.08 5.08 3.96 5.01 5.49 5.66 2.07 3.32 6.06 8.88 0.00 4.23 0.00 3.74 0.00 4.87 5.58 2.84 4.11 4.75 5.72 4.38 4228154
3.40 3.32 0.00 0.00 3.97 3.62 3.21 4.50 0.00 6.35 5.40 5.08 3.98 4.96 5.49 5.68 2.07 3.60 6.19 8.86 0.00 4.61 0.00 4.35 0.00 4.90 5.60 2.85 4.38 4.80 5.73 4.34 4241244
3.44 3.33 0.00 0.00 4.01 3.59 3.22 4.33 0.00 6.34 5.32 5.06 3.99 4.94 5.48 5.69 2.07 3.33 6.49 8.88 0.00 4.32 0.00 0.00 0.00 4.87 5.57 2.83 4.42 4.94 5.74 0.00 4254334
3.31 3.34 4.94 0.00 4.00 3.61 3.22 4.44 0.00 6.34 5.11 5.07 3.99 4.94 5.49 5.68 2.07 3.41 6.50 8.86 0.00 4.23 0.00 0.00 0.00 5.06 5.64 2.70 4.29 4.74 5.68 4.36 4267424
3.47 3.33 5.12 0.00 4.22 3.70 3.23 4.27 0.00 6.34 5.31 5.08 4.02 4.96 5.49 5.69 2.07 3.41 6.48 8.89 0.00 4.24 0.00 0.00 0.00 5.05 5.64 3.47 4.40 4.75 5.71 4.39 4280514
3.52 3.34 5.35 0.00 4.06 3.55 3.23 4.24 0.00 6.34 5.30 5.09 4.05 4.94 5.50 5.67 2.07 3.38 6.47 8.88 0.00 0.00 0.00 0.00 0.00 5.43 5.63 2.86 4.11 4.79 5.67 4.39 4293604
3.41 3.33 0.00 0.00 4.17 3.58 3.23 4.23 0.00 6.34 5.23 5.07 3.96 5.03 5.49 5.72 2.07 3.28 6.45 8.88 0.00 4.96 0.00 0.00 0.00 5.43 5.63 2.86 4.55 4.85 5.72 4.40 4306694
3.29 3.34 0.00 0.00 4.02 3.62 3.23 4.22 0.00 6.34 5.10 5.09 4.07 4.92 5.52 5.71 2.06 3.20 6.48 8.87 0.00 0.00 0.00 0.00 0.00 5.24 5.62 2.92 4.27 4.84 5.91 0.00 4319784
3.38 3.26 0.00 0.00 3.98 3.55 3.22 4.25 0.00 6.34 5.10 5.10 3.93 4.94 5.58 5.71 2.06 3.26 6.04 8.86 0.00 4.53 0.00 0.00 0.00 5.21 5.62 2.84 4.30 4.83 0.00 4.39 4332874
3.40 3.33 0.00 0.00 4.01 3.61 3.24 4.43 0.00 6.34 5.12 5.08 4.01 5.05 5.68 5.63 2.06 3.17 6.19 8.86 0.00 4.23 0.00 0.00 0.00 5.28 5.63 2.83 4.17 4.80 5.84 0.00 4345964
3.29 3.32 0.00 0.00 4.00 3.59 3.22 4.23 0.00 6.33 5.07 5.06 4.08 5.02 5.50 5.65 2.09 3.28 6.28 8.88 0.00 4.09 0.00 4.80 0.00 0.00 5.63 2.71 4.13 4.96 5.74 4.42 4359054
3.35 3.33 0.00 0.00 3.93 3.52 3.21 4.18 0.00 6.34 5.17 5.14 4.02 5.05 5.59 5.69 2.10 3.33 6.49 8.87 0.00 4.61 0.00 0.00 0.00 5.47 5.67 2.95 4.16 4.77 5.78 0.00 4372144
3.23 3.29 0.00 0.00 4.01 3.67 3.20 4.53 0.00 6.35 5.25 5.16 4.26 4.98 5.57 5.79 2.08 3.27 6.20 8.87 0.00 4.36 0.00 5.13 0.00 5.48 5.59 2.79 4.05 4.91 5.69 5.08 4385234
3.48 3.23 0.00 0.00 4.01 3.65 3.17 4.24 6.06 5.43 5.22 5.04 4.13 4.95 5.72 5.68 2.10 3.11 6.53 8.88 0.00 4.34 0.00 0.00 0.00 4.84 5.57 2.89 4.14 4.76 5.88 0.00 4398324
3.69 3.26 0.00 0.00 3.96 3.57 3.20 4.30 0.00 6.35 5.04 5.03 4.09 5.07 5.60 5.71 2.12 3.51 6.25 8.87 0.00 4.08 0.00 4.91 0.00 4.81 5.56 2.74 4.11 4.91 6.40 4.59 4411414
3.44 3.28 0.00 0.00 4.00 3.61 3.27 4.30 5.92 6.35 5.04 5.07 4.03 4.96 5.54 5.72 2.14 3.43 6.59 8.86 0.00 4.34 0.00 3.96 0.00 4.79 5.59 2.89 4.10 4.86 5.81 4.36 4424504
3.22 3.28 0.00 4.07 3.98 3.57 3.20 4.47 6.11 6.35 5.08 5.01 4.11 5.00 5.57 5.71 2.23 3.25 6.15 8.86 0.00 4.18 0.00 4.67 0.00 4.71 5.61 2.96 4.10 4.82 5.72 4.49 4437594
3.31 3.24 0.00 0.00 4.03 3.63 3.22 4.29 0.00 5.29 5.09 5.04 4.19 4.97 5.56 5.74 2.33 3.23 6.44 8.89 0.00 0.00 0.00 0.00 0.00 4.64 5.59 2.88 4.15 4.74 6.16 4.55 4450684
3.45 3.30 0.00 0.00 4.01 3.65 3.21 4.54 0.00 5.57 5.06 5.09 4.15 4.98 5.61 5.71 2.26 3.40 6.28 8.89 0.00 4.41 9.93 4.07 0.00 4.72 5.66 3.03 4.05 4.99 5.69 4.43 4463774
3.47 3.23 0.00 0.00 4.06 3.79 3.26 4.56 0.00 6.10 5.10 5.26 4.06 5.11 5.54 5.73 2.74 3.14 6.38 8.88 0.00 4.27 0.00 4.98 0.00 4.65 5.59 2.68 4.16 4.71 5.85 4.44 4476864
3.40 3.25 0.00 3.08 4.66 3.60 3.23 4.48 0.00 6.39 5.13 5.03 4.06 5.00 5.57 5.63 2.16 3.34 6.29 8.88 0.00 4.09 0.00 4.29 0.00 4.70 5.62 2.81 4.23 4.90 5.93 4.46 4489954
3.28 3.21 0.00 0.00 3.94 3.59 3.22 4.78 5.49 6.35 4.98 5.60 4.07 5.04 5.56 5.71 2.27 3.17 6.74 8.88 0.00 4.23 9.46 0.00 0.00 4.67 5.67 2.86 4.16 4.80 5.97 4.55 4503044
3.60 3.26 0.00 0.00 4.00 3.60 3.26 4.46 0.00 6.36 5.03 5.12 4.16 5.15 5.61 5.68 2.11 3.26 6.43 8.89 0.00 4.10 9.95 0.00 0.00 4.61 5.67 3.24 4.36 4.82 5.73 4.50 4516134
3.23 3.22 0.00 3.75 3.97 3.65 3.21 4.37 0.00 6.35 4.92 5.14 4.13 5.03 5.74 5.82 2.37 3.44 6.29 0.00 0.00 4.16 0.00 0.00 0.00 4.58 5.66 2.79 4.23 4.84 5.77 4.56 4529224
3.32 0.00 0.00 0.00 4.06 3.58 3.22 4.49 0.00 4.15 4.89 5.03 4.38 5.13 5.60 5.62 2.07 3.71 7.16 9.62 4.33 4.63 9.44 0.00 0.00 4.82 5.67 3.33 4.26 4.81 5.77 4.73 4542314
3.38 3.21 0.00 0.00 4.00 3.63 3.27 4.55 0.00 5.00 4.72 5.12 3.99 5.09 5.66 5.73 2.09 3.76 6.42 9.03 0.00 0.00 7.17 3.73 0.00 4.76 5.68 2.83 4.15 4.77 6.28 4.61 4555404
3.62 3.21 5.23 0.00 4.00 3.62 3.27 4.47 0.00 6.38 4.89 4.92 4.28 5.03 5.56 5.67 2.31 3.28 6.44 9.02 0.00 3.98 0.00 4.03 0.00 4.79 5.65 3.03 4.26 4.90 5.98 4.53 4568494
3.35 3.22 0.00 0.00 4.27 3.59 3.40 4.64 0.00 6.35 4.76 4.84 4.27 5.07 5.60 5.71 2.17 3.22 6.74 9.01 0.00 0.00 0.00 4.40 0.00 0.00 5.66 2.79 4.19 4.90 6.01 4.55 4581584
3.35 3.17 0.00 0.00 3.95 3.64 3.29 4.75 0.00 6.33 4.83 5.00 4.13 4.99 5.65 5.69 2.12 3.39 7.20 8.98 0.00 4.26 0.00 0.00 0.00 4.73 5.66 2.92 4.28 4.99 5.96 4.51 4594674
3.23 3.28 0.00 0.00 3.98 3.69 3.50 4.64 0.00 5.16 4.90 4.62 4.07 5.07 5.58 5.76 2.10 3.29 0.00 8.96 0.00 4.04 9.71 3.79 0.00 4.70 5.63 2.80 4.29 4.92 6.17 4.43 4607764
3.19 3.15 0.00 0.00 3.96 3.63 3.29 4.97 0.00 6.36 4.76 4.97 4.43 5.14 5.76 5.70 2.28 3.34 6.30 8.98 0.00 4.15 9.64 4.65 0.00 4.62 5.60 2.81 4.26 5.52 6.45 4.53 4620854
3.22 3.13 0.00 0.00 3.99 3.59 3.29 4.46 0.00 6.38 4.81 4.67 4.90 5.05 5.57 5.75 2.12 3.34 6.33 8.96 3.54 0.00 0.00 4.66 0.00 4.63 5.56 3.11 4.58 4.88 5.94 4.54 4633944
3.20 3.14 0.00 0.00 4.21 3.66 3.29 4.72 0.00 6.32 4.84 4.69 4.10 5.00 5.72 5.77 2.18 3.61 6.53 8.95 0.00 4.17 9.98 4.50 0.00 4.62 5.62 3.02 4.32 4.86 5.95 0.00 4647034
3.22 3.19 0.00 0.00 3.96 3.60 3.29 4.51 0.00 6.34 4.86 4.89 4.27 4.97 5.76 5.69 2.20 3.48 6.50 8.98 0.00 0.00 0.00 4.04 0.00 4.57 5.63 2.81 4.37 4.85 5.96 0.00 4660124
3.19 3.16 0.00 0.00 4.04 3.60 3.28 4.53 0.00 6.37 4.90 4.84 4.09 5.02 5.79 5.74 2.11 3.72 6.81 8.98 0.00 4.84 0.00 0.00 0.00 4.77 5.65 2.79 4.38 4.87 5.96 4.55 4673214
3.26 3.13 0.00 0.00 4.05 3.64 3.29 4.70 0.00 6.37 4.56 4.57 4.14 5.10 5.70 5.78 2.09 3.48 6.28 9.00 0.00 0.00 9.79 3.62 0.00 4.75 5.65 2.98 4.29 4.83 6.96 4.54 4686304
3.31 3.12 0.00 0.00 4.00 3.62 3.30 4.53 0.00 6.32 4.72 4.55 4.11 5.16 5.62 5.83 2.09 3.53 6.08 9.00 0.00 0.00 0.00 4.84 0.00 4.75 5.63 2.81 4.40 4.86 5.89 4.62 4699394
3.29 3.12 0.00 0.00 3.98 3.60 3.33 4.59 0.00 6.29 4.65 5.03 4.04 4.98 5.69 5.73 2.07 3.49 6.11 8.95 0.00 4.52 0.00 0.00 0.00 4.75 5.65 2.91 4.33 4.87 6.09 0.00 4712484
3.29 3.15 5.60 0.00 3.98 3.63 3.30 4.44 0.00 6.26 4.71 4.61 4.16 5.18 5.73 5.81 2.09 3.40 6.05 8.98 0.00 0.00 0.00 0.00 0.00 4.75 5.64 2.92 4.30 4.90 6.05 4.76 4725574
3.42 3.31 0.00 0.00 3.98 3.61 3.30 4.87 0.00 6.28 4.66 4.73 4.23 5.14 5.73 5.71 2.12 3.75 6.08 8.99 0.00 4.07 9.92 4.42 0.00 4.74 5.66 3.12 4.21 4.93 6.03 4.61 4738664
3.43 3.29 0.00 0.00 4.13 3.59 3.31 4.55 0.00 6.26 4.68 4.80 4.45 5.08 5.65 5.91 2.11 0.00 5.93 8.98 0.00 4.73 0.00 4.84 0.00 4.75 5.63 3.41 4.24 4.98 6.11 4.86 4751754
3.38 3.17 0.00 0.00 4.66 3.54 3.29 4.46 0.00 6.23 4.67 4.83 4.65 5.06 5.67 5.85 2.11 3.46 6.06 8.98 0.00 0.00 0.00 4.92 0.00 4.74 5.64 3.41 4.31 4.85 6.01 4.65 4764844
3.38 3.14 0.00 0.00 0.00 3.55 3.30 4.77 0.00 6.25 4.84 4.81 4.15 5.82 5.68 6.48 2.09 3.43 6.39 8.99 0.00 4.78 0.00 0.00 0.00 4.75 5.65 0.00 4.20 5.36 5.99 4.63 4777934
3.34 3.16 0.00 0.00 0.00 3.54 3.30 4.65 0.00 6.28 4.84 4.60 4.11 4.97 5.70 5.75 2.10 3.39 6.50 9.01 0.00 4.07 0.00 0.00 0.00 4.74 5.64 3.22 4.30 4.92 6.01 4.63 4791024
3.21 3.15 0.00 0.00 4.03 3.62 3.29 4.58 0.00 6.32 4.54 4.66 4.30 4.97 5.68 5.79 2.11 3.39 6.21 9.00 0.00 4.74 0.00 0.00 0.00 4.75 5.65 3.04 4.29 4.89 6.12 4.67 4804114
3.29 3.17 5.32 0.00 4.06 3.67 3.30 4.62 0.00 6.31 4.47 4.60 5.05 4.98 5.61 5.76 2.13 3.66 6.51 9.00 0.00 4.30 0.00 0.00 0.00 4.75 5.66 3.29 4.30 4.91 6.05 4.71 4817204
3.34 3.17 0.00 0.00 4.05 3.57 3.30 4.63 0.00 6.31 4.58 4.61 4.47 4.99 5.70 5.81 2.11 3.62 6.37 9.00 0.00 4.36 0.00 5.44 0.00 4.75 5.65 3.51 4.33 4.90 6.16 4.74 4830294
3.13 3.14 0.00 0.00 4.05 3.58 3.30 4.62 0.00 6.33 4.54 5.45 4.24 5.02 5.64 5.75 2.15 3.61 5.99 9.00 0.00 4.14 0.00 4.83 0.00 4.74 5.66 3.43 5.18 4.86 6.05 0.00 4843384