4.98 3.63 3.33 4.64 5.08 5.38 0.00 0.00 0.00 6.63 6.36 6.08 4.57 5.84 6.88 6.88 2.08 4.01 6.35 8.91 0.00 5.35 0.00 0.00 0.00 2.13 2.62 0.00 7.00 6.73 6.15 5.56 154115
4.98 3.65 3.33 4.62 5.09 5.37 0.00 0.00 0.00 6.63 6.37 5.97 4.56 5.83 6.89 6.89 2.09 4.01 6.33 8.89 0.00 5.35 0.00 0.00 0.00 2.13 2.62 0.00 7.00 6.75 6.14 5.55 167205
0.00 3.63 3.39 4.55 5.09 5.40 0.00 0.00 0.00 6.63 6.36 5.91 4.56 5.83 6.88 6.90 2.10 4.00 6.34 8.87 0.00 5.34 0.00 0.00 0.00 2.12 2.63 0.00 6.99 6.76 6.14 5.54 180295
0.00 3.64 3.43 4.17 5.19 5.45 0.00 0.00 0.00 6.64 6.40 6.00 5.31 5.84 6.88 6.89 2.14 3.37 6.45 8.84 0.00 5.32 0.00 4.56 0.00 2.08 2.64 0.00 6.92 6.67 6.12 5.56 193385
4.81 3.63 3.41 4.20 5.20 5.39 0.00 0.00 0.00 6.64 6.24 5.88 4.59 5.79 6.76 6.90 2.17 3.36 6.65 8.84 0.00 5.51 0.00 4.38 0.00 2.07 2.64 0.00 7.06 7.22 6.17 5.55 206475
4.85 3.63 3.39 4.17 5.08 5.40 4.00 0.00 0.00 6.64 6.26 5.91 4.58 5.78 7.21 6.89 2.17 3.35 6.61 8.94 0.00 5.46 0.00 4.40 0.00 2.07 2.73 0.00 7.21 6.97 6.14 5.57 219565
5.16 3.55 3.43 4.17 5.80 5.38 0.00 0.00 0.00 6.61 6.26 5.91 4.67 5.81 6.76 6.97 2.08 3.34 6.41 8.82 0.00 5.31 0.00 3.97 0.00 2.09 2.65 0.00 6.99 6.67 6.14 5.56 232655
5.03 0.00 3.38 0.00 5.22 5.47 3.71 0.00 0.00 6.63 6.25 5.93 4.52 5.79 6.74 6.93 2.01 3.66 6.67 8.87 3.74 5.34 0.00 0.00 0.00 2.09 2.64 0.00 7.11 6.72 6.16 5.59 245745
4.80 3.52 3.47 4.29 5.11 5.40 3.98 6.04 0.00 6.63 6.20 6.03 4.65 5.85 6.85 7.10 2.21 3.57 6.57 9.47 0.00 5.50 0.00 3.96 0.00 2.08 2.72 0.00 6.86 6.54 6.14 6.25 258835
5.02 4.08 3.42 4.28 5.15 5.46 3.72 0.00 0.00 6.68 6.39 5.94 4.46 5.84 6.90 6.94 2.03 3.46 6.57 9.05 4.32 5.49 0.00 3.93 0.00 2.07 2.71 0.00 7.12 6.59 6.11 0.00 271925
4.89 3.70 3.58 4.30 5.17 5.57 3.57 6.05 0.00 6.62 6.49 5.92 4.48 5.84 6.95 7.04 2.14 3.35 6.87 0.00 0.00 5.12 0.00 4.12 0.00 2.14 2.75 0.00 7.03 6.67 6.14 5.49 285015
4.98 3.82 3.48 3.21 5.71 5.53 3.74 6.26 5.50 5.78 6.72 0.00 4.70 6.10 6.95 7.05 2.60 3.57 6.64 8.94 4.30 5.11 0.00 3.89 0.00 2.14 2.68 0.00 6.90 6.59 6.04 0.00 298105
4.84 3.61 3.46 4.27 5.20 5.59 3.76 0.00 0.00 6.63 6.38 5.90 4.75 5.93 7.03 6.92 2.18 3.50 6.56 8.77 4.15 5.74 0.00 3.65 0.00 2.19 2.68 0.00 7.32 6.46 5.98 6.21 311195
5.03 3.60 3.41 4.39 5.21 5.84 3.87 6.06 0.00 6.69 6.37 5.96 4.50 5.91 6.96 6.99 3.01 3.15 6.96 8.93 0.00 0.00 0.00 4.98 0.00 2.74 2.70 0.00 6.89 6.77 6.10 5.37 324285
4.94 3.71 3.35 0.00 5.19 5.77 3.53 6.04 0.00 5.87 6.26 6.17 4.62 6.11 6.88 7.12 2.08 3.24 0.00 8.92 3.50 4.98 9.53 3.59 0.00 2.12 2.75 0.00 6.26 6.76 5.99 5.45 337375
5.11 3.54 3.44 2.30 5.46 5.87 3.68 6.22 0.00 6.70 6.28 6.24 4.63 6.06 7.00 7.03 2.22 3.13 6.66 8.91 3.41 4.92 9.75 5.10 0.00 2.23 2.75 0.00 6.44 6.67 6.12 5.54 350465
5.00 3.53 3.48 4.34 5.40 4.31 3.79 6.02 2.49 6.73 6.29 5.94 4.55 6.11 6.98 6.99 2.76 3.14 0.00 0.00 4.10 5.61 9.61 4.02 0.00 2.11 2.72 0.00 6.50 6.60 6.04 5.58 363555
5.04 3.50 3.36 0.00 5.57 5.85 3.79 6.53 0.00 6.70 6.34 5.94 3.43 6.06 7.07 7.04 2.80 3.08 6.62 0.00 3.37 5.00 9.81 4.40 0.00 0.00 2.83 0.00 6.11 6.63 5.67 5.46 376645
4.82 0.00 3.47 4.04 6.12 5.92 3.33 5.82 5.10 5.59 3.95 6.12 3.84 6.12 7.01 7.07 2.05 3.08 6.46 8.92 3.56 5.11 10.00 0.00 0.00 2.09 2.75 0.00 5.43 6.00 5.98 5.14 389736
4.83 3.50 3.50 4.45 5.53 6.01 3.67 5.74 5.67 5.24 6.33 6.69 4.90 5.29 7.07 7.16 2.06 3.11 5.91 8.88 3.74 4.86 9.78 3.14 0.00 2.21 2.72 0.00 5.47 5.83 5.98 4.79 402825
4.91 3.56 3.51 4.62 5.87 6.13 3.65 4.48 5.28 5.68 6.38 5.93 4.68 6.28 7.17 7.31 2.10 3.18 5.90 8.81 3.82 4.86 9.78 4.62 0.00 2.17 2.69 0.00 6.02 6.85 5.85 4.69 415915
4.86 3.56 3.42 3.81 5.84 6.19 3.50 2.94 5.10 3.17 6.27 6.04 4.60 6.09 7.28 7.22 2.21 3.04 5.79 9.00 3.63 4.73 9.47 3.82 0.00 2.17 2.72 0.00 4.54 6.13 5.73 4.91 429005
5.15 3.53 3.55 3.13 5.75 6.21 3.64 4.67 3.12 2.22 6.37 6.02 4.46 3.98 7.25 7.27 2.06 3.12 6.31 9.05 4.32 0.00 6.75 4.05 0.00 2.12 2.82 5.86 3.42 4.43 4.34 4.76 442095
4.60 3.55 3.47 3.70 5.76 5.40 3.49 5.52 5.09 4.34 6.13 6.06 5.05 3.85 7.28 7.29 2.18 3.25 6.54 0.00 3.26 4.71 9.71 3.92 0.00 2.15 2.70 0.00 4.99 6.03 3.87 4.46 455185
5.08 3.37 3.59 2.23 6.02 6.62 2.88 3.96 2.83 2.69 3.95 0.00 4.30 3.12 6.79 7.47 2.09 3.43 2.73 9.03 3.44 4.70 4.30 5.14 0.00 2.15 2.74 0.00 3.56 5.54 2.69 3.59 468275
5.10 3.49 3.78 2.67 5.79 4.07 3.68 2.91 3.43 2.52 4.03 6.59 4.70 4.93 7.52 5.11 2.13 3.22 5.44 8.97 3.30 4.59 3.38 3.49 0.00 2.10 2.81 5.57 2.85 5.18 3.14 3.16 481365
5.11 2.53 3.82 2.32 4.14 5.12 2.84 2.24 2.67 2.98 4.78 5.09 2.44 2.64 7.66 7.64 2.10 3.55 5.48 8.05 2.35 4.79 2.38 3.31 0.00 2.20 2.84 2.96 3.36 4.56 3.52 3.88 494455
5.31 3.51 3.62 2.63 5.58 3.42 2.70 3.47 2.55 2.22 5.75 5.54 5.21 5.80 7.75 6.89 2.13 3.44 2.18 3.18 3.44 4.32 2.17 2.47 0.00 2.26 2.76 5.22 3.80 3.11 3.16 3.20 507545
5.31 3.37 3.84 2.45 4.15 6.35 3.60 2.31 2.79 2.45 3.34 4.10 4.89 4.76 6.87 6.25 2.18 2.59 5.98 8.88 3.00 4.70 3.38 3.83 0.00 2.29 2.73 0.00 2.61 4.55 3.10 3.42 520635
5.48 2.51 3.76 2.09 5.69 2.80 3.30 2.70 4.01 3.00 4.14 5.53 2.14 4.43 4.83 4.37 2.13 2.82 3.16 2.65 2.43 4.88 3.23 3.83 0.00 2.31 2.62 3.52 3.06 3.78 2.51 3.33 533725
5.62 2.82 3.97 2.08 5.76 3.30 2.72 2.75 2.47 2.33 4.47 5.88 3.93 2.24 8.49 3.76 2.22 3.64 3.56 6.60 2.90 4.17 2.52 3.31 0.00 2.13 2.78 5.18 3.49 4.35 2.77 2.54 546815
5.38 3.34 3.47 2.40 5.45 6.63 3.47 3.83 2.64 2.55 3.46 5.74 2.32 2.47 7.56 2.79 2.12 3.15 2.53 2.11 3.10 4.90 3.07 2.17 0.00 2.10 2.79 4.81 3.52 4.16 2.90 2.91 559905
4.51 2.78 4.07 2.61 6.47 3.21 3.43 2.19 3.48 2.32 3.17 5.29 5.41 2.50 4.40 5.86 2.23 3.64 2.21 9.12 2.34 4.76 2.45 2.79 0.00 2.26 2.76 3.90 3.75 2.90 3.04 2.98 572995
5.16 2.94 4.18 2.16 4.22 2.64 2.12 2.66 2.41 2.35 4.06 4.84 2.68 2.24 5.51 7.82 2.18 3.01 3.01 2.77 2.89 4.90 2.83 2.23 0.00 2.18 2.85 4.74 3.04 3.34 3.13 3.08 586085
4.58 3.56 2.95 2.63 4.40 6.43 3.04 3.53 3.01 2.53 3.82 4.43 2.54 2.67 8.41 4.15 2.49 2.68 2.67 3.50 2.64 4.98 2.34 3.08 0.00 2.11 2.38 4.53 2.34 2.96 2.94 3.17 599175
5.59 3.22 4.04 2.61 6.48 2.56 3.58 2.40 2.90 2.81 4.45 5.89 2.37 2.67 4.52 7.96 2.07 3.11 2.51 2.61 2.98 4.73 3.31 3.10 0.00 2.25 2.81 4.33 3.24 2.97 2.77 2.74 612265
5.74 3.36 3.91 2.52 6.25 3.92 3.45 4.06 3.30 2.46 3.00 5.35 2.03 2.43 5.78 6.00 2.24 3.34 3.09 2.82 2.17 5.03 2.77 2.20 0.00 2.30 2.95 4.20 2.21 4.23 2.60 2.94 625355
5.51 3.21 4.10 2.12 5.26 3.56 2.05 4.15 3.94 2.96 2.92 4.38 4.11 2.48 8.34 4.79 2.08 2.75 5.70 8.59 2.77 4.88 2.67 0.00 0.00 2.02 3.04 3.77 3.68 3.63 2.79 2.91 638445
5.48 3.11 4.07 2.48 4.19 3.18 3.43 2.97 3.42 2.39 2.41 4.88 2.04 3.56 5.79 8.06 2.74 3.38 2.56 3.58 3.09 4.92 2.55 3.27 0.00 2.06 2.55 4.02 2.29 3.57 2.58 3.19 651535
6.10 3.25 4.18 2.72 3.31 3.97 3.33 3.85 2.71 2.36 2.45 4.65 3.39 3.19 8.39 7.91 2.33 2.92 4.47 8.70 3.19 5.11 3.57 2.34 0.00 2.16 2.86 3.83 3.98 2.33 2.95 2.97 664625
5.69 3.11 4.19 2.13 7.30 4.93 3.31 3.72 4.63 2.95 4.71 4.42 5.92 3.93 8.40 7.99 2.09 3.08 5.61 5.76 3.09 5.05 4.02 3.21 0.00 2.04 2.87 3.89 2.63 4.20 2.95 2.84 677715
6.22 3.23 3.94 2.53 6.33 4.04 3.66 3.04 3.01 2.46 4.80 4.50 6.02 2.98 8.39 6.89 2.23 2.78 6.23 8.48 3.59 0.00 5.66 2.82 0.00 2.07 2.76 3.76 3.67 4.44 2.82 2.90 690805
5.01 3.59 4.20 2.21 7.48 5.63 2.80 3.74 3.23 3.80 4.30 4.43 5.22 2.33 7.44 7.79 2.03 3.36 6.20 8.73 3.03 5.04 2.89 4.68 0.00 2.06 3.04 3.74 3.02 3.97 2.60 3.18 703895
5.66 3.49 4.16 2.84 7.34 5.82 2.88 3.49 2.48 3.42 4.56 4.43 6.17 7.21 8.55 7.84 2.14 3.35 5.83 7.60 3.09 4.95 3.06 2.85 0.00 2.10 3.12 3.67 2.96 4.39 2.67 2.83 716985
5.54 2.80 4.55 2.47 7.23 6.34 3.44 4.03 3.92 2.21 4.59 4.31 5.85 5.37 8.38 6.27 2.24 3.11 6.09 8.59 2.51 5.01 3.84 4.24 0.00 2.09 3.16 3.69 3.74 4.38 2.76 2.83 730075
5.57 3.59 4.15 2.98 7.27 7.76 3.88 3.27 2.81 4.56 4.57 4.34 6.06 6.51 8.38 8.16 2.39 3.12 6.24 8.08 3.15 0.00 6.65 3.39 0.00 2.07 3.06 3.56 3.77 4.31 2.68 2.69 743165
5.33 3.32 4.16 2.56 7.78 7.83 3.62 3.54 5.34 4.02 2.92 4.63 5.84 7.75 8.40 8.07 2.08 3.40 5.59 8.63 2.96 5.46 7.34 3.73 0.00 2.32 3.06 3.77 3.63 3.74 2.67 2.81 756255
5.37 3.44 4.16 2.29 7.78 7.73 3.79 3.41 5.45 4.03 4.58 4.38 5.95 7.76 8.38 8.05 2.10 3.34 4.45 8.23 3.17 0.00 8.15 3.87 0.00 2.16 3.09 3.78 3.74 4.35 2.59 2.74 769345
5.80 3.46 4.19 0.00 7.94 8.06 3.86 3.61 5.49 4.41 4.64 4.49 6.01 6.69 8.39 7.94 2.06 3.41 6.13 8.04 3.10 5.13 2.77 0.00 0.00 2.13 3.08 3.72 2.75 4.32 2.59 2.70 782435
5.49 3.56 4.17 0.00 7.59 7.87 3.79 3.47 5.46 4.44 4.62 4.52 6.15 5.76 8.39 7.93 2.13 3.46 5.95 8.29 3.09 4.92 2.89 3.52 0.00 2.08 3.23 3.58 3.63 4.22 2.64 2.72 795525
5.61 0.00 4.29 2.29 7.38 7.83 3.75 3.49 5.38 3.87 4.65 4.41 6.82 7.81 8.39 8.01 2.07 3.57 5.97 8.28 3.18 4.91 0.00 5.01 0.00 2.14 3.12 0.00 3.66 4.41 2.67 2.77 808615
5.57 3.42 4.19 2.75 7.61 8.00 3.82 3.31 5.51 4.55 4.72 4.48 6.26 7.55 8.38 8.30 2.07 3.58 6.13 8.30 3.31 4.90 2.83 5.09 0.00 2.39 3.19 3.79 3.68 4.81 2.67 2.70 821705
5.49 3.58 4.17 2.78 7.72 8.03 3.87 3.33 5.54 4.49 4.67 4.48 5.93 7.84 8.39 8.07 2.06 3.50 6.30 8.15 3.09 5.51 3.90 3.66 0.00 2.15 3.22 3.49 3.64 4.38 2.75 2.84 834795
5.84 0.00 4.07 3.07 7.47 8.05 3.82 3.90 5.50 4.32 4.69 4.53 0.00 7.70 8.40 7.98 2.08 3.78 6.02 8.94 3.21 4.93 9.79 3.85 0.00 2.50 3.14 3.40 3.83 4.40 2.70 2.72 847885
5.56 3.51 4.18 2.52 7.24 7.96 0.00 3.46 5.45 4.38 4.63 4.44 6.17 7.72 8.38 8.19 2.06 3.51 6.01 8.06 3.19 4.99 0.00 0.00 0.00 2.08 3.14 3.67 3.83 4.29 3.01 2.80 860975
5.92 3.53 4.08 0.00 7.35 7.80 3.61 3.38 5.44 4.26 4.62 4.48 0.00 7.70 8.39 8.19 2.34 3.55 5.94 8.63 3.57 4.90 9.80 3.56 0.00 2.10 3.45 3.55 3.63 4.32 2.76 2.74 874065
5.59 0.00 4.14 3.02 7.16 7.76 3.66 3.55 6.09 4.34 4.64 4.46 6.17 7.66 8.39 8.21 2.06 3.85 6.09 0.00 3.10 5.03 9.67 4.87 0.00 2.10 3.16 3.55 3.68 4.35 2.74 2.73 887155
5.46 3.57 4.08 0.00 7.46 7.76 3.82 3.32 0.00 4.31 4.66 4.62 0.00 6.35 8.38 8.17 2.01 3.70 6.08 8.17 3.23 4.97 0.00 0.00 0.00 2.08 3.19 3.55 3.63 4.40 2.87 2.73 900245
5.26 3.90 4.08 2.59 7.65 7.72 3.85 3.42 0.00 4.33 4.61 4.48 5.90 7.56 8.38 0.00 2.01 4.48 6.04 8.26 3.14 0.00 0.00 3.87 0.00 2.23 3.24 3.36 3.60 4.33 2.74 2.75 913335
5.32 3.52 4.13 0.00 7.23 7.79 0.00 3.44 5.49 4.33 4.68 4.66 6.69 7.62 8.38 0.00 2.87 3.54 6.48 8.40 3.12 0.00 0.00 3.95 0.00 2.21 3.19 3.33 3.67 4.35 2.81 2.71 926425
5.23 3.55 4.12 0.00 7.16 7.85 4.40 3.33 5.41 4.30 4.68 4.53 0.00 7.68 8.38 0.00 2.01 3.64 6.08 8.57 3.12 5.21 9.80 3.55 0.00 2.09 3.15 3.45 3.65 4.37 2.84 2.72 939515
5.51 3.52 4.10 0.00 7.20 7.80 3.76 3.35 5.51 4.42 4.70 4.53 6.06 7.78 8.37 8.69 2.25 3.81 6.15 8.13 3.34 5.02 0.00 0.00 0.00 2.22 3.13 3.66 3.62 4.32 2.74 2.87 952605
5.37 3.47 4.19 0.00 7.55 7.88 3.90 3.44 5.49 4.35 4.78 4.59 6.17 7.65 8.37 0.00 2.51 3.51 6.21 8.43 3.19 4.93 0.00 3.69 0.00 2.21 3.17 3.86 3.61 4.32 2.92 2.87 965695
5.37 3.63 4.20 0.00 7.61 7.75 3.59 3.15 5.44 4.23 4.71 4.63 6.17 7.58 8.37 8.55 2.13 4.09 5.93 8.66 3.41 4.93 2.99 4.40 0.00 2.27 3.21 3.38 3.60 4.37 2.73 2.78 978785
5.57 3.54 4.38 0.00 7.68 7.90 3.83 3.23 5.46 4.21 4.75 4.58 6.50 7.87 8.37 0.00 2.04 3.50 6.10 8.03 3.12 4.81 9.68 3.45 0.00 2.12 3.22 3.28 3.55 4.34 2.75 2.76 991875
5.71 3.86 3.89 2.45 7.30 7.80 3.67 3.19 5.37 4.31 4.69 4.55 0.00 7.38 8.39 0.00 2.16 3.59 6.02 8.46 3.23 0.00 0.00 4.16 0.00 2.23 3.20 3.78 3.75 4.36 2.66 2.71 1004965
5.86 3.57 3.90 3.14 6.97 7.88 3.71 2.98 5.41 4.27 4.76 4.67 0.00 7.58 8.39 8.67 2.12 3.42 6.23 9.02 3.11 5.26 7.59 4.54 0.00 2.17 3.19 3.22 3.58 4.35 2.59 2.94 1018055
5.69 3.53 4.01 2.81 6.96 7.82 2.50 3.03 5.28 3.65 4.76 4.90 0.00 5.64 8.39 0.00 2.19 3.46 6.21 8.39 3.08 4.88 4.54 0.00 0.00 2.34 3.17 3.20 3.63 4.49 2.64 2.72 1031145
5.79 3.56 4.02 2.72 7.02 7.81 3.76 3.18 5.28 3.72 4.77 4.74 3.25 5.41 8.38 0.00 2.21 3.26 6.15 8.31 3.14 5.11 0.00 3.98 0.00 2.60 3.17 3.38 3.60 4.41 2.67 2.65 1044235
5.68 3.75 3.84 2.19 7.09 7.85 3.69 3.01 4.96 4.05 4.77 4.84 5.09 5.78 8.38 0.00 2.16 3.36 6.30 0.00 3.08 5.18 3.36 3.45 0.00 2.18 3.39 3.28 3.63 4.61 2.85 3.09 1057325
5.49 2.94 3.78 3.10 7.30 6.78 3.70 3.07 4.15 3.56 4.75 4.87 5.92 5.94 8.39 7.63 2.09 3.51 6.23 8.39 2.31 5.41 3.97 3.72 0.00 2.19 3.37 3.57 3.75 4.50 2.53 2.68 1070415
5.79 3.48 3.93 0.00 7.32 8.15 2.89 3.15 2.35 3.67 4.78 4.96 2.07 2.32 8.41 0.00 2.05 3.32 6.61 8.28 3.10 5.15 6.16 3.56 0.00 2.42 3.59 3.42 3.77 4.48 2.55 2.70 1083505
0.00 3.46 3.78 2.92 7.47 7.85 3.71 2.99 4.63 3.45 4.89 5.07 0.00 5.17 8.39 0.00 2.13 3.46 2.29 8.95 3.15 5.04 3.37 3.15 0.00 2.84 3.72 3.48 3.71 4.46 2.52 2.71 1096595
0.00 2.62 3.77 2.57 7.43 7.97 3.60 2.91 3.88 3.46 4.82 5.04 0.00 3.32 8.38 0.00 2.04 3.08 5.58 8.32 3.02 5.11 4.39 3.04 0.00 2.41 4.07 3.70 3.51 4.41 2.52 2.95 1109685
5.32 3.49 3.80 2.42 7.76 7.81 3.62 2.78 2.26 3.79 4.86 5.05 4.19 3.36 8.40 0.00 2.10 3.49 6.42 8.56 3.03 5.28 4.78 3.48 0.00 2.55 3.51 3.30 3.71 4.32 2.46 2.58 1122775
0.00 3.47 3.87 2.38 7.57 7.76 3.30 2.99 3.05 2.80 3.55 5.16 0.00 3.98 8.38 6.20 2.08 3.26 5.97 8.27 3.07 5.22 0.00 3.93 0.00 2.71 3.94 3.14 3.55 4.51 2.46 2.66 1135865
5.81 3.46 3.92 2.56 6.79 7.67 3.16 3.16 5.10 3.89 4.89 5.10 5.93 3.41 8.38 0.00 2.07 3.18 6.05 8.92 3.26 5.26 3.75 3.36 0.00 3.00 3.94 3.34 3.66 4.52 2.45 2.52 1148955
5.66 3.56 3.90 2.13 8.02 7.74 3.05 2.95 2.74 3.09 3.33 0.00 0.00 7.73 8.38 4.09 2.13 3.48 6.43 8.33 3.18 5.41 3.63 0.00 0.00 2.83 4.21 3.12 3.89 4.39 2.40 2.48 1162045
5.61 3.42 3.95 2.29 7.20 8.06 2.95 2.98 2.77 3.14 5.11 5.21 6.44 7.42 8.38 6.39 2.04 2.84 6.41 8.49 3.51 5.69 7.27 3.93 0.00 3.15 4.20 3.10 3.76 4.47 2.61 2.47 1175135
5.64 3.61 3.90 2.59 7.25 2.79 3.03 3.08 4.75 2.61 5.04 5.35 5.95 4.59 8.38 0.00 2.13 2.54 4.89 8.29 3.40 5.32 2.79 2.58 0.00 3.32 4.28 3.06 3.76 4.47 2.47 2.57 1188225
0.00 3.58 3.92 3.03 7.54 8.32 3.04 3.01 4.76 3.54 4.98 5.40 0.00 7.85 8.39 0.00 2.11 3.21 6.27 8.65 3.33 5.41 2.16 3.68 0.00 3.27 4.33 3.15 3.86 3.37 2.50 2.63 1201315
5.75 3.53 3.91 5.09 7.32 7.80 2.90 3.18 3.47 3.72 5.10 5.52 0.00 6.59 7.26 0.00 2.07 3.00 6.44 8.49 3.34 5.33 5.25 3.76 0.00 3.54 3.12 3.23 3.53 4.45 2.56 2.53 1214405
0.00 3.49 4.02 2.43 7.48 8.26 2.97 3.04 4.45 3.88 5.02 5.41 0.00 3.58 8.39 0.00 2.20 3.25 6.41 8.76 3.26 5.57 4.12 3.72 0.00 4.00 4.37 3.10 4.01 4.92 2.55 2.61 1227495
5.31 3.54 4.01 2.68 7.55 7.68 2.81 3.06 4.73 3.85 5.14 5.53 0.00 6.66 8.38 0.00 2.15 3.23 6.25 8.53 3.37 5.50 9.66 4.26 0.00 3.84 4.35 3.03 3.77 4.37 2.65 2.53 1240585
5.24 3.44 4.06 2.70 7.08 4.06 3.02 3.07 4.81 2.61 5.03 5.41 0.00 6.71 8.38 0.00 2.18 3.12 6.59 8.68 3.27 5.48 0.00 4.93 0.00 3.51 4.18 3.18 4.01 3.52 2.65 2.47 1253675
5.64 3.57 4.13 3.05 6.99 7.88 2.84 3.13 4.45 3.82 5.16 5.53 0.00 7.74 8.38 0.00 2.18 3.75 6.52 8.46 3.39 0.00 9.86 4.55 0.00 3.60 4.36 3.14 3.96 4.44 2.55 2.61 1266765
5.60 0.00 4.14 3.03 7.03 7.27 2.88 3.08 4.60 3.21 5.12 5.54 6.23 7.60 8.39 0.00 2.03 3.24 6.59 8.65 3.64 0.00 0.00 0.00 0.00 3.67 4.68 0.00 3.76 4.44 2.57 2.58 1279855
0.00 3.77 4.15 2.89 7.12 8.05 2.95 3.12 4.41 3.75 5.30 5.56 6.71 7.68 8.39 8.45 2.08 3.27 6.55 8.87 3.54 5.66 0.00 3.69 0.00 3.81 4.69 3.10 3.83 4.43 2.50 2.65 1292945
0.00 0.00 4.09 2.56 7.33 8.01 2.91 3.00 4.47 3.75 5.14 5.75 0.00 7.23 8.39 0.00 2.21 3.25 6.62 8.62 2.94 5.51 9.51 4.43 0.00 3.88 4.77 2.99 3.78 4.48 2.53 3.09 1306035
5.37 3.84 3.98 4.30 7.21 7.75 2.89 2.98 4.40 3.78 5.20 5.65 6.27 5.76 8.43 0.00 2.09 3.25 6.61 8.61 3.46 5.62 9.62 5.26 0.00 3.73 5.21 3.06 3.78 4.45 2.45 2.53 1319125
5.38 3.56 4.00 0.00 7.19 7.85 2.91 3.17 4.48 3.32 5.24 5.61 0.00 7.56 8.38 0.00 2.03 3.57 6.49 8.55 3.46 6.26 0.00 3.44 0.00 3.73 4.04 3.09 3.79 4.58 2.49 2.56 1332215
0.00 3.37 4.01 0.00 6.79 7.92 2.94 3.10 4.27 3.74 5.25 5.56 0.00 7.60 8.38 0.00 2.18 3.53 6.57 8.65 3.47 5.76 9.84 4.15 0.00 3.76 5.03 3.07 3.78 4.47 2.60 2.56 1345305
0.00 3.48 4.08 0.00 6.79 7.86 2.91 3.01 4.27 3.76 5.22 5.81 0.00 7.63 8.38 0.00 2.10 3.99 6.63 0.00 3.44 5.64 9.81 5.08 0.00 3.83 5.16 3.54 3.80 4.57 2.49 2.71 1358395
5.41 4.12 4.18 2.57 6.81 7.85 3.08 2.95 4.17 3.72 5.21 0.00 0.00 7.57 8.39 0.00 2.09 3.75 6.57 9.26 3.50 5.90 9.50 3.95 0.00 4.15 4.36 2.89 3.79 4.61 2.56 2.57 1371485
0.00 3.62 3.88 0.00 7.43 7.86 3.12 3.02 4.28 3.75 5.20 5.59 0.00 7.65 8.40 0.00 2.16 3.68 6.99 9.26 3.32 0.00 5.40 4.15 0.00 3.88 5.23 2.83 3.82 4.53 2.50 2.47 1384575
5.31 3.52 4.31 0.00 7.28 7.87 2.97 3.03 4.43 3.69 5.26 5.81 0.00 7.63 8.34 0.00 2.05 3.53 6.69 8.73 3.67 5.84 9.45 0.00 0.00 3.90 5.20 2.88 3.76 4.48 2.46 2.52 1397665
0.00 4.19 3.83 0.00 6.86 7.74 3.00 2.94 4.27 3.70 5.36 5.62 0.00 7.57 8.34 0.00 2.24 3.59 6.70 8.65 3.46 0.00 9.80 4.38 0.00 4.14 5.31 2.86 3.85 4.53 2.44 2.46 1410755
0.00 0.00 4.01 4.05 6.85 7.80 2.81 3.03 4.15 3.70 5.26 5.64 0.00 7.61 8.41 0.00 2.26 3.70 0.00 8.56 3.34 5.65 0.00 4.96 0.00 4.28 5.29 2.95 3.96 4.52 2.47 2.50 1423845
0.00 4.17 3.89 0.00 6.96 7.85 2.96 3.09 4.49 3.75 5.14 5.81 0.00 7.58 8.39 0.00 2.04 3.63 0.00 8.49 3.39 0.00 0.00 0.00 0.00 4.49 5.22 2.97 3.85 4.49 2.44 0.00 1436935
0.00 3.58 3.80 0.00 7.07 7.83 2.82 2.99 4.38 3.77 5.14 5.68 0.00 7.56 8.39 8.30 2.25 3.48 7.02 8.44 3.69 5.63 0.00 0.00 0.00 4.45 4.90 2.95 3.68 4.54 2.45 2.65 1450025
0.00 4.17 3.93 0.00 6.78 7.86 2.98 3.17 4.13 3.79 5.23 5.64 0.00 7.61 8.39 0.00 2.15 3.64 7.39 8.45 3.39 5.79 9.87 0.00 0.00 4.27 5.21 2.91 3.73 4.56 2.55 0.00 1463115
0.00 3.54 3.79 0.00 7.14 7.73 2.95 3.16 4.20 3.69 5.18 5.72 0.00 7.77 8.34 8.13 2.18 3.66 0.00 8.58 3.48 5.81 9.90 0.00 0.00 4.01 5.14 3.54 3.86 4.64 2.48 2.47 1476205
0.00 0.00 4.02 0.00 7.09 7.82 2.88 2.99 4.06 3.75 5.16 5.71 0.00 7.59 8.33 0.00 2.05 3.49 0.00 8.63 3.50 6.52 9.88 4.11 0.00 4.22 5.26 2.99 4.05 4.47 2.43 2.48 1489295
0.00 3.54 3.85 0.00 6.89 7.86 2.81 3.00 4.06 3.74 5.17 5.76 0.00 7.63 8.33 0.00 2.02 3.53 0.00 8.60 3.45 6.22 0.00 4.89 0.00 3.93 5.18 2.87 3.68 4.46 2.42 2.49 1502385
0.00 0.00 3.75 0.00 6.83 7.89 2.68 3.30 4.44 3.72 5.22 5.63 0.00 7.54 8.33 0.00 2.03 3.40 6.50 8.46 3.76 5.95 9.83 3.34 0.00 4.17 5.17 3.03 3.78 4.58 2.46 0.00 1515475
0.00 0.00 3.85 0.00 7.55 7.89 2.88 3.01 4.10 3.67 5.18 5.95 0.00 7.58 8.39 0.00 2.03 3.34 0.00 8.63 3.64 5.74 9.95 0.00 0.00 4.00 5.19 3.44 3.73 4.51 2.40 2.68 1528565
0.00 0.00 3.75 0.00 6.85 7.88 2.80 3.05 4.10 3.87 5.32 0.00 0.00 7.64 8.34 0.00 2.04 3.37 6.49 8.61 3.49 0.00 9.80 0.00 0.00 0.00 5.20 2.83 3.71 4.50 2.43 2.46 1541655
0.00 0.00 3.84 0.00 6.99 8.11 2.63 3.15 4.36 3.73 5.16 5.80 0.00 7.56 8.37 0.00 2.03 3.65 6.46 8.58 3.39 0.00 9.95 0.00 0.00 4.10 5.17 0.00 3.79 4.43 2.43 2.52 1554745
0.00 4.20 3.87 5.46 6.82 7.76 2.69 3.05 4.60 3.78 5.34 5.74 0.00 7.62 8.39 0.00 2.22 3.56 6.18 8.60 3.45 0.00 9.82 3.66 0.00 0.00 5.29 2.98 3.69 4.52 2.43 2.43 1567835
0.00 0.00 4.07 0.00 0.00 8.22 2.70 3.07 4.19 3.75 5.24 5.69 0.00 7.70 8.39 0.00 2.10 3.55 6.71 8.67 3.48 5.98 9.83 0.00 0.00 4.53 5.33 2.84 3.74 4.48 2.41 2.47 1580925
0.00 4.13 3.85 0.00 7.40 7.92 2.62 3.09 4.14 3.69 5.22 5.71 0.00 7.61 8.35 0.00 2.10 3.48 6.37 8.60 3.32 5.77 0.00 5.40 0.00 4.06 5.29 0.00 3.76 4.46 2.44 2.46 1594015
0.00 4.20 3.72 0.00 7.00 7.90 2.78 3.13 3.92 3.68 5.19 5.72 0.00 7.58 8.38 0.00 2.14 3.58 6.20 8.62 3.36 6.09 0.00 4.12 0.00 4.14 5.28 2.85 3.79 4.49 2.43 2.45 1607105
0.00 0.00 3.87 5.39 7.50 7.88 2.58 3.07 4.10 3.89 5.23 5.69 0.00 7.56 8.39 0.00 2.03 3.70 6.57 8.61 3.34 5.66 9.84 4.97 0.00 4.27 5.40 2.86 3.78 4.49 2.42 2.59 1620195
0.00 4.18 3.71 0.00 7.27 7.99 2.72 3.27 4.04 3.71 5.22 5.75 0.00 7.61 8.35 0.00 2.08 3.75 6.60 8.60 3.46 5.93 0.00 4.58 0.00 4.05 5.25 3.50 3.76 4.61 2.43 3.00 1633285
0.00 0.00 3.60 0.00 7.40 7.83 2.71 3.13 3.98 3.83 5.17 5.63 6.07 7.54 8.36 0.00 2.06 3.63 0.00 8.60 3.68 0.00 9.84 3.85 0.00 4.22 5.19 3.13 3.82 4.49 2.52 2.53 1646375
0.00 4.17 3.66 0.00 7.38 7.74 2.82 3.17 3.59 3.78 5.25 5.84 0.00 7.54 8.45 0.00 2.89 3.40 6.54 8.82 3.46 0.00 0.00 0.00 0.00 4.11 5.30 2.92 3.73 4.55 2.43 2.54 1659465
0.00 4.18 3.71 0.00 7.32 7.83 2.95 3.27 3.51 3.66 5.31 5.83 0.00 7.25 8.10 0.00 2.38 3.16 0.00 8.87 3.48 5.70 4.37 4.03 0.00 4.17 4.95 2.90 3.71 4.50 2.50 2.78 1672555
0.00 3.65 3.67 2.12 7.04 7.81 2.73 3.29 3.80 4.00 5.67 5.87 6.24 7.58 8.33 0.00 2.05 3.17 0.00 8.74 3.53 6.16 0.00 4.60 0.00 0.00 5.33 2.89 3.79 4.57 2.53 2.69 1685645
0.00 3.45 4.21 4.03 7.47 7.79 2.72 3.34 3.64 3.79 5.31 5.89 6.07 6.69 8.22 7.87 2.70 3.12 6.43 8.81 3.49 6.13 0.00 3.99 0.00 0.00 4.82 2.99 3.81 4.50 2.57 2.54 1698735
0.00 3.68 3.82 0.00 7.22 6.72 2.83 3.44 3.36 2.88 5.36 5.90 0.00 2.76 8.64 0.00 2.16 3.26 6.69 8.79 3.81 6.05 7.60 0.00 0.00 3.79 5.11 2.94 3.91 4.52 2.61 2.56 1711825
5.60 3.41 3.81 2.16 7.19 4.60 2.95 3.31 3.54 3.06 5.33 5.94 6.16 7.33 6.85 8.32 2.14 3.27 0.00 8.80 3.59 5.97 0.00 4.31 0.00 4.07 4.82 2.81 3.95 4.62 2.59 2.67 1724915
0.00 3.48 3.98 2.78 5.53 4.43 2.52 3.26 3.42 3.06 5.33 6.06 6.01 5.43 7.95 0.00 2.05 3.48 5.02 8.84 3.49 6.19 5.51 4.37 0.00 4.39 4.96 2.87 3.49 4.68 2.54 2.71 1738005
5.61 3.37 3.83 2.64 6.49 3.72 2.79 3.11 3.46 2.99 5.47 6.09 6.29 6.36 8.17 8.12 2.23 3.36 5.47 8.71 2.51 5.99 4.08 3.74 0.00 3.77 3.74 2.92 3.78 4.02 2.62 2.64 1751095
0.00 3.53 4.05 2.71 3.17 3.65 2.55 3.41 2.67 3.20 5.64 5.26 6.05 4.12 8.00 5.09 2.08 3.40 0.00 8.94 2.62 0.00 5.04 3.71 0.00 4.10 3.62 2.96 3.78 4.64 2.56 2.68 1764185
0.00 3.40 4.27 2.83 3.99 5.60 2.53 3.71 3.00 2.26 3.29 6.10 5.79 2.58 7.60 7.99 2.13 3.36 6.22 8.88 3.62 6.40 2.77 3.73 0.00 3.72 3.52 3.32 2.87 4.73 2.58 2.63 1777275
0.00 3.44 4.25 2.47 5.21 4.97 2.37 3.39 2.74 3.61 5.72 6.22 5.74 3.14 7.52 7.52 2.12 3.31 4.47 8.82 3.80 6.07 2.60 4.75 0.00 3.75 3.69 3.09 3.55 4.01 2.53 2.74 1790365
5.62 3.46 4.20 2.89 4.41 3.79 2.89 3.41 2.72 2.62 3.21 6.22 5.64 2.74 4.85 4.15 2.07 3.31 6.10 8.69 3.86 0.00 3.03 3.22 0.00 3.92 3.87 3.16 3.84 4.76 2.48 2.75 1803455
0.00 3.36 4.46 2.35 3.87 3.24 2.17 2.41 2.57 2.40 3.62 6.47 5.03 4.29 6.62 7.43 2.16 2.67 0.00 8.89 2.72 0.00 3.26 3.90 0.00 3.38 3.50 2.89 2.79 4.69 2.52 2.67 1816545
5.66 2.63 4.45 2.69 3.48 3.28 2.63 3.57 2.41 2.91 4.25 0.00 3.36 3.04 6.54 6.98 2.05 3.07 2.83 8.86 3.55 0.00 3.33 3.90 0.00 3.84 4.38 3.07 2.91 4.84 2.54 2.72 1829635
2.15 2.29 2.98 2.38 4.09 2.61 2.64 2.98 2.87 2.46 2.87 4.36 4.46 2.62 5.18 4.30 2.74 3.54 4.19 5.12 2.80 5.96 2.80 0.00 0.00 3.72 3.57 3.03 3.24 4.21 2.62 2.72 1842725
3.17 3.09 3.69 2.44 4.18 2.68 2.88 2.13 3.21 2.51 2.60 6.71 3.66 3.43 5.54 4.71 2.18 2.59 4.15 8.95 3.27 0.00 2.91 3.16 0.00 3.03 2.78 2.95 2.58 4.78 2.63 2.68 1855815
3.00 2.82 3.88 2.37 3.46 2.97 3.23 2.56 2.46 2.39 2.99 3.55 2.34 2.81 3.49 2.24 2.36 3.15 5.56 2.18 2.28 0.00 2.32 2.92 0.00 3.20 2.27 2.87 3.71 3.06 2.44 2.72 1868905
5.06 2.31 3.63 2.19 2.76 2.33 2.21 3.29 3.51 2.19 2.31 2.79 2.13 2.73 5.78 3.77 2.09 3.42 2.99 2.40 2.42 0.00 2.66 2.38 0.00 3.24 3.12 3.07 3.42 2.40 2.68 2.84 1881995
3.11 2.60 3.82 2.23 3.19 2.75 2.58 2.36 2.78 2.53 2.99 4.12 2.74 2.65 2.91 2.34 2.16 3.18 2.61 4.25 2.82 0.00 2.64 2.46 0.00 2.56 2.65 3.35 3.48 2.65 2.51 2.85 1895085
4.07 2.59 3.93 2.47 2.23 3.23 2.44 2.88 2.49 2.37 2.31 3.45 2.54 2.87 3.62 2.29 2.47 3.02 3.01 2.89 2.65 2.98 2.31 2.26 0.00 2.50 2.84 2.77 3.35 3.05 2.56 2.59 1908175
2.61 2.57 3.10 2.23 3.08 2.73 2.44 2.54 2.31 2.87 4.17 3.45 0.00 3.09 4.37 2.86 2.30 3.05 3.62 3.72 2.37 0.00 2.84 3.10 0.00 2.65 3.12 3.11 2.83 3.72 2.47 2.45 1921265
2.49 2.59 2.81 2.43 3.48 2.62 2.32 3.10 2.77 2.13 2.84 2.39 4.17 2.87 3.37 2.44 2.12 3.11 3.23 2.08 2.96 0.00 2.78 3.51 0.00 2.73 2.50 2.89 2.38 2.49 2.60 2.94 1934355
3.90 2.87 2.92 2.41 3.06 2.79 2.71 3.56 2.74 2.06 3.14 2.12 4.62 2.92 3.48 2.30 2.07 2.91 2.90 2.26 3.33 0.00 2.54 2.74 0.00 2.36 2.30 3.08 2.93 2.41 2.54 2.98 1947445
2.53 2.71 2.64 2.40 4.01 2.37 2.61 2.43 2.57 2.40 3.08 2.81 3.63 3.05 2.78 4.07 2.39 3.33 3.79 3.59 2.70 2.58 2.69 2.34 0.00 2.21 2.82 3.22 2.20 4.55 2.45 2.98 1960535
3.92 3.09 3.55 2.38 2.73 2.36 2.25 3.44 2.44 2.51 2.76 2.54 3.51 2.68 2.10 2.11 2.21 3.29 3.88 4.04 2.83 0.00 3.09 3.40 0.00 2.31 2.58 2.93 3.10 2.57 2.22 2.95 1973625
3.75 3.10 2.40 2.07 2.68 2.51 2.43 2.60 2.97 2.31 2.41 2.67 2.93 3.02 4.66 3.03 2.23 2.59 2.62 2.83 2.90 2.54 2.83 2.51 0.00 2.66 2.69 2.82 3.26 3.64 2.91 2.72 1986715
5.02 2.31 4.91 2.19 4.41 3.45 2.34 2.69 2.78 2.23 2.43 6.03 2.72 2.22 2.62 0.00 2.31 3.20 2.44 2.47 2.54 3.06 2.25 2.62 0.00 2.47 3.09 3.18 3.00 2.42 2.42 2.36 1999805
2.47 2.46 2.47 2.85 3.34 2.67 2.68 3.57 2.42 2.46 3.84 3.69 4.71 2.38 3.49 2.34 2.37 3.46 2.67 2.07 2.29 2.68 2.90 2.36 0.00 2.58 2.68 2.29 3.00 3.96 2.24 2.92 2012895
4.71 2.83 3.40 2.49 4.07 2.47 2.31 3.99 4.67 3.21 2.25 3.83 2.60 2.99 6.34 2.25 2.15 2.26 3.08 4.41 2.75 2.59 2.15 2.22 0.00 2.87 2.55 2.38 2.70 3.05 2.50 2.67 2025985
4.39 2.36 4.21 2.53 2.72 3.14 2.17 2.87 2.26 2.39 2.31 3.02 3.74 2.62 2.28 2.09 2.10 3.19 2.31 2.58 2.70 0.00 2.71 2.59 0.00 3.14 2.28 2.92 2.49 2.40 2.74 2.95 2039075
4.59 2.43 3.81 2.39 3.52 3.08 2.63 2.46 2.72 2.98 3.24 3.72 4.16 2.60 2.16 2.84 2.21 2.76 2.50 0.00 2.41 2.36 3.26 2.24 0.00 2.45 2.57 2.91 2.74 2.43 2.70 3.14 2052165
2.20 2.75 3.04 2.78 2.78 3.22 2.73 2.24 3.91 2.69 2.12 5.95 2.83 2.10 6.33 3.51 2.19 2.89 2.39 3.80 2.82 2.96 2.34 2.23 0.00 3.11 3.15 2.91 2.30 2.98 2.74 2.70 2065255
4.37 2.79 3.47 2.45 3.91 3.15 3.46 3.48 2.19 2.31 2.81 6.33 2.12 2.29 4.88 2.30 2.08 2.74 3.87 0.00 2.26 6.26 2.81 2.95 0.00 3.88 2.66 2.85 2.44 3.14 2.53 2.90 2078345
3.71 2.48 3.55 2.25 3.75 3.05 2.13 2.42 3.32 2.15 2.54 3.02 2.29 2.67 4.28 3.42 2.60 3.28 3.05 7.86 2.46 2.18 2.39 3.37 0.00 3.48 2.79 2.92 3.10 2.51 2.73 2.97 2091435
5.37 2.70 4.62 2.37 3.45 3.10 2.76 3.62 2.57 3.61 2.23 6.19 3.33 2.47 3.15 3.88 2.13 3.05 2.80 2.93 3.10 5.02 2.60 2.51 0.00 3.92 3.80 2.22 2.38 2.83 2.73 2.92 2104525
4.57 3.39 4.96 2.23 3.81 3.45 2.96 4.49 2.81 2.59 2.70 6.47 4.45 2.58 3.68 3.11 2.41 3.66 2.29 2.42 3.22 6.13 2.57 2.75 0.00 4.08 3.07 3.00 3.68 2.43 2.77 2.99 2117615
4.29 3.54 4.96 2.38 3.53 2.19 3.08 5.72 2.35 2.54 3.26 0.00 3.79 2.78 4.87 2.62 2.13 3.38 3.60 7.11 2.42 6.03 2.60 2.09 0.00 4.00 4.23 2.88 2.55 2.33 2.43 2.88 2130705
4.10 2.45 4.82 2.36 3.34 2.21 3.47 2.99 2.67 2.24 2.79 2.58 3.54 2.86 4.49 5.94 2.41 2.73 3.40 2.46 2.74 5.86 2.97 4.30 0.00 4.13 3.40 2.97 2.51 2.63 2.58 2.90 2143795
4.29 3.10 5.02 2.72 4.16 3.59 3.42 6.01 2.88 2.64 6.29 2.74 4.48 3.11 6.51 5.37 2.32 3.13 4.82 8.14 2.27 0.00 2.58 3.04 0.00 3.82 3.70 2.77 2.52 3.80 2.72 2.98 2156885
4.86 3.13 2.36 2.13 4.16 2.61 2.75 6.19 3.20 2.49 2.64 6.26 3.88 2.81 2.57 6.06 2.70 3.44 2.52 5.66 3.52 5.43 2.32 2.58 0.00 0.00 3.01 2.62 3.62 2.32 2.71 2.89 2169975
4.43 2.96 3.95 2.20 4.22 3.75 3.31 3.91 3.00 2.35 6.05 4.83 4.26 3.85 6.52 6.04 2.57 3.38 3.94 8.78 2.60 2.49 2.34 2.36 0.00 4.25 3.29 2.83 3.71 3.53 2.73 2.96 2183065
4.01 2.38 3.59 2.80 4.06 3.77 3.66 5.25 2.32 2.40 2.90 5.22 4.22 3.05 6.44 6.07 2.12 3.02 4.75 0.00 3.54 5.20 2.71 2.53 0.00 4.17 4.34 2.90 2.37 3.35 2.78 2.80 2196155
4.44 3.07 4.69 2.38 4.21 2.67 3.11 5.52 5.14 2.86 3.62 6.67 3.59 2.68 3.08 4.43 2.26 3.21 5.55 8.41 2.26 4.76 2.88 3.07 0.00 4.16 2.51 3.07 2.30 4.65 2.26 2.96 2209245
3.98 2.87 5.01 2.05 4.12 4.15 3.26 5.69 4.17 2.57 4.22 6.38 3.56 3.19 6.69 2.30 2.61 3.13 3.41 7.63 2.82 5.00 2.28 3.43 0.00 3.65 2.75 3.15 3.44 3.10 2.34 2.91 2222335
4.29 3.32 4.42 3.05 4.19 4.21 3.42 3.76 2.60 2.65 5.25 0.00 4.35 3.56 5.30 6.12 2.10 3.58 5.42 8.56 3.74 4.70 2.47 3.34 0.00 4.22 3.00 2.89 3.25 2.21 2.80 2.92 2235425
4.05 2.99 4.71 2.22 4.28 3.46 3.45 5.87 4.36 3.37 5.21 5.09 4.23 3.96 6.57 6.24 2.16 3.16 5.23 9.04 3.26 4.65 2.68 3.29 0.00 4.16 3.29 3.11 3.30 5.04 2.83 2.47 2248515
4.28 3.22 5.12 2.34 4.05 3.01 3.42 5.86 2.66 2.90 5.61 5.23 4.18 4.38 6.58 6.15 2.21 3.36 2.29 8.61 3.32 4.51 3.69 3.69 0.00 4.20 3.30 3.04 2.69 4.91 2.59 3.07 2261605
4.11 3.42 4.88 3.34 3.18 3.74 3.63 5.27 3.84 2.65 3.98 6.53 4.41 4.33 5.75 5.90 2.08 3.23 4.83 8.60 3.37 4.53 3.79 4.05 0.00 4.05 2.44 3.05 3.56 4.11 2.87 2.96 2274695
3.79 3.53 4.73 2.29 3.96 4.14 3.61 4.76 5.26 5.25 4.94 6.49 4.15 3.67 6.73 6.52 2.31 3.20 6.32 8.81 2.76 4.40 2.70 3.52 0.00 4.23 4.33 3.12 2.47 3.87 2.86 2.93 2287785
3.66 3.31 4.87 2.35 3.91 4.10 3.39 5.61 4.58 4.85 5.51 6.47 4.53 3.98 7.37 5.82 2.23 2.56 5.90 8.81 2.45 4.42 2.23 3.66 0.00 4.14 4.62 3.07 3.38 2.99 2.96 2.96 2300875
3.66 3.58 4.95 2.77 3.83 3.49 3.76 5.78 2.95 2.77 6.21 5.92 4.20 2.81 7.04 6.50 2.07 3.18 4.92 8.52 3.14 4.47 3.78 2.64 0.00 4.20 3.75 3.18 4.02 4.97 2.96 2.98 2313965
3.75 3.43 5.10 2.28 3.86 3.74 3.68 6.05 5.09 3.79 7.17 6.20 4.32 4.31 6.97 6.48 2.25 3.02 6.42 9.23 3.01 2.28 3.92 0.00 0.00 3.83 4.64 3.47 3.81 4.95 2.94 3.22 2327055
3.93 3.86 4.68 2.20 3.92 3.71 3.06 5.61 4.77 4.26 6.16 5.98 4.11 5.66 6.47 6.75 2.13 3.38 4.96 0.00 2.41 4.62 2.87 2.58 0.00 4.00 3.97 3.33 3.63 4.63 2.93 2.96 2340145
3.97 3.52 4.70 3.21 3.85 3.79 3.54 5.89 2.45 3.46 6.76 6.26 4.12 3.58 7.08 3.19 2.15 3.29 5.13 8.72 3.56 4.72 3.81 3.52 0.00 4.14 4.19 2.99 3.98 3.19 2.95 3.07 2353235
3.85 3.34 4.62 2.68 3.92 3.43 3.60 5.82 4.40 3.03 4.50 6.37 4.50 4.42 7.31 6.20 2.27 3.22 6.38 6.52 2.33 0.00 2.90 2.79 0.00 2.92 3.94 3.11 3.78 4.71 3.00 2.97 2366325
3.38 3.34 5.24 2.22 3.83 3.76 4.27 5.75 2.54 2.99 5.89 6.18 3.48 2.43 7.43 7.02 2.08 2.75 4.79 4.11 3.53 4.50 2.69 2.44 0.00 3.96 2.52 3.11 3.33 4.31 2.49 2.98 2379415
3.74 3.50 4.78 2.50 4.04 3.14 3.60 5.63 5.41 2.63 4.39 4.99 2.14 3.66 5.21 3.68 2.81 3.18 3.55 8.76 2.56 4.51 3.09 3.20 0.00 3.79 3.57 2.97 3.92 3.68 2.68 3.14 2392505
3.67 3.50 4.51 2.55 3.87 3.13 3.50 4.46 3.53 2.80 2.53 4.67 4.25 2.74 7.82 3.13 2.14 3.15 3.24 6.79 3.07 0.00 3.26 3.04 0.00 3.31 2.83 2.94 3.86 4.98 2.95 3.02 2405595
3.67 3.31 4.68 2.48 2.66 2.82 3.77 4.78 3.28 2.41 4.33 5.90 3.65 2.68 7.56 7.06 2.23 3.28 6.03 0.00 2.81 0.00 2.29 2.61 0.00 3.68 3.21 3.00 3.20 3.62 2.98 3.04 2418685
3.89 2.94 3.58 3.59 3.88 3.65 3.99 5.70 2.30 2.54 4.98 5.88 5.08 2.93 7.78 7.21 2.09 3.30 3.59 2.18 2.98 2.40 2.91 3.21 0.00 3.55 3.65 2.75 3.16 5.07 3.35 3.03 2431775
3.80 3.26 4.88 2.24 3.59 3.44 2.94 5.26 4.34 2.64 3.73 2.62 3.44 2.86 7.75 5.83 2.08 3.16 6.11 8.68 2.56 5.07 3.60 2.17 0.00 3.75 3.95 2.87 3.86 2.74 2.57 3.01 2444865
3.29 2.82 3.98 2.77 3.75 2.62 3.01 4.15 2.17 2.65 3.13 4.22 3.98 3.13 2.68 7.15 2.15 2.92 6.06 8.68 2.94 4.41 2.88 2.60 0.00 3.14 2.34 2.74 2.42 4.83 3.01 3.08 2457955
3.61 3.30 3.34 2.38 4.02 3.08 2.44 2.75 3.20 2.46 4.26 5.49 3.78 2.45 0.00 4.54 2.05 3.22 3.61 5.80 2.20 4.50 2.50 2.80 0.00 3.05 2.67 2.74 2.85 3.89 3.06 3.16 2471045
4.02 3.27 4.37 2.64 3.96 2.80 3.51 3.17 2.29 2.88 5.19 5.41 3.57 2.35 7.71 7.27 2.07 3.14 3.84 8.98 2.52 4.66 3.03 3.19 0.00 3.41 2.77 2.63 3.51 4.03 3.05 3.09 2484135
3.78 3.14 4.53 2.16 4.19 3.25 3.54 2.96 2.87 2.46 3.75 5.45 5.47 3.83 4.82 2.52 2.35 2.77 3.19 6.97 2.82 4.61 2.45 3.22 0.00 2.87 3.17 2.81 3.02 4.99 2.59 3.03 2497225
3.93 2.88 4.86 2.70 4.02 2.83 3.00 5.06 3.24 2.56 5.31 4.58 4.84 2.31 7.69 7.36 2.12 3.25 5.05 7.05 2.52 0.00 3.37 2.43 0.00 3.54 3.34 2.61 2.52 4.47 3.18 3.16 2510315
3.97 3.31 2.91 2.32 4.20 3.43 3.68 2.57 4.71 2.67 3.15 5.03 3.04 3.75 8.00 7.76 2.07 3.22 5.88 6.96 2.23 3.63 2.61 2.16 0.00 3.56 3.33 2.96 3.09 5.02 2.85 3.17 2523405
4.00 3.05 4.43 2.48 3.93 2.22 2.10 3.77 2.21 2.25 3.03 3.30 2.17 2.77 2.76 2.72 2.17 3.15 5.60 6.65 2.55 3.11 2.87 2.31 0.00 3.30 2.84 2.85 3.33 4.55 2.83 3.22 2536495
2.77 2.42 4.91 2.39 2.36 2.34 2.67 2.30 3.72 2.51 3.13 4.54 5.89 2.47 2.49 3.12 2.08 3.13 2.75 2.28 2.29 0.00 3.27 2.49 0.00 3.16 2.38 3.17 3.76 3.95 2.99 3.27 2549585
4.40 2.86 3.73 2.52 3.91 2.84 2.72 2.73 2.54 2.52 3.47 3.97 0.00 2.53 2.16 2.33 2.14 2.87 3.42 3.84 2.79 0.00 2.34 3.00 0.00 2.69 2.33 2.90 2.62 4.21 2.44 2.81 2562675
3.72 2.75 3.16 2.25 2.32 2.61 2.56 2.67 2.65 2.33 3.85 3.60 2.20 2.25 2.39 2.45 2.23 3.05 3.43 2.17 2.51 2.72 2.28 2.28 0.00 2.32 3.08 3.05 2.27 3.22 2.68 3.33 2575765
2.70 2.79 2.39 2.43 3.29 2.89 2.53 2.67 3.23 2.30 4.05 4.75 2.46 3.22 2.94 2.51 2.21 2.30 2.84 2.49 2.88 2.72 2.71 2.67 0.00 2.23 2.24 2.74 3.43 3.00 2.58 3.39 2588855
3.04 2.43 4.67 2.65 2.78 2.84 3.08 2.54 2.32 2.57 2.75 4.50 2.13 2.26 2.51 3.04 2.26 3.31 2.63 5.43 2.32 2.89 2.75 0.00 0.00 2.46 2.91 3.02 2.30 3.11 3.24 3.61 2601945
4.59 2.31 2.79 2.47 3.91 2.88 2.60 2.38 2.37 2.09 2.74 3.72 2.17 2.48 2.93 2.74 2.50 2.60 2.80 2.68 2.79 0.00 2.68 3.59 0.00 2.33 2.59 3.30 2.20 5.43 2.71 2.70 2615035
2.53 2.90 3.04 2.49 2.40 2.48 3.51 2.29 3.61 2.56 3.02 4.28 2.63 2.55 2.69 2.75 2.20 3.14 2.38 3.50 2.15 0.00 2.26 2.53 0.00 2.28 2.49 3.25 3.04 2.48 2.35 3.23 2628125
4.54 2.61 2.78 2.58 2.63 2.52 2.86 3.03 2.59 2.87 3.35 2.69 2.57 2.78 3.90 2.73 2.19 2.79 2.74 3.47 2.86 0.00 2.47 3.81 0.00 2.12 2.17 2.84 2.12 2.40 2.35 3.23 2641215
2.60 2.63 2.75 2.68 2.65 2.35 2.59 2.64 2.53 2.15 2.78 2.42 2.14 2.42 5.19 2.50 2.18 2.96 3.50 2.39 2.22 0.00 2.42 2.17 0.00 2.45 2.19 4.34 2.35 3.02 3.09 3.03 2654305
4.47 2.91 4.11 2.32 4.23 2.53 2.34 5.15 3.28 2.28 2.63 4.23 2.12 2.18 4.41 4.40 2.14 2.24 2.29 3.00 2.91 3.61 2.61 2.55 0.00 2.47 2.92 3.78 2.45 2.16 2.84 2.85 2667395
3.50 2.13 2.81 2.66 4.37 2.56 3.02 2.69 2.80 2.26 3.09 5.25 4.49 2.88 4.34 2.73 2.14 2.58 2.69 2.90 2.27 0.00 2.73 2.63 0.00 2.64 2.89 3.06 2.42 2.36 3.27 3.50 2680485
4.32 3.06 4.06 2.61 4.19 2.47 2.61 4.82 2.77 2.58 2.57 2.96 2.19 2.71 3.96 2.79 2.18 2.55 2.91 2.24 2.67 0.00 2.45 2.45 0.00 2.56 2.78 3.72 2.40 2.66 2.18 3.59 2693575
3.81 3.60 4.80 2.30 3.17 2.27 2.88 4.01 2.41 2.56 2.43 5.67 3.35 3.29 3.33 2.92 2.38 3.44 2.93 2.44 2.68 3.27 2.19 2.52 0.00 2.77 2.82 3.71 2.09 3.28 2.80 3.70 2706665
2.43 2.79 4.34 2.55 4.47 4.14 2.55 2.51 2.14 2.52 4.06 5.75 5.60 2.50 3.38 4.32 2.10 3.12 2.28 3.19 2.86 4.74 2.60 2.60 0.00 2.35 2.54 3.63 2.58 2.67 2.46 3.56 2719755
4.74 2.98 3.34 2.41 3.09 2.85 2.44 4.15 3.48 3.27 4.12 6.06 4.23 3.23 7.19 2.42 2.19 2.83 3.96 2.17 2.43 2.23 2.26 2.55 0.00 2.50 2.46 3.30 3.27 3.93 3.42 3.66 2732845
4.74 2.97 4.42 2.49 2.89 3.82 2.84 3.26 2.83 2.57 2.82 5.86 5.53 4.87 7.16 2.27 2.53 4.22 3.22 2.17 2.70 4.97 2.93 2.64 0.00 2.49 3.29 3.42 2.68 2.55 3.63 3.44 2745935
4.37 3.52 3.11 2.52 5.00 2.39 3.33 3.09 2.98 2.53 3.09 5.81 0.00 2.63 6.74 5.22 2.07 2.85 5.01 3.29 2.53 5.00 3.00 4.36 0.00 2.52 3.37 3.54 3.94 5.14 3.76 3.34 2759025
4.81 3.13 4.52 2.39 5.29 4.14 3.86 3.25 3.55 3.55 4.38 6.28 5.27 3.73 6.62 6.44 2.03 3.67 3.20 8.93 2.98 3.83 2.95 2.69 0.00 2.57 3.62 3.29 2.55 4.69 3.67 3.36 2772115
4.85 3.47 3.49 2.45 4.13 3.47 3.70 3.71 2.91 2.39 4.17 5.82 4.40 3.34 6.58 6.39 2.06 3.55 4.50 8.92 2.21 4.91 2.17 3.42 0.00 2.75 3.90 3.08 3.80 2.40 2.90 3.73 2785205
2.95 3.45 4.57 3.95 5.19 2.61 3.14 3.43 2.52 2.47 5.17 5.11 4.72 2.97 6.61 6.47 2.08 3.56 4.78 0.00 3.13 5.03 2.55 2.22 0.00 2.87 3.40 3.01 4.99 5.39 3.39 3.70 2798295
4.53 2.31 4.64 2.49 5.34 4.47 3.87 3.67 2.93 3.84 4.70 6.33 5.00 3.78 6.68 6.44 2.35 2.90 2.76 0.00 2.57 0.00 3.31 4.11 0.00 2.80 3.04 3.01 3.78 2.40 2.97 3.67 2811385
5.12 3.41 4.56 3.24 4.94 3.13 2.73 5.31 3.32 3.63 5.23 5.90 4.92 5.47 6.66 6.44 2.09 3.51 4.38 0.00 2.37 0.00 4.51 3.82 0.00 2.93 3.58 3.33 2.69 2.97 3.90 3.86 2824475
4.84 3.43 4.61 2.50 5.44 5.00 3.31 3.73 3.39 3.28 4.67 5.96 5.00 5.95 6.62 6.31 2.26 3.37 5.90 8.83 2.79 5.09 2.78 3.40 0.00 2.92 3.79 3.11 4.94 5.81 3.14 3.80 2837565
4.77 3.50 4.80 3.40 5.71 4.03 3.73 4.59 3.31 3.50 4.58 0.00 5.15 3.82 6.51 6.36 2.11 3.64 5.56 9.08 2.75 5.41 3.63 3.10 0.00 2.91 4.00 3.18 4.25 5.99 3.92 3.91 2850655
4.68 3.53 4.74 2.31 5.49 4.92 3.56 5.36 3.48 3.08 5.31 5.84 5.51 4.76 6.54 6.39 2.09 3.62 5.19 9.04 3.14 5.41 2.57 3.18 0.00 2.99 3.89 3.19 4.96 4.39 3.84 3.77 2863745
4.68 3.52 4.77 2.21 5.45 5.00 3.87 4.76 3.24 2.83 5.36 5.85 4.91 6.41 6.63 6.34 2.13 3.70 6.23 0.00 2.85 5.55 5.91 2.34 0.00 2.89 4.07 3.03 3.71 5.79 4.02 3.97 2876835
4.65 3.56 5.11 4.06 5.72 4.98 3.51 5.27 3.19 4.06 5.37 5.94 4.91 6.12 6.64 6.32 2.31 3.59 6.36 8.84 3.09 5.64 4.91 3.72 0.00 3.09 4.16 3.60 4.95 6.20 3.98 3.87 2889925
4.64 3.45 4.88 2.24 5.50 5.04 3.58 5.04 3.32 3.92 5.32 6.00 5.08 6.17 6.67 6.40 2.19 3.56 6.35 9.18 2.98 5.47 4.96 4.15 0.00 3.40 4.25 3.34 4.80 5.32 3.92 3.74 2903015
4.70 3.48 4.79 2.18 5.48 5.04 3.73 5.67 3.21 4.05 5.75 5.97 4.98 6.17 6.65 6.46 2.09 3.22 6.31 8.76 2.93 5.30 4.17 4.17 0.00 3.39 4.01 3.20 4.71 5.86 4.26 4.46 2916105
4.70 3.54 4.94 4.17 5.51 5.03 3.90 5.39 3.29 4.12 5.27 6.32 5.60 6.07 6.44 6.29 2.20 3.64 6.34 8.83 2.85 0.00 4.88 3.80 0.00 3.75 4.16 3.25 4.87 5.87 3.99 3.74 2929195
4.70 3.50 4.88 0.00 5.67 4.99 0.00 5.32 3.29 4.06 5.43 5.92 4.95 6.13 6.46 0.00 2.13 3.59 5.96 8.86 2.98 5.56 5.51 4.24 0.00 3.25 4.25 3.40 5.04 5.87 3.95 3.69 2942285
4.71 3.56 4.89 2.73 6.18 5.11 3.48 5.64 3.12 3.99 5.35 6.53 4.85 6.04 6.47 6.36 2.15 3.74 6.15 0.00 3.06 5.84 0.00 4.47 0.00 3.23 4.35 3.21 4.90 5.83 4.04 3.76 2955375
4.80 3.52 4.99 2.31 6.09 5.00 3.80 5.28 3.20 4.06 5.37 5.90 5.00 6.07 6.48 6.43 2.27 4.32 6.34 9.33 3.22 0.00 9.96 4.54 0.00 3.21 4.34 3.16 5.03 5.85 4.08 3.83 2968465
4.68 3.57 4.91 0.00 5.89 4.98 3.68 5.26 3.18 4.16 5.34 6.75 5.07 6.04 6.51 6.31 2.34 3.69 5.84 8.97 3.11 0.00 9.77 3.51 0.00 3.32 4.56 3.19 4.93 5.83 4.06 3.74 2981555
4.68 3.49 4.89 0.00 5.56 4.97 3.65 5.25 3.17 4.12 5.26 5.91 4.84 6.05 6.46 6.36 2.20 3.57 6.05 8.97 3.28 0.00 0.00 3.63 0.00 3.30 4.31 3.21 5.05 5.96 4.01 3.78 2994645
4.68 3.62 4.89 4.04 5.59 5.01 3.88 5.27 3.14 4.18 5.37 5.88 5.22 6.04 6.48 6.35 2.28 3.63 6.39 8.85 3.12 5.49 0.00 3.89 0.00 3.21 4.45 3.06 5.02 5.95 4.03 3.77 3007735
4.65 3.49 4.91 0.00 5.51 5.09 3.53 5.26 3.19 3.91 5.32 5.98 5.10 6.03 6.86 6.36 2.23 3.65 6.03 0.00 3.47 5.46 0.00 5.26 0.00 3.52 4.41 3.40 5.01 5.86 4.12 3.65 3020825
4.67 3.62 4.89 3.06 5.54 5.00 3.62 5.30 3.15 4.26 5.26 0.00 4.91 6.11 6.50 6.36 2.19 3.60 5.97 9.05 3.12 5.66 9.95 4.89 0.00 3.28 4.46 3.85 5.03 5.98 4.03 3.71 3033915
4.68 3.53 4.90 0.00 5.56 5.03 3.60 5.45 3.21 4.13 5.24 5.98 4.97 6.13 7.29 6.35 2.10 3.74 6.19 8.95 3.16 5.70 0.00 0.00 0.00 3.37 4.47 3.40 4.97 6.01 4.17 0.00 3047005
4.80 0.00 4.89 0.00 5.98 5.06 3.54 5.44 3.20 4.14 5.27 5.92 5.13 6.05 6.50 6.36 2.23 4.41 6.12 8.89 3.10 0.00 0.00 3.41 0.00 3.44 4.56 3.54 5.12 6.01 4.06 3.94 3060095
4.67 0.00 4.90 0.00 5.51 4.98 3.63 5.33 3.18 4.19 5.27 5.99 5.08 6.02 6.54 6.35 2.27 3.57 6.10 8.91 3.12 5.57 0.00 0.00 0.00 3.57 4.47 3.52 4.98 6.00 4.15 0.00 3073185