3.98 2.94 5.28 0.00 5.88 5.44 3.30 5.06 5.28 4.01 4.39 4.99 4.91 7.07 8.13 7.56 2.02 4.25 6.57 9.08 5.41 0.00 0.00 3.98 0.00 0.00 7.48 3.65 4.40 4.77 4.39 4.79 791179
3.99 2.95 5.28 3.11 5.90 5.44 3.30 5.07 5.28 4.00 4.40 4.91 4.91 7.07 8.13 7.56 2.23 4.21 7.05 9.09 5.42 0.00 0.00 3.97 0.00 5.75 7.45 3.66 4.41 4.76 4.39 4.78 804269
3.98 2.94 5.27 3.17 5.89 5.43 3.32 5.08 5.27 4.00 4.39 4.92 4.91 7.07 8.13 7.57 2.02 4.21 6.49 9.09 5.41 0.00 0.00 3.96 0.00 0.00 7.44 3.65 4.41 4.76 4.38 4.78 817359
3.98 2.93 5.27 0.00 5.90 5.44 3.31 5.07 5.26 3.92 4.38 4.91 4.92 7.06 8.13 7.56 2.04 4.27 0.00 9.08 5.44 0.00 0.00 3.96 0.00 0.00 7.42 3.65 4.42 4.75 4.37 4.77 830449
3.99 2.93 5.27 3.21 5.88 5.44 3.31 5.08 5.25 3.90 4.39 4.90 4.94 7.06 8.13 7.56 2.04 4.26 7.11 9.08 5.44 0.00 0.00 3.96 0.00 0.00 7.42 3.66 4.40 4.77 4.39 4.78 843539
3.97 2.93 5.27 3.21 5.89 5.44 3.32 5.08 5.25 3.91 4.38 4.91 4.92 7.07 8.12 7.56 2.04 4.24 0.00 9.07 5.43 0.00 0.00 3.96 0.00 0.00 7.40 3.66 4.41 4.76 4.39 4.77 856629
3.99 3.01 5.27 0.00 5.89 5.44 3.39 5.07 5.26 3.91 4.40 4.99 4.93 7.07 8.13 7.57 2.04 4.12 6.92 9.09 5.47 0.00 0.00 3.96 0.00 0.00 7.39 3.64 4.40 4.76 4.38 4.78 869719
3.99 3.01 5.26 3.15 5.88 5.44 3.33 5.07 5.25 3.92 4.40 0.00 4.93 7.05 8.13 7.56 2.05 4.13 6.90 9.06 5.48 0.00 0.00 3.94 0.00 0.00 7.06 3.65 4.41 4.76 4.40 4.77 882809
3.98 3.01 5.26 0.00 5.88 5.45 3.34 5.08 5.25 3.90 4.38 0.00 4.93 7.10 8.13 7.57 2.05 4.13 6.90 9.07 5.50 0.00 0.00 0.00 0.00 0.00 7.28 3.64 4.42 4.77 4.40 4.75 895899
4.01 3.03 5.27 0.00 5.83 5.44 3.39 5.08 5.25 3.93 4.41 4.90 4.93 6.93 8.13 7.59 2.06 4.11 6.88 9.11 5.50 0.00 0.00 0.00 0.00 0.00 7.29 3.64 4.40 4.75 4.42 4.75 908989
4.01 3.02 5.27 0.00 5.89 5.44 3.40 5.08 5.25 3.91 4.38 4.90 4.96 7.07 8.14 7.59 2.06 4.12 6.88 9.09 5.41 0.00 0.00 3.94 0.00 0.00 7.28 3.63 4.42 5.02 0.00 4.75 922079
4.02 3.03 5.29 0.00 5.83 5.44 3.33 5.08 5.25 3.99 4.39 5.06 4.95 6.96 8.12 7.61 2.07 4.14 6.84 9.10 5.46 0.00 0.00 3.95 0.00 0.00 7.27 3.65 4.40 4.76 0.00 4.67 935169
3.99 3.03 5.73 0.00 5.91 5.43 3.31 5.08 5.24 3.97 4.37 5.08 5.17 7.20 8.14 7.63 2.07 4.14 6.93 0.00 5.48 6.34 0.00 0.00 0.00 0.00 7.26 3.66 4.36 4.70 0.00 4.71 948259
3.99 3.07 5.45 0.00 5.91 5.46 3.41 5.08 5.26 3.89 4.32 5.07 4.96 7.03 8.15 7.61 2.07 4.12 6.55 9.31 5.48 0.00 0.00 3.97 0.00 0.00 7.27 3.75 4.46 4.70 0.00 4.69 961349
4.00 2.95 5.48 0.00 6.09 5.44 3.31 4.98 5.28 3.86 4.26 4.96 5.28 7.24 8.16 7.61 2.10 4.17 7.21 9.30 5.53 0.00 0.00 0.00 0.00 0.00 7.27 0.00 4.51 4.73 4.51 4.72 974439
4.00 2.91 5.83 0.00 6.05 5.42 3.29 4.97 5.52 3.88 4.35 5.04 5.03 7.11 8.11 7.64 2.14 4.11 6.57 0.00 5.55 0.00 0.00 3.94 0.00 0.00 7.27 3.76 4.47 4.89 4.50 4.61 987529
4.00 2.91 5.87 0.00 5.93 5.43 3.29 4.98 5.26 3.87 4.43 5.04 5.09 7.16 8.08 7.61 2.11 4.11 6.66 9.59 5.50 0.00 0.00 0.00 0.00 0.00 7.26 3.64 4.38 4.73 4.42 4.77 1000619
3.91 2.90 0.00 0.00 5.80 5.44 3.29 4.98 5.28 3.88 4.29 5.79 4.98 7.02 8.11 7.62 2.11 4.06 6.86 9.54 5.53 6.14 0.00 0.00 0.00 0.00 7.25 0.00 4.39 4.71 4.48 4.72 1013709
3.91 2.91 5.86 0.00 5.80 5.45 3.29 4.98 0.00 3.87 4.31 5.07 4.89 7.05 8.12 7.58 2.07 4.05 6.58 0.00 5.56 6.13 0.00 0.00 0.00 0.00 7.25 3.79 4.44 4.76 5.06 4.61 1026799
3.91 2.92 5.63 0.00 5.80 5.55 3.29 4.98 0.00 3.88 4.56 4.95 5.09 7.25 8.13 7.56 2.08 4.08 6.64 8.85 5.51 6.28 0.00 0.00 0.00 0.00 7.26 0.00 4.55 4.74 4.51 4.64 1039889
3.98 2.91 5.54 0.00 5.90 5.43 3.29 4.98 0.00 3.86 4.32 5.04 5.15 7.06 8.10 7.63 2.08 4.04 6.59 9.01 5.53 6.64 0.00 0.00 0.00 0.00 7.26 0.00 5.08 4.76 5.03 4.72 1052979
3.89 3.02 5.49 0.00 5.83 5.47 3.30 4.97 0.00 3.88 4.33 5.68 5.06 7.77 8.12 7.57 2.08 4.04 6.67 9.00 5.50 6.26 0.00 0.00 0.00 0.00 7.24 0.00 4.52 4.76 5.15 5.29 1066069
3.90 3.05 5.63 0.00 5.90 5.46 3.30 4.98 5.15 3.88 4.35 5.00 5.12 7.49 8.06 7.55 2.08 4.03 6.89 9.58 5.50 6.35 0.00 3.96 0.00 0.00 7.23 3.78 4.47 4.74 4.45 4.63 1079159
3.91 3.03 5.40 0.00 5.88 5.44 3.29 4.96 0.00 3.89 4.32 4.96 4.99 7.08 8.11 7.56 2.08 4.04 6.61 9.02 5.53 6.30 0.00 0.00 0.00 0.00 7.23 3.79 4.46 5.02 4.48 4.74 1092249
3.91 3.07 5.28 0.00 5.91 5.45 3.29 4.97 0.00 3.88 4.33 4.96 4.97 7.11 8.11 7.56 2.07 3.99 6.61 9.55 5.52 0.00 0.00 3.97 0.00 0.00 7.24 3.78 4.42 4.73 4.39 0.00 1105339
3.91 3.06 5.30 0.00 5.88 5.45 3.29 4.97 0.00 3.87 4.30 4.96 4.91 7.27 8.12 7.61 2.08 4.00 6.64 9.16 0.00 0.00 0.00 0.00 0.00 0.00 7.24 3.79 4.40 4.85 4.37 4.78 1118429
3.92 3.07 5.30 0.00 5.90 5.54 3.29 4.97 0.00 3.87 4.33 4.99 4.87 8.10 8.08 7.57 2.09 3.88 6.64 9.17 6.17 0.00 0.00 3.96 0.00 0.00 7.23 3.77 4.44 4.75 4.36 4.60 1131519
3.91 3.05 5.29 0.00 5.92 5.58 3.30 4.98 0.00 3.87 4.33 4.96 5.20 7.04 8.08 7.59 2.07 4.05 6.63 9.43 5.59 0.00 0.00 3.97 0.00 0.00 7.23 3.75 4.46 4.76 4.51 4.79 1144609
3.92 3.08 5.41 0.00 5.91 5.60 3.29 4.97 0.00 3.87 4.47 4.96 4.94 7.02 8.08 7.60 2.06 3.98 7.07 9.12 5.54 0.00 0.00 0.00 0.00 0.00 7.23 3.76 4.45 4.75 4.34 4.79 1157699
3.91 3.09 0.00 0.00 5.94 5.57 3.29 4.96 0.00 3.87 4.49 4.96 4.92 7.07 8.09 7.57 2.05 3.93 6.87 9.11 5.61 0.00 0.00 3.97 0.00 0.00 7.24 0.00 4.44 4.79 4.32 4.84 1170789
3.92 3.06 0.00 0.00 5.87 5.58 3.29 4.97 0.00 3.88 4.43 4.95 5.46 7.10 8.08 7.57 2.10 3.99 6.66 9.10 6.21 0.00 0.00 0.00 0.00 0.00 7.23 0.00 4.46 4.81 4.52 4.77 1183879
3.93 3.03 0.00 0.00 5.92 5.47 3.28 4.96 0.00 3.87 4.45 4.96 5.00 7.03 8.06 7.56 2.07 4.00 6.82 9.11 5.60 0.00 0.00 3.97 0.00 0.00 7.24 3.76 4.47 4.74 4.52 5.23 1196969
3.99 3.02 0.00 0.00 5.83 5.55 3.29 4.97 0.00 3.86 4.39 4.96 5.05 7.00 8.05 7.57 2.06 3.89 6.83 9.10 5.57 6.37 0.00 3.97 0.00 0.00 7.24 3.78 4.47 4.71 4.39 5.40 1210059
3.92 3.04 0.00 0.00 5.93 5.56 3.28 4.96 0.00 3.88 4.32 4.95 4.88 7.07 8.07 7.56 2.07 3.92 7.16 9.10 5.76 6.30 0.00 3.97 0.00 0.00 7.23 3.78 4.46 4.75 4.34 4.64 1223149
4.00 3.03 0.00 0.00 5.94 5.46 3.28 4.96 5.81 3.91 4.33 4.96 5.02 7.03 8.10 7.59 2.07 3.98 7.17 8.97 5.75 6.25 0.00 0.00 0.00 0.00 7.23 3.78 4.46 4.73 4.51 5.42 1236239
3.99 3.04 0.00 0.00 5.86 5.49 3.29 4.96 5.86 3.92 4.48 4.97 4.89 7.06 8.06 7.57 2.08 3.98 7.18 8.96 5.70 6.37 0.00 0.00 0.00 0.00 7.23 3.80 4.45 4.78 4.47 5.30 1249329
3.91 3.05 0.00 0.00 5.86 5.46 3.29 4.96 5.84 3.93 4.32 4.95 4.94 7.07 8.11 7.57 2.06 3.94 6.77 9.47 5.74 6.55 0.00 0.00 0.00 0.00 7.23 3.79 4.47 4.74 4.37 4.98 1262419
3.92 3.06 0.00 0.00 5.99 5.68 3.28 4.95 6.05 3.91 4.33 4.96 5.10 7.07 8.11 7.62 2.07 3.94 7.17 9.23 5.77 0.00 0.00 0.00 0.00 0.00 7.22 0.00 4.45 4.76 4.37 5.25 1275509
3.92 3.01 5.08 0.00 5.93 5.52 3.28 4.96 5.28 3.90 4.34 4.96 5.81 6.96 8.12 7.56 2.07 3.99 6.66 9.20 5.72 6.37 0.00 0.00 0.00 0.00 7.22 3.78 4.46 4.75 4.52 4.63 1288599
4.03 3.05 5.05 0.00 5.97 5.54 3.28 4.97 5.64 3.87 4.31 4.96 5.08 6.97 8.13 7.56 2.10 3.99 6.66 0.00 5.56 6.30 0.00 0.00 0.00 0.00 7.23 0.00 4.47 4.80 4.34 0.00 1301689
3.91 3.07 5.06 0.00 6.01 5.44 3.28 4.95 5.45 3.89 4.45 4.96 5.88 6.95 8.16 7.59 2.08 4.02 6.70 0.00 5.47 6.39 0.00 0.00 0.00 0.00 7.23 3.78 4.46 4.80 4.33 4.69 1314779
3.97 2.95 5.07 0.00 5.90 5.52 3.27 4.94 5.69 3.88 4.33 4.96 5.07 6.96 8.19 7.56 2.10 3.99 6.84 9.04 5.56 6.59 0.00 0.00 0.00 5.74 7.24 3.67 4.39 4.80 4.37 4.67 1327869
4.01 3.10 5.10 0.00 5.82 5.52 3.27 4.93 5.78 3.88 4.34 5.03 4.89 7.09 8.19 7.56 2.06 3.84 6.66 9.14 5.54 6.80 0.00 0.00 0.00 0.00 7.23 3.76 4.47 5.42 4.48 4.59 1340959
4.00 3.07 0.00 0.00 5.98 5.52 3.27 4.94 5.37 3.94 4.31 5.64 5.06 6.94 0.00 7.71 2.06 3.97 6.64 0.00 5.50 0.00 0.00 3.98 0.00 0.00 7.17 4.43 4.49 4.78 4.46 4.76 1354049
3.90 2.95 5.17 0.00 5.76 5.58 3.27 4.94 5.17 3.82 4.50 4.89 5.17 7.00 8.21 7.66 2.07 3.99 6.66 9.11 5.41 6.23 0.00 3.94 0.00 0.00 7.19 0.00 4.45 4.75 4.44 0.00 1367139
3.99 3.00 5.06 0.00 5.91 5.47 3.23 4.97 5.16 3.93 4.32 4.88 5.75 7.00 8.20 7.70 2.12 3.77 6.97 9.12 5.44 0.00 0.00 3.94 0.00 6.13 7.18 4.55 4.40 4.70 4.38 0.00 1380229
4.13 2.98 0.00 0.00 5.88 5.64 3.27 4.99 5.13 3.82 4.51 5.48 5.08 7.10 8.16 7.58 2.12 3.88 6.66 9.27 5.41 0.00 0.00 3.95 0.00 5.77 7.15 3.77 4.47 4.76 4.39 0.00 1393319
3.92 3.02 0.00 3.15 5.82 5.52 3.30 5.02 5.69 3.75 4.46 4.92 5.17 7.00 0.00 7.68 2.05 3.86 6.45 9.12 5.45 6.18 0.00 3.94 0.00 5.79 7.08 3.70 4.47 4.73 4.35 4.65 1406409
4.11 3.01 0.00 0.00 5.92 5.51 3.29 5.05 5.53 3.80 4.32 5.00 5.19 7.02 8.02 7.80 2.02 3.75 0.00 8.93 5.63 0.00 0.00 3.92 0.00 6.15 7.18 3.86 4.38 5.18 4.49 5.20 1419499
4.01 3.02 5.58 0.00 5.79 5.52 3.26 4.82 5.22 3.69 4.27 4.93 5.80 7.02 8.16 8.11 2.03 3.83 6.45 9.03 5.50 0.00 0.00 3.90 0.00 5.56 7.18 3.91 4.43 4.74 4.33 4.59 1432589
4.57 2.95 0.00 0.00 5.93 5.56 3.29 4.89 5.19 3.71 4.34 4.94 5.52 7.02 8.16 7.63 2.23 3.78 0.00 9.13 5.46 6.26 0.00 3.98 0.00 6.19 6.98 3.85 4.43 4.79 4.49 0.00 1445679
3.98 2.97 5.15 0.00 5.92 5.52 3.27 4.87 5.15 3.66 4.29 4.97 5.18 7.06 8.18 7.62 2.04 4.03 6.81 9.15 5.46 6.20 0.00 3.94 0.00 5.53 7.10 3.79 4.45 4.69 4.54 5.37 1458769
3.93 2.95 5.21 0.00 5.85 5.58 3.34 4.85 5.08 3.68 4.32 4.95 4.98 7.02 8.07 7.62 2.03 4.17 0.00 9.07 5.43 0.00 0.00 3.92 0.00 5.74 7.44 3.97 4.50 4.73 4.43 4.64 1471859
3.90 2.97 0.00 3.34 5.96 5.55 3.38 4.83 5.15 3.59 4.23 4.92 5.14 6.99 8.12 7.69 2.13 3.92 6.60 9.04 5.46 6.54 0.00 3.91 0.00 5.84 7.23 3.71 4.42 4.72 4.37 4.64 1484949
3.88 2.98 5.27 0.00 5.93 5.56 3.28 4.84 5.06 3.71 4.27 5.02 5.39 7.01 7.97 7.82 2.06 3.93 0.00 9.13 5.55 6.42 0.00 4.45 0.00 5.51 7.00 3.82 4.45 4.72 4.33 4.65 1498039
4.04 2.96 5.20 0.00 5.78 5.65 3.21 4.86 5.21 3.64 4.22 4.95 5.01 7.16 7.99 7.63 2.07 3.63 0.00 9.17 5.53 6.31 0.00 3.96 0.00 5.57 7.07 3.76 4.43 4.78 4.36 4.66 1511129
3.99 2.96 0.00 0.00 5.81 5.54 3.28 4.87 4.95 3.34 4.28 4.93 5.21 7.27 7.99 7.59 2.07 3.68 6.77 9.10 5.58 0.00 0.00 4.36 0.00 5.59 7.00 4.00 4.44 4.81 4.45 5.12 1524219
0.00 2.95 5.22 0.00 5.90 5.63 3.28 4.86 5.04 3.52 4.40 4.96 4.97 7.41 7.99 8.17 2.16 3.76 0.00 9.11 5.45 6.39 0.00 4.40 0.00 5.61 7.03 3.78 4.50 0.00 4.40 4.69 1537309
4.01 2.95 5.23 0.00 5.81 5.62 3.37 4.87 5.17 3.47 4.21 5.00 4.96 7.16 7.99 7.69 2.01 3.79 0.00 9.27 0.00 0.00 0.00 3.94 0.00 5.97 6.99 3.87 4.46 4.68 4.35 4.78 1550399
3.93 2.93 5.26 0.00 5.83 5.66 3.45 4.85 5.19 3.46 4.29 4.93 5.39 7.13 8.01 7.70 2.04 3.70 6.76 9.13 5.75 0.00 0.00 5.27 0.00 5.76 7.07 3.90 4.44 4.71 4.45 5.02 1563489
3.88 2.97 5.19 0.00 5.86 5.67 3.30 4.82 4.99 3.48 4.43 4.95 5.10 7.08 7.99 7.80 2.78 3.87 0.00 9.16 5.54 6.42 0.00 4.37 0.00 5.59 6.92 3.80 4.54 4.72 4.40 5.13 1576579
3.94 2.95 5.19 0.00 5.89 5.66 3.44 4.80 5.05 3.46 4.44 4.98 5.30 7.00 8.17 7.74 2.58 3.61 6.94 8.71 5.63 7.10 0.00 4.12 0.00 5.83 6.97 4.05 4.65 4.73 4.42 4.71 1589669
4.17 2.99 5.19 0.00 5.91 5.63 3.45 4.80 4.91 3.43 4.27 4.99 5.41 7.02 8.06 7.89 2.74 3.80 7.65 8.82 5.67 6.44 0.00 3.99 0.00 5.71 6.99 4.09 4.57 4.73 4.38 4.73 1602759
3.92 3.00 5.18 0.00 5.89 5.63 3.42 4.81 4.93 3.42 4.28 5.03 5.23 7.12 8.09 7.50 0.00 3.71 6.99 8.97 5.50 6.46 0.00 4.39 0.00 0.00 7.05 4.05 4.50 4.80 4.43 4.88 1615849
3.97 2.93 5.15 0.00 5.99 5.64 3.36 4.86 4.93 3.57 4.20 5.08 5.87 7.17 7.97 7.61 0.00 3.85 6.81 8.95 5.77 6.89 9.90 3.91 0.00 5.55 7.07 3.84 4.48 4.70 4.45 4.77 1628939
3.97 3.01 5.58 0.00 5.95 5.64 3.37 4.99 4.93 3.23 4.17 5.06 5.34 7.88 8.19 7.68 2.97 3.76 0.00 9.07 5.50 6.50 0.00 4.06 0.00 0.00 7.02 3.94 4.64 4.79 4.44 4.75 1642029
4.21 3.02 5.53 0.00 5.88 5.62 3.32 4.81 4.84 3.30 4.38 5.10 5.20 7.01 8.23 7.62 2.52 3.75 6.62 9.05 5.86 0.00 0.00 4.46 0.00 5.54 6.98 4.22 4.53 4.68 4.41 4.86 1655119
3.90 2.91 5.30 0.00 5.98 5.61 3.41 4.87 3.00 2.94 4.34 5.09 5.25 6.98 8.22 7.59 2.58 3.81 6.91 9.14 5.75 6.48 0.00 5.91 0.00 5.56 6.98 0.00 4.56 4.81 4.43 4.82 1668209
4.01 2.87 5.22 0.00 5.96 5.65 3.42 4.76 4.88 3.11 4.34 5.01 5.11 7.13 8.01 7.58 2.53 3.80 7.55 9.09 5.63 0.00 0.00 5.25 0.00 5.48 7.07 4.55 4.55 4.76 4.48 4.89 1681299
3.97 2.88 5.14 0.00 5.93 5.69 3.21 5.21 4.87 3.21 4.25 5.09 5.32 7.07 7.98 7.72 0.00 3.75 0.00 8.91 5.58 6.52 8.96 4.14 0.00 5.60 6.99 3.94 4.62 4.81 4.62 4.90 1694389
3.92 2.93 5.23 0.00 5.94 5.72 3.24 4.79 3.22 3.13 4.07 5.23 5.01 7.12 8.06 7.58 0.00 3.68 6.71 9.17 5.73 6.49 0.00 0.00 0.00 5.66 7.20 4.04 4.60 4.73 4.47 4.83 1707479
4.03 3.02 0.00 2.80 6.03 5.72 3.12 4.82 2.42 2.84 4.31 5.38 5.21 7.09 8.49 7.61 0.00 3.87 7.36 9.10 5.63 0.00 0.00 5.48 0.00 5.53 6.93 4.00 4.52 4.90 4.57 4.97 1720569
3.98 2.89 5.18 2.35 6.00 5.82 3.39 4.83 3.77 2.96 4.36 5.16 5.42 7.10 8.63 7.68 2.62 3.74 6.97 9.04 5.59 7.18 8.29 0.00 0.00 5.53 7.02 4.18 4.73 4.82 4.58 4.81 1733659
4.12 2.89 5.16 2.18 6.01 5.74 3.37 4.87 4.68 2.89 4.37 5.36 5.15 7.15 8.13 8.25 2.21 3.62 6.57 8.85 5.63 6.86 8.77 0.00 0.00 5.71 6.97 4.13 4.62 4.72 4.55 5.08 1746749
3.94 2.91 5.15 0.00 6.07 5.84 3.34 5.02 4.76 2.84 4.51 5.18 5.14 7.21 8.03 7.63 2.11 3.76 7.13 9.05 5.72 6.79 0.00 4.09 0.00 6.20 6.74 4.16 4.61 4.71 4.56 4.98 1759839
3.95 2.93 5.03 2.68 6.17 5.85 3.28 5.02 4.14 2.22 4.53 5.24 5.13 7.15 8.01 7.63 2.11 3.90 7.00 8.15 5.77 0.00 0.00 0.00 0.00 5.44 7.07 4.02 4.66 4.87 4.34 5.04 1772929
4.19 2.83 4.32 0.00 6.23 4.60 3.35 4.82 4.06 2.85 4.38 5.35 5.57 7.12 8.20 7.84 2.16 3.97 6.87 8.84 5.90 6.76 0.00 5.54 0.00 5.46 7.22 4.21 4.69 4.82 4.60 5.00 1786019
4.23 2.78 4.52 2.89 6.22 6.06 2.99 4.91 4.16 2.92 4.62 5.37 5.55 7.26 8.11 7.82 2.21 3.63 6.67 8.49 5.78 6.90 9.79 5.14 0.00 5.52 7.01 4.10 4.67 4.90 4.42 4.99 1799109
4.05 2.85 4.94 2.75 6.35 6.10 3.24 4.76 3.82 3.03 4.59 5.52 5.41 7.12 8.25 8.10 2.03 3.67 6.45 8.62 6.01 0.00 4.93 4.30 0.00 5.50 7.07 4.28 4.69 4.84 4.62 5.71 1812199
4.00 2.83 4.62 2.43 5.79 6.13 3.37 4.28 3.96 2.76 4.63 6.17 5.46 4.10 8.07 7.74 2.19 4.12 6.61 8.79 5.92 0.00 3.59 3.67 0.00 5.91 7.04 4.43 4.85 4.91 3.61 5.04 1825289
3.91 2.89 3.98 2.34 6.41 6.20 3.36 4.72 3.49 2.92 4.78 5.51 5.38 7.39 8.17 7.96 2.04 3.78 6.96 8.73 5.83 7.30 3.67 3.16 0.00 5.57 7.05 4.47 4.73 4.80 4.82 4.22 1838379
4.29 2.69 3.72 3.31 6.37 4.32 3.22 4.51 3.60 2.91 4.82 5.73 5.36 6.82 8.24 7.75 2.41 3.95 6.34 8.07 2.73 0.00 4.08 3.20 0.00 5.45 7.03 4.49 4.77 4.84 4.86 5.19 1851469
4.01 2.76 3.61 3.02 6.30 4.98 3.36 4.75 2.38 3.00 3.94 5.70 4.81 3.65 8.24 5.99 2.06 3.83 6.90 8.03 3.81 7.15 3.87 2.60 0.00 5.36 6.64 4.39 4.78 5.08 4.30 5.03 1864559
4.32 2.42 3.79 2.37 6.07 4.05 3.18 3.05 2.69 3.11 4.68 5.73 4.36 2.76 7.40 7.88 2.14 4.03 5.95 8.18 5.04 7.28 4.95 3.64 0.00 0.00 4.45 4.37 4.79 4.97 4.96 5.15 1877649
4.31 2.95 3.63 3.14 3.71 2.67 2.80 2.32 3.20 2.52 5.08 5.83 5.85 2.98 8.19 8.06 2.06 3.92 6.25 8.17 6.04 0.00 3.19 4.59 0.00 4.41 5.89 4.56 4.25 5.08 4.86 5.13 1890739
3.46 2.79 3.61 2.33 4.21 3.65 2.75 3.66 2.74 2.23 3.97 5.90 5.58 3.11 6.38 8.41 2.15 3.65 5.16 7.98 3.42 0.00 2.59 4.39 0.00 0.00 3.90 4.49 4.82 5.17 5.17 5.21 1903829
4.32 2.66 3.78 2.35 2.85 4.57 2.90 3.90 2.97 2.49 5.33 5.50 4.71 2.26 8.35 2.66 2.15 3.26 2.19 2.57 3.84 0.00 2.72 2.49 0.00 2.95 2.88 4.44 4.87 5.09 4.20 5.34 1916919
4.45 2.48 3.52 2.77 3.07 3.31 2.64 3.11 2.62 2.25 4.81 6.17 3.80 3.08 6.54 2.64 2.68 3.69 2.53 6.46 5.28 6.47 2.57 0.00 0.00 3.65 3.78 4.47 3.54 4.21 4.46 5.44 1930009
3.52 2.86 3.63 2.29 4.19 3.66 3.05 4.97 2.28 3.41 3.66 5.50 5.43 2.93 3.21 5.30 2.47 3.55 3.58 5.89 2.89 0.00 2.22 3.83 0.00 4.27 4.36 4.63 4.73 4.93 3.22 6.08 1943099
4.11 2.44 3.79 3.19 7.90 4.32 2.49 4.71 3.10 2.54 2.65 6.44 5.16 2.45 7.66 8.10 2.10 3.39 6.34 7.32 4.15 0.00 2.40 3.46 0.00 4.55 4.40 4.74 3.96 4.13 3.71 5.44 1956189
4.51 2.62 3.83 2.37 3.70 3.67 2.53 3.57 2.67 2.42 4.96 6.61 5.44 2.52 8.44 2.42 2.15 3.49 5.49 8.20 2.56 0.00 2.77 2.76 0.00 5.23 2.13 4.44 2.68 3.74 3.35 4.91 1969279
3.33 2.71 3.53 2.26 6.40 2.58 2.59 2.77 2.65 2.76 3.33 3.47 3.57 2.36 8.41 7.21 2.06 2.67 3.90 4.49 2.91 0.00 2.55 2.60 0.00 5.12 2.26 4.90 3.49 2.97 4.09 5.75 1982369
4.75 2.43 3.20 2.25 3.37 2.73 3.11 3.80 2.57 2.40 3.83 3.44 3.53 2.32 8.47 4.18 3.00 3.68 3.21 3.47 3.65 0.00 3.60 2.89 0.00 5.18 3.65 3.41 3.54 4.86 3.88 5.81 1995459
3.60 2.56 2.15 2.35 6.92 3.38 3.03 2.49 3.11 2.25 3.47 5.91 3.62 2.65 3.09 5.23 3.01 3.40 4.31 3.55 2.83 0.00 2.39 2.52 0.00 4.82 2.62 4.90 3.50 4.79 4.07 3.57 2008549
2.49 2.85 3.53 2.35 2.99 4.81 2.20 2.98 2.74 2.90 4.71 2.11 2.19 3.42 7.63 2.59 2.52 3.11 2.79 2.40 2.78 0.00 2.79 3.21 0.00 5.22 4.46 4.99 2.59 4.58 2.68 5.80 2021639
4.22 2.82 3.83 2.56 4.89 6.11 2.86 4.74 2.62 2.46 2.95 6.89 2.42 2.52 7.48 2.27 2.16 2.63 2.63 2.30 3.23 0.00 2.33 3.83 0.00 4.27 3.08 4.90 2.72 4.76 4.45 5.92 2034729
4.84 2.62 3.64 2.74 5.78 3.20 3.06 2.06 2.41 2.58 2.59 6.82 2.64 2.90 5.44 4.70 2.15 3.08 2.80 0.00 4.06 0.00 2.99 2.36 0.00 5.09 3.30 5.45 4.17 3.68 2.65 5.95 2047819
4.30 2.64 3.95 2.56 6.55 2.19 3.02 3.69 2.58 2.87 4.99 3.82 3.01 3.24 8.60 5.35 2.13 2.85 3.74 8.89 2.82 0.00 3.80 2.52 0.00 4.70 4.44 5.13 4.26 4.60 4.45 6.01 2060909
4.83 2.33 3.90 2.49 8.25 3.75 3.26 3.22 2.66 3.05 5.36 6.09 6.11 3.66 8.47 5.13 2.07 2.94 2.19 8.66 2.95 0.00 2.70 3.11 0.00 4.82 4.04 5.27 3.56 5.51 5.59 6.01 2073999
4.54 2.60 3.98 2.39 8.32 4.46 2.92 5.29 2.36 2.22 4.90 6.97 5.76 2.46 8.47 0.00 2.10 3.68 6.72 8.11 4.62 7.38 2.73 3.33 0.00 0.00 3.27 5.11 4.29 4.61 4.92 3.69 2087089
3.25 2.63 3.19 3.05 3.38 2.74 3.27 2.69 3.06 2.25 5.70 7.20 5.38 2.05 7.29 6.61 2.06 3.71 2.24 0.00 2.71 0.00 3.37 3.56 0.00 4.27 5.58 5.33 2.75 4.17 4.75 4.90 2100179
4.81 3.04 3.50 2.65 7.38 4.73 3.21 4.89 2.34 2.28 6.36 5.97 4.07 3.17 8.45 0.00 2.09 3.61 4.12 8.92 3.19 7.62 2.47 2.97 0.00 5.10 4.07 5.58 4.43 4.22 5.85 5.81 2113269
4.87 2.77 3.90 2.40 5.66 5.30 3.28 5.22 2.86 2.63 6.62 7.06 6.12 3.97 8.45 8.12 2.27 2.98 2.12 8.52 5.11 0.00 3.28 0.00 0.00 4.00 4.85 5.36 4.91 5.60 4.88 5.96 2126359
5.14 2.88 3.98 2.34 5.72 7.32 3.06 5.55 3.12 2.34 3.09 6.44 5.86 3.46 8.46 0.00 2.07 3.71 2.65 4.28 4.20 0.00 3.47 4.38 0.00 4.12 4.04 5.29 5.71 5.54 4.10 5.22 2139449
4.76 2.78 3.96 2.94 8.25 3.90 3.23 4.62 3.02 2.95 6.46 7.30 5.87 4.12 6.50 8.77 2.24 3.62 4.30 2.38 4.54 0.00 3.41 0.00 0.00 4.15 4.43 5.22 5.92 5.62 4.41 6.00 2152539
4.94 2.76 3.99 2.29 6.09 5.69 3.29 3.35 3.00 2.95 5.88 7.00 6.00 6.82 8.48 8.16 2.09 3.98 2.49 8.61 4.80 0.00 3.91 2.79 0.00 3.73 4.54 5.27 4.35 5.54 5.89 5.84 2165629
4.92 2.77 4.15 2.28 8.24 3.54 3.13 4.74 2.61 2.37 5.88 7.24 6.38 4.76 8.46 0.00 2.10 3.61 3.43 7.74 5.99 6.64 3.72 4.57 0.00 3.62 4.60 0.00 4.89 5.09 5.16 5.98 2178719
5.03 2.63 3.63 2.10 8.28 4.22 3.23 5.48 2.87 4.06 6.39 7.08 6.25 3.59 8.46 7.77 2.37 3.69 6.17 8.33 4.88 0.00 3.48 3.37 0.00 3.64 4.58 5.13 5.55 4.40 5.93 5.79 2191809
4.96 2.88 3.60 2.53 8.27 7.97 3.28 5.58 2.97 3.07 6.76 7.01 6.15 5.31 8.44 8.05 2.08 3.64 5.70 8.01 4.16 6.17 3.24 4.12 0.00 3.91 4.33 5.77 4.33 5.65 5.64 5.96 2204899
4.92 2.87 3.53 2.16 8.27 8.25 3.31 5.63 2.99 2.50 6.60 7.20 6.13 6.35 8.43 8.17 2.16 3.85 3.86 8.53 6.02 6.40 4.18 4.16 0.00 3.94 4.11 5.55 5.93 5.63 5.79 5.95 2217989
4.93 2.70 3.38 2.76 8.25 5.16 3.33 3.74 2.91 2.93 6.62 7.48 4.87 3.62 8.45 8.15 2.22 3.87 5.50 8.19 2.31 0.00 3.47 3.77 0.00 3.66 3.94 5.51 4.60 5.16 4.94 6.16 2231079
4.79 2.87 3.49 2.98 8.25 3.81 2.94 5.56 2.61 4.60 6.80 7.13 6.52 5.95 8.47 0.00 2.09 4.00 3.76 8.13 5.36 0.00 2.31 3.32 0.00 3.72 2.95 5.21 4.02 4.15 4.85 5.90 2244169
5.13 2.84 3.63 2.78 7.65 3.71 3.28 5.25 2.43 3.03 5.54 7.22 6.02 8.08 8.44 4.21 2.14 3.75 5.53 7.92 5.14 5.79 2.87 2.43 0.00 3.80 4.15 5.56 3.68 5.45 5.62 5.96 2257259
4.12 2.94 3.34 2.17 7.60 3.74 3.42 6.19 3.03 3.23 5.95 7.25 6.05 3.49 8.44 4.25 2.20 2.52 3.38 8.89 3.83 5.57 2.95 4.23 0.00 3.90 4.03 5.85 4.08 2.81 5.46 0.00 2270349
4.14 2.69 3.74 2.77 5.37 6.62 3.22 5.76 2.90 2.93 5.36 7.37 3.41 2.72 8.45 8.20 2.20 3.02 5.16 7.99 4.16 0.00 3.19 4.40 0.00 3.63 4.26 5.58 5.38 3.13 5.40 4.92 2283439
5.27 2.83 3.62 2.75 3.02 3.47 2.49 2.70 2.35 2.80 2.76 6.07 5.78 4.00 8.33 8.06 2.12 4.26 6.28 8.82 3.04 5.57 2.61 3.56 0.00 4.30 2.78 5.60 5.97 5.62 3.05 5.33 2296529
3.72 2.57 3.60 2.27 4.16 3.90 3.12 2.22 2.49 2.81 4.13 0.00 2.06 4.51 6.77 4.88 2.11 3.53 6.47 2.39 3.17 0.00 3.21 2.27 0.00 4.26 2.90 6.00 3.32 5.70 5.52 5.52 2309619
3.64 2.30 3.62 2.35 2.83 2.62 2.61 5.48 2.63 2.39 3.53 6.14 5.73 2.62 6.12 3.19 2.12 4.13 4.72 7.10 3.66 4.92 3.23 4.17 0.00 3.85 2.78 6.26 5.36 5.31 3.68 3.18 2322709
5.67 2.61 2.49 2.24 4.40 3.26 2.69 3.13 2.35 2.44 4.93 3.92 2.51 2.73 8.46 2.50 2.25 4.01 3.20 2.74 3.38 0.00 3.58 2.33 0.00 4.46 2.35 3.08 6.20 5.21 4.53 2.35 2335799
2.39 2.73 2.60 2.30 4.44 2.30 2.56 3.56 2.83 2.59 2.29 3.26 3.16 2.88 6.15 2.15 2.06 2.78 2.66 2.16 2.45 4.58 2.52 2.89 0.00 3.86 3.36 0.00 2.16 4.81 3.71 3.84 2348889
3.49 2.24 3.26 2.25 2.64 2.72 2.74 3.15 2.90 2.35 2.67 0.00 2.57 2.70 6.75 2.71 2.27 3.13 2.85 3.08 2.86 4.61 2.54 2.04 0.00 3.00 3.40 0.00 3.60 2.75 3.66 2.72 2361979
2.54 2.45 3.79 2.28 2.62 2.61 2.75 2.67 2.75 2.52 2.44 2.73 2.50 2.16 4.06 2.26 2.48 2.34 5.00 4.61 2.16 0.00 2.57 2.17 0.00 2.96 2.89 2.35 2.37 3.81 2.65 3.92 2375069
3.46 2.41 4.12 2.64 2.32 2.37 2.45 2.17 2.89 2.33 2.39 2.16 2.23 2.59 2.10 2.63 2.32 2.64 3.12 2.60 2.62 4.70 2.69 2.66 0.00 2.76 2.41 0.00 2.50 2.54 2.55 3.71 2388159
2.27 2.39 3.50 2.61 2.52 2.57 2.53 2.78 2.43 2.48 2.89 3.27 2.55 2.43 3.25 2.25 2.60 2.70 2.29 3.02 2.85 2.07 2.80 0.00 0.00 3.80 2.40 2.30 3.11 2.11 2.93 3.99 2401249
2.97 2.29 2.63 2.41 2.83 2.22 2.58 2.54 3.00 2.25 2.41 3.72 2.40 2.46 2.10 2.90 2.34 2.63 2.57 2.68 2.17 3.22 2.60 2.39 0.00 2.78 2.61 0.00 3.97 2.10 2.76 3.93 2414339
2.63 2.63 2.44 2.30 2.62 2.33 2.51 2.52 2.68 2.56 2.97 2.60 2.32 2.43 3.19 2.50 2.63 2.12 2.25 2.71 2.85 0.00 2.39 2.44 0.00 2.75 2.47 2.37 2.74 2.30 2.78 2.87 2427429
2.58 2.27 2.84 2.14 2.23 3.14 2.23 2.43 2.47 2.28 2.51 2.94 2.50 2.98 2.90 2.66 2.08 2.11 2.25 2.55 2.42 0.00 2.22 2.63 0.00 2.54 2.31 2.39 2.87 2.73 2.30 3.42 2440519
2.04 2.73 2.20 2.48 3.25 2.51 2.57 3.06 2.18 2.23 2.51 2.16 2.44 2.95 2.43 3.00 2.22 2.19 3.08 2.45 2.29 0.00 2.22 2.25 0.00 2.69 2.84 0.00 2.39 2.85 2.85 2.87 2453609
2.13 2.87 2.47 2.33 3.17 2.52 2.68 2.35 2.36 2.20 2.35 2.40 2.38 2.32 2.13 2.42 2.11 2.29 2.95 2.42 2.39 2.67 2.23 2.17 0.00 2.81 2.94 2.19 2.21 2.99 2.14 2.31 2466699
2.06 2.38 2.34 2.64 2.63 2.27 2.31 2.87 2.32 2.37 3.03 2.41 2.58 2.17 0.00 2.56 2.20 3.70 2.54 2.85 2.40 0.00 2.57 2.23 0.00 3.88 2.37 2.50 2.83 3.00 2.61 2.43 2479789
2.02 2.47 2.20 2.31 3.02 2.17 2.57 2.81 2.74 2.76 2.25 2.51 3.02 2.35 2.84 2.22 2.40 2.70 2.89 2.21 2.38 0.00 2.52 2.07 0.00 2.46 2.45 2.40 3.72 2.48 2.46 2.53 2492879
2.33 2.29 2.44 2.79 2.79 2.29 2.62 2.98 2.34 2.25 2.37 2.41 2.70 2.69 2.86 2.54 2.64 2.77 2.68 2.17 2.45 0.00 3.05 2.37 0.00 2.16 2.12 3.55 2.75 3.28 2.57 2.07 2505969
2.11 2.16 0.00 2.23 3.52 2.62 2.42 2.67 2.32 2.72 2.74 3.60 2.34 2.71 2.89 2.51 2.24 2.40 2.81 2.19 2.31 2.27 2.44 2.48 0.00 3.24 2.56 2.28 2.32 2.76 2.37 4.55 2519059
2.51 2.56 2.64 2.36 2.74 2.50 2.19 2.69 2.48 2.66 2.45 3.45 2.46 2.61 3.22 2.63 2.11 2.70 2.47 2.43 2.78 2.49 2.50 2.49 0.00 3.10 2.60 2.34 2.55 2.41 3.80 4.22 2532149
2.75 2.66 2.47 2.49 2.26 2.17 3.07 3.37 2.48 2.35 2.57 2.50 2.91 2.21 2.70 2.84 2.19 2.40 2.55 2.21 2.22 2.50 3.22 3.33 0.00 3.17 2.18 2.60 2.25 2.76 3.06 2.91 2545239
2.79 2.40 4.88 2.45 2.95 2.22 2.54 2.13 2.34 2.40 2.26 3.03 2.82 2.44 3.71 2.57 2.19 2.44 2.34 2.24 2.30 2.19 2.54 0.00 0.00 3.19 2.59 2.15 2.35 2.88 2.64 2.39 2558329
2.46 2.35 3.24 2.25 2.61 3.33 2.36 3.21 3.17 2.57 2.38 2.55 3.64 2.17 2.18 2.93 2.97 2.72 2.51 2.48 2.39 3.52 2.31 2.35 0.00 2.59 2.65 2.59 3.00 2.67 2.42 2.64 2571419
2.43 2.46 2.41 2.39 3.80 2.47 2.76 3.03 2.41 2.35 2.65 3.42 2.85 3.13 2.18 2.33 2.46 3.24 3.32 2.81 2.26 2.98 2.27 2.69 0.00 2.95 2.45 2.34 3.08 3.05 3.25 3.58 2584509
2.85 2.31 3.12 2.65 3.18 2.85 2.25 2.23 2.81 2.42 2.21 3.28 2.24 2.24 2.46 3.18 2.24 2.64 2.86 5.99 2.46 3.55 2.51 3.11 0.00 2.57 2.58 2.84 2.93 2.40 2.13 2.79 2597599
2.39 2.57 2.28 2.06 2.79 2.69 3.25 2.63 2.70 2.31 3.58 2.85 2.58 2.63 5.09 2.40 2.14 3.41 2.45 5.33 2.88 3.07 2.81 3.89 0.00 3.51 2.53 0.00 2.94 3.06 2.75 2.84 2610689
5.10 2.34 5.17 2.45 2.95 2.70 2.67 4.00 2.88 2.22 2.46 2.12 3.33 2.48 4.10 2.04 2.43 2.85 2.15 2.71 2.54 2.32 2.47 2.44 0.00 3.21 2.87 2.18 2.67 3.76 2.57 2.91 2623779
2.40 2.55 4.55 2.37 2.86 2.40 3.10 2.97 2.51 2.41 4.15 2.83 3.41 2.61 3.58 3.08 2.15 2.61 3.85 3.12 3.39 0.00 3.00 2.94 0.00 3.06 2.85 3.79 2.89 4.15 2.58 5.33 2636869
4.52 2.38 3.67 2.34 4.25 2.90 3.05 2.78 2.61 2.36 3.90 2.10 2.48 2.41 4.72 3.97 2.06 3.66 3.00 2.36 2.60 0.00 2.17 2.43 0.00 3.03 2.92 4.09 2.39 2.41 3.69 5.58 2649959
4.87 2.31 4.25 2.24 4.28 2.14 3.19 2.96 2.43 2.25 4.20 2.42 3.48 2.53 5.54 3.36 2.05 3.03 3.40 9.13 2.48 0.00 2.41 3.13 0.00 3.04 2.74 3.90 2.50 4.46 2.24 2.07 2663049
4.86 2.26 5.11 2.14 3.54 3.08 2.62 3.12 2.39 2.71 3.18 0.00 4.24 2.76 5.21 3.62 2.22 3.72 2.75 2.82 2.73 2.80 2.11 2.46 0.00 3.01 2.47 3.94 2.85 2.32 2.38 5.65 2676139
4.73 2.93 4.65 2.44 3.98 3.40 2.95 4.46 3.30 2.33 6.82 3.38 3.16 2.71 5.82 4.22 2.13 3.63 2.46 4.98 2.70 0.00 2.93 4.43 0.00 3.01 2.64 3.41 2.97 2.88 2.25 5.62 2689229
4.73 2.49 5.02 2.31 2.77 3.76 3.04 4.97 3.58 2.79 5.22 0.00 4.74 2.54 5.89 3.29 2.04 3.58 3.86 6.81 3.95 0.00 2.97 2.51 0.00 3.24 2.69 3.65 3.96 4.15 2.07 3.04 2702319
4.68 2.63 4.68 2.53 4.23 3.90 2.87 4.64 2.57 2.61 7.49 0.00 4.75 3.88 5.91 3.35 3.01 3.59 4.55 6.83 3.18 0.00 4.47 3.33 0.00 3.16 3.08 3.55 2.72 2.39 4.00 5.85 2715409
4.74 3.03 4.94 2.31 4.07 3.25 3.21 3.71 3.94 3.80 3.38 2.87 4.65 5.77 5.97 5.34 2.27 3.63 2.92 9.08 3.47 5.97 2.88 3.51 0.00 3.03 3.57 3.54 3.77 3.24 3.54 5.62 2728499
4.56 3.05 5.12 2.24 4.14 2.85 3.41 5.00 2.99 2.66 7.63 0.00 4.34 4.78 5.98 5.35 2.75 3.70 2.24 9.24 4.00 5.90 3.00 2.36 0.00 3.01 3.49 3.60 3.17 3.42 5.08 5.77 2741589
4.42 3.01 5.18 2.54 4.27 4.30 3.29 5.10 3.59 3.36 7.64 0.00 4.75 2.93 5.96 5.57 0.00 3.44 6.80 9.09 4.25 6.16 2.58 4.11 0.00 3.01 3.34 3.60 3.27 2.81 5.14 6.28 2754679
4.48 2.92 5.18 2.74 4.24 4.26 3.29 4.64 4.38 3.00 6.88 0.00 4.56 3.49 4.06 5.27 2.76 3.68 6.67 9.78 5.38 6.01 5.45 4.35 0.00 3.11 2.90 3.66 2.57 3.15 5.10 5.67 2767769
4.48 2.82 4.89 2.50 4.12 4.17 3.42 4.39 5.23 2.69 7.55 8.03 4.48 5.03 6.15 5.24 2.29 3.72 5.35 9.06 3.65 5.81 3.73 2.48 0.00 3.10 3.45 0.00 3.67 3.99 4.42 5.95 2780859
4.53 2.98 5.33 2.68 4.12 4.23 3.33 4.94 4.79 3.21 7.65 0.00 4.66 3.15 6.01 5.44 2.38 3.80 6.73 9.12 4.69 0.00 3.67 4.25 0.00 3.01 3.44 0.00 3.38 3.96 5.20 5.91 2793949
4.37 3.04 5.28 2.35 4.06 4.26 3.50 5.04 5.17 3.71 7.66 0.00 4.61 5.96 6.02 5.24 2.61 4.13 6.11 9.09 5.15 6.04 3.43 3.87 0.00 3.04 3.56 3.66 3.55 3.95 4.68 5.88 2807039
4.40 2.99 5.22 2.77 4.05 4.17 3.27 5.11 5.14 3.55 7.66 0.00 4.73 3.92 6.13 5.42 2.01 3.79 6.38 9.49 4.11 5.71 3.14 4.66 0.00 2.99 3.48 3.59 3.72 3.26 5.38 0.00 2820129
4.45 2.92 4.88 2.72 3.91 4.33 3.37 4.99 2.46 3.57 7.83 0.00 4.48 4.54 6.01 5.28 2.61 3.75 6.80 9.12 0.00 5.62 3.69 3.02 0.00 3.10 3.47 3.49 3.55 3.98 5.34 5.83 2833219
4.35 3.00 5.32 2.94 3.86 3.87 3.39 5.02 3.44 3.48 7.70 0.00 4.67 6.06 6.07 5.18 2.09 3.78 6.86 9.09 5.38 5.93 2.42 4.62 0.00 3.12 3.50 3.41 3.67 4.02 3.70 5.82 2846309
4.37 2.88 5.17 3.09 4.04 3.87 3.47 5.12 5.38 4.20 7.58 0.00 4.56 6.20 6.06 5.27 2.04 3.76 7.07 9.10 5.32 5.64 2.40 4.25 0.00 3.14 3.49 3.64 3.52 3.98 5.45 6.01 2859399
4.45 2.99 5.01 3.38 3.94 3.88 3.19 5.02 2.54 2.76 7.54 0.00 4.51 5.74 6.02 5.30 2.38 3.95 6.71 9.02 5.45 0.00 3.19 3.53 0.00 3.03 3.26 3.68 3.38 3.98 5.49 5.99 2872489
4.35 3.01 4.97 2.79 3.65 3.82 3.01 5.08 2.66 3.47 7.64 0.00 4.73 6.18 6.15 5.22 2.06 3.62 6.66 9.04 5.52 5.65 3.93 4.84 0.00 2.99 3.45 3.41 3.76 4.33 5.46 6.41 2885579
4.64 3.01 5.03 2.87 3.99 3.79 3.14 5.16 2.75 4.69 5.67 0.00 4.28 5.39 6.07 5.31 2.07 3.62 5.97 9.10 5.49 5.49 5.41 4.40 0.00 3.02 3.47 3.65 3.69 3.90 5.52 6.01 2898669
4.37 3.03 4.78 2.56 3.84 3.79 3.44 5.06 5.37 3.40 6.96 0.00 4.69 6.29 6.14 5.39 2.09 3.82 6.69 9.03 5.56 5.71 2.93 4.06 0.00 3.05 3.50 3.40 3.65 3.80 5.51 6.45 2911759
4.60 2.96 4.86 2.98 3.87 3.79 3.27 5.28 0.00 4.87 7.65 8.24 3.28 4.19 6.15 5.52 2.07 3.83 5.83 9.14 5.57 5.40 4.28 2.24 0.00 2.99 3.40 3.68 3.41 4.08 5.53 6.42 2924849
4.67 2.94 5.23 2.90 3.85 3.81 3.55 5.04 4.13 4.82 7.52 0.00 4.93 4.08 6.16 5.41 2.16 3.83 6.34 9.11 5.62 5.42 4.51 4.43 0.00 3.03 3.43 3.39 3.50 4.23 5.64 6.45 2937939
4.57 2.89 5.12 2.86 3.88 3.76 3.32 5.02 5.13 5.06 7.92 0.00 4.74 5.25 6.19 5.42 2.05 3.73 3.43 9.05 5.65 5.66 0.00 5.18 0.00 2.93 3.17 3.35 3.63 4.05 5.51 6.35 2951029
4.53 2.99 5.06 2.54 3.84 3.81 3.79 5.12 5.37 5.07 7.43 0.00 4.90 6.43 6.36 5.55 2.21 3.55 4.46 9.11 3.96 5.29 2.79 3.07 0.00 2.98 3.18 3.31 3.62 4.12 4.71 6.61 2964119
4.54 2.99 5.10 2.56 4.00 3.82 3.21 5.21 5.02 3.88 7.50 0.00 5.61 6.54 6.33 5.97 2.12 3.23 5.96 9.11 5.07 5.00 4.00 3.77 0.00 2.76 3.18 3.15 4.44 4.09 6.05 6.64 2977209
5.09 2.80 5.29 0.00 4.18 3.86 0.00 5.26 5.03 4.71 7.29 0.00 4.86 6.61 6.58 5.76 2.19 4.01 5.77 9.06 5.71 5.04 5.80 4.90 0.00 2.76 3.20 3.20 3.71 4.24 5.75 6.73 2990299
4.46 2.91 4.84 2.98 3.95 3.77 3.55 4.90 0.00 5.72 7.32 0.00 5.71 6.65 6.23 5.51 2.15 3.96 6.63 9.10 5.71 0.00 2.55 4.17 0.00 2.76 3.23 3.34 3.88 4.18 5.73 6.46 3003389
4.75 3.03 4.91 2.90 4.08 3.79 3.59 4.65 5.16 7.25 7.29 0.00 5.37 2.55 6.49 5.44 2.09 3.78 6.59 9.10 4.34 0.00 2.42 4.50 0.00 2.71 3.27 3.41 3.78 4.17 5.88 6.55 3016479
4.55 2.96 5.14 2.96 3.95 3.73 3.65 4.95 5.46 6.88 7.43 0.00 4.26 6.53 6.37 5.61 2.30 3.68 6.38 9.09 5.65 5.26 5.96 5.01 0.00 2.81 3.29 3.70 3.82 4.23 5.75 6.58 3029569
4.70 2.84 4.94 3.10 3.93 3.80 3.47 5.16 0.00 6.71 7.32 8.10 5.67 6.69 6.50 5.53 3.13 3.53 6.29 9.07 5.67 4.77 2.36 4.94 0.00 2.70 3.29 3.39 3.80 4.17 5.85 6.62 3042659
4.59 2.96 5.14 0.00 4.00 3.77 3.46 4.93 5.25 5.71 7.41 0.00 5.73 3.92 6.55 5.76 2.05 3.33 6.60 9.11 5.69 4.76 0.00 2.23 0.00 0.00 3.27 3.26 3.77 4.16 5.84 6.93 3055749
4.68 3.04 4.87 3.17 3.94 3.81 0.00 5.61 0.00 7.27 7.91 0.00 5.42 6.69 6.47 5.62 2.12 3.63 6.61 9.09 5.60 5.07 0.00 4.26 0.00 2.69 3.27 3.39 3.66 4.06 5.94 6.89 3068839
4.72 3.09 5.21 2.87 3.99 3.75 0.00 5.06 5.00 7.38 7.57 0.00 5.50 6.67 6.48 5.52 2.06 3.61 6.62 9.03 6.06 4.82 0.00 4.95 0.00 2.85 3.33 3.37 3.66 4.05 5.85 6.70 3081929
4.69 2.97 0.00 2.76 4.51 3.78 0.00 5.03 0.00 6.07 7.40 0.00 5.35 6.63 6.44 5.64 2.04 3.95 6.51 9.05 5.82 5.57 2.75 4.07 0.00 0.00 3.31 3.96 3.62 4.16 5.89 6.71 3095019
4.63 3.08 4.95 2.80 3.96 3.75 3.47 4.97 5.24 7.38 7.47 0.00 5.46 6.79 6.52 5.56 2.02 3.83 7.36 9.04 5.69 4.89 6.56 5.16 0.00 2.75 3.28 0.00 3.62 4.07 6.07 7.02 3108109
4.60 3.00 5.19 0.00 4.00 3.79 3.55 4.91 5.16 3.33 7.40 0.00 5.39 6.67 6.47 5.63 2.07 3.87 6.85 9.13 0.00 4.75 0.00 5.24 0.00 2.72 3.28 3.56 3.73 4.25 5.95 6.77 3121199
4.82 2.94 0.00 0.00 4.04 3.77 4.08 5.09 5.22 7.35 7.49 0.00 5.53 6.72 6.45 5.62 2.06 4.00 6.65 9.12 5.74 4.94 0.00 0.00 0.00 2.76 3.21 3.28 3.73 4.13 5.88 6.58 3134289
0.00 3.05 0.00 3.01 4.77 4.29 3.42 5.01 5.21 7.42 7.42 0.00 5.93 6.78 6.99 5.62 2.12 3.73 6.36 9.19 0.00 4.60 0.00 0.00 0.00 2.70 3.22 3.31 3.73 4.16 6.11 6.87 3147379
4.87 3.00 5.27 0.00 4.15 3.74 3.74 5.66 0.00 7.34 7.70 0.00 5.29 0.00 6.42 5.65 2.16 4.01 6.98 8.91 5.92 0.00 0.00 0.00 0.00 2.74 3.33 3.32 3.97 4.16 6.33 0.00 3160469
0.00 3.07 4.91 3.03 4.06 3.76 0.00 5.17 0.00 7.44 7.40 0.00 5.57 6.81 6.44 5.62 2.06 3.83 6.47 9.27 5.72 4.96 0.00 0.00 0.00 2.80 3.43 3.37 3.79 4.14 6.06 6.80 3173559
4.74 3.05 5.27 2.86 4.02 3.83 3.51 5.41 0.00 7.42 7.38 8.06 5.69 6.79 7.25 6.29 2.18 4.44 6.38 9.02 5.68 5.07 0.00 4.43 0.00 2.78 3.22 3.37 3.79 4.23 5.94 6.97 3186649
4.60 2.96 5.77 3.35 3.99 3.76 3.62 4.93 0.00 7.36 7.39 0.00 5.15 6.74 6.46 5.70 2.05 3.89 6.76 9.08 5.64 4.78 0.00 0.00 0.00 2.77 3.27 3.32 3.81 4.14 5.97 0.00 3199739
4.65 2.97 0.00 2.94 3.98 3.79 0.00 4.97 5.24 7.44 7.38 0.00 5.51 6.79 6.41 5.78 2.37 3.94 6.45 9.13 5.55 4.74 0.00 0.00 0.00 2.73 3.20 3.33 3.74 4.16 5.98 6.76 3212829
4.50 2.99 5.32 3.61 4.03 3.76 3.66 4.90 5.20 7.44 7.36 0.00 5.40 6.72 6.41 5.63 2.34 4.09 6.44 9.07 5.60 4.64 0.00 5.26 0.00 2.71 3.22 3.30 3.78 4.15 5.89 0.00 3225919
4.56 3.00 0.00 0.00 4.27 3.92 0.00 5.10 5.17 7.37 7.44 7.96 5.32 6.74 6.42 5.64 2.02 3.94 6.65 0.00 6.23 4.64 0.00 3.88 0.00 2.73 3.20 3.56 3.86 4.15 5.98 6.90 3239009
4.59 3.04 0.00 0.00 4.02 3.76 0.00 5.08 0.00 7.39 7.39 8.08 5.39 6.75 6.41 5.73 0.00 3.93 6.69 9.50 5.60 4.82 0.00 3.90 0.00 2.74 3.25 0.00 3.73 4.40 6.41 6.93 3252099
4.84 3.01 0.00 2.98 4.03 3.80 3.66 4.99 0.00 7.39 7.52 0.00 5.30 6.82 6.41 5.71 2.03 3.87 6.75 8.99 5.60 4.85 0.00 5.33 0.00 2.74 3.22 3.60 3.73 4.23 6.07 6.76 3265189
4.51 2.98 0.00 3.01 4.07 3.74 0.00 4.90 5.27 7.44 7.43 8.04 5.25 6.75 6.43 5.77 2.08 3.85 6.69 8.89 5.59 0.00 0.00 0.00 0.00 2.73 3.24 0.00 3.68 4.13 5.99 7.07 3278279
4.50 3.01 0.00 0.00 4.04 3.78 3.86 5.31 0.00 7.41 7.40 7.87 5.25 6.77 6.43 5.82 2.05 3.87 6.85 8.93 5.58 4.71 0.00 0.00 0.00 2.74 3.21 0.00 3.80 4.13 6.65 6.62 3291369
4.44 3.01 0.00 0.00 4.03 3.76 0.00 0.00 0.00 7.40 7.42 0.00 5.40 6.73 6.46 5.65 2.09 3.82 6.68 9.14 5.59 0.00 0.00 4.79 0.00 2.72 3.27 3.99 3.69 4.14 5.94 6.69 3304459
4.54 2.99 0.00 2.98 4.13 3.85 0.00 5.16 0.00 7.36 8.10 0.00 5.48 6.80 6.43 6.11 2.04 4.00 6.94 8.93 5.67 4.64 3.02 0.00 0.00 2.73 3.27 3.25 3.76 4.17 5.95 7.61 3317549
4.70 2.92 0.00 0.00 4.02 3.80 0.00 4.93 0.00 7.41 7.53 7.88 5.91 6.78 6.44 5.75 2.03 3.93 6.47 8.87 5.67 4.58 0.00 4.75 0.00 2.73 3.19 3.96 3.75 4.13 6.06 6.81 3330639
4.61 3.01 0.00 3.45 4.08 3.74 0.00 4.84 5.48 7.42 7.58 7.86 5.43 6.74 6.91 5.77 2.15 3.97 6.55 8.96 5.61 4.56 0.00 5.47 0.00 2.73 3.19 3.36 3.72 4.15 6.34 6.84 3343729
4.54 3.02 0.00 3.43 4.12 3.76 3.62 4.92 0.00 7.38 7.45 7.90 5.15 6.71 6.46 5.74 2.04 3.79 6.26 9.15 5.66 4.62 0.00 0.00 0.00 2.75 3.35 3.30 3.76 4.13 5.98 6.92 3356819
4.81 2.99 0.00 0.00 4.00 3.77 3.75 5.01 0.00 7.44 7.40 0.00 5.38 6.70 6.46 5.72 3.04 3.81 6.84 8.94 5.73 0.00 0.00 0.00 0.00 2.73 3.38 3.27 3.72 4.14 5.89 7.04 3369909
4.40 3.01 0.00 3.13 4.13 3.78 3.81 4.95 0.00 7.43 0.00 0.00 5.44 6.76 6.55 5.66 2.92 3.84 6.46 9.11 5.60 4.69 0.00 3.96 0.00 2.72 3.23 3.35 3.73 4.20 5.95 6.73 3382999
4.38 2.99 5.18 3.10 4.06 3.94 3.40 5.00 0.00 7.46 7.52 8.15 5.78 6.71 6.89 5.73 2.41 3.82 6.61 9.15 5.64 4.55 0.00 4.82 0.00 2.74 3.38 3.26 3.72 4.28 5.98 6.65 3396089
4.44 3.05 5.18 0.00 4.14 3.80 4.27 5.07 0.00 7.41 7.47 7.84 5.29 6.75 6.37 5.72 2.01 3.72 6.57 9.14 5.36 0.00 0.00 4.44 0.00 2.72 3.28 3.44 3.75 4.17 6.00 6.97 3409179
4.85 2.92 5.34 2.95 4.08 3.84 3.71 5.02 5.20 7.40 7.45 7.91 5.42 6.74 6.50 5.80 2.10 3.57 6.48 9.04 5.30 0.00 4.84 4.12 0.00 2.71 3.35 3.39 3.74 4.20 5.91 6.88 3422269
4.63 3.01 5.39 0.00 4.04 3.82 4.10 5.02 0.00 7.43 7.50 8.12 5.87 6.79 6.66 5.75 2.24 3.66 6.70 9.08 5.28 0.00 0.00 0.00 0.00 2.71 3.30 3.28 3.79 4.15 5.77 6.66 3435359
4.52 3.03 0.00 0.00 4.20 3.85 3.64 5.02 5.16 6.79 7.35 0.00 5.63 6.74 6.51 5.86 0.00 4.05 6.46 9.55 5.23 4.68 0.00 3.85 0.00 2.72 3.24 3.34 3.79 4.14 5.90 6.89 3448449
4.28 2.88 5.09 0.00 4.48 3.78 3.62 5.10 0.00 7.40 7.37 0.00 5.51 6.79 6.60 5.79 2.08 3.79 6.40 9.04 5.05 4.70 0.00 4.39 0.00 2.75 3.24 3.26 3.73 4.20 5.92 6.84 3461539
4.50 3.02 5.16 2.77 4.05 3.85 3.44 5.08 5.30 5.80 7.41 7.89 5.94 6.83 6.56 5.92 2.08 3.57 6.88 9.03 4.99 4.66 4.95 4.55 0.00 2.76 3.28 3.40 3.65 4.16 5.93 6.89 3474629
4.38 3.02 5.20 3.07 4.04 3.85 3.69 5.01 5.55 7.49 7.51 8.05 5.65 6.91 6.71 5.88 2.09 3.31 6.38 9.12 4.88 5.15 0.00 4.70 0.00 2.75 3.26 3.30 3.61 4.32 5.80 6.72 3487719
4.50 3.00 5.30 3.28 4.09 3.85 3.46 5.09 5.27 7.44 7.45 7.74 5.74 6.82 6.85 6.00 2.03 3.74 7.32 9.06 4.73 4.94 5.76 5.31 0.00 2.72 3.28 3.37 3.75 4.16 5.63 7.35 3500809
4.37 3.05 0.00 3.21 4.11 3.85 3.39 5.12 5.17 5.04 7.49 0.00 5.40 6.89 6.71 6.16 2.03 3.91 6.43 9.05 4.91 0.00 3.39 0.00 0.00 2.72 3.31 3.32 3.63 4.10 5.92 7.42 3513899
4.40 2.93 5.09 3.00 4.17 3.79 3.31 5.11 5.15 4.26 7.42 0.00 5.53 7.00 6.80 6.21 2.17 3.63 6.44 9.08 4.67 0.00 4.89 5.14 0.00 2.68 3.27 3.38 3.67 4.13 5.85 6.85 3526989
4.35 3.01 5.15 2.54 4.13 3.81 3.52 5.04 4.93 6.96 7.42 7.78 5.34 6.94 6.68 6.16 2.05 3.63 6.65 9.10 4.67 4.63 4.06 0.00 0.00 2.77 3.27 3.52 3.57 4.17 5.90 6.97 3540079
4.39 3.02 4.97 3.06 4.24 3.86 3.40 5.58 0.00 7.32 7.48 7.82 5.69 6.91 6.79 6.32 2.45 4.05 5.97 9.18 4.71 0.00 2.94 4.48 0.00 3.07 3.21 3.41 3.46 4.10 5.89 6.69 3553169
4.50 3.05 4.93 2.60 4.15 3.83 3.74 5.04 0.00 2.90 7.46 7.56 5.77 6.86 6.81 6.42 2.10 3.71 5.99 8.97 4.53 4.51 0.00 4.55 0.00 2.45 3.15 3.40 3.61 4.06 6.19 6.77 3566259
4.59 2.98 5.28 2.72 4.20 3.86 0.00 5.16 4.98 4.60 7.39 7.33 5.68 6.91 6.84 6.33 2.12 3.91 6.95 8.69 4.42 4.54 0.00 4.49 0.00 2.56 3.06 3.80 3.66 4.23 6.17 0.00 3579349
4.35 2.86 5.48 2.94 4.33 3.87 4.17 5.22 5.22 6.07 7.48 7.44 5.51 7.08 6.91 6.32 2.06 3.60 6.64 8.81 4.39 4.65 0.00 4.13 0.00 2.41 2.98 3.39 3.68 4.13 6.00 7.07 3592439
4.33 2.96 5.70 3.22 4.25 3.84 3.32 5.01 5.39 7.47 7.41 7.39 5.49 6.99 6.91 6.72 2.27 3.71 6.27 9.02 4.38 4.59 0.00 5.08 0.00 2.50 3.05 0.00 3.55 4.10 5.48 0.00 3605529
4.46 3.06 5.38 2.82 4.27 3.91 3.44 5.07 0.00 7.02 7.42 7.31 5.53 6.97 6.92 6.46 2.14 4.03 7.00 9.43 4.24 4.63 0.00 4.27 0.00 2.32 3.02 3.64 3.70 4.11 5.98 0.00 3618619
4.32 3.00 4.88 2.91 4.23 3.87 3.62 5.31 5.32 7.39 7.36 7.37 5.74 7.02 7.02 6.46 2.02 4.02 6.98 8.91 4.31 4.71 0.00 4.15 0.00 2.55 3.05 3.48 3.55 4.11 5.90 6.76 3631709
4.51 3.00 5.20 3.09 4.22 4.00 0.00 5.07 5.20 7.49 7.39 7.29 5.40 7.21 7.01 6.50 2.08 3.78 6.89 8.73 4.34 4.49 0.00 0.00 0.00 2.35 3.07 3.44 3.57 4.21 6.08 7.01 3644799
4.40 2.96 4.86 0.00 4.26 3.92 0.00 5.07 5.33 7.44 7.35 7.35 6.21 7.06 7.35 6.40 2.03 3.63 6.85 8.87 4.30 5.06 0.00 4.57 0.00 2.35 3.17 3.41 3.51 4.20 5.87 7.14 3657889
4.38 2.97 0.00 2.74 4.23 3.91 0.00 5.03 0.00 7.53 7.42 7.31 5.34 7.13 6.96 6.42 2.40 3.65 6.48 8.86 4.24 4.73 0.00 4.67 0.00 2.33 3.13 3.43 3.58 4.14 6.65 7.26 3670979
4.36 3.01 0.00 3.56 4.23 4.06 3.32 5.20 5.17 7.43 7.47 7.30 5.78 7.17 7.09 6.37 2.19 3.83 6.45 9.04 4.21 4.49 9.85 4.41 0.00 2.44 3.09 3.44 3.58 4.20 5.90 6.63 3684069
4.59 2.99 0.00 2.78 4.25 3.97 0.00 5.07 0.00 7.48 7.37 7.28 5.48 7.13 7.06 6.56 2.17 3.85 6.88 8.72 4.17 4.47 0.00 0.00 0.00 2.42 3.06 3.66 3.59 4.17 6.30 0.00 3697159
4.34 3.03 5.39 0.00 4.21 3.93 0.00 4.97 0.00 7.48 7.31 7.61 5.42 7.14 7.04 6.86 2.14 4.04 6.69 8.75 4.34 0.00 0.00 0.00 0.00 2.50 3.10 3.41 3.46 4.14 5.89 6.95 3710249
4.28 3.01 5.00 2.95 4.24 3.94 0.00 5.13 5.24 7.44 7.56 0.00 5.81 7.13 7.08 6.65 2.17 3.91 6.33 8.60 4.16 5.08 0.00 0.00 0.00 2.32 3.14 3.40 3.59 4.24 5.89 6.73 3723339
4.37 3.00 0.00 2.81 4.31 3.92 0.00 5.19 0.00 7.43 7.31 0.00 5.82 6.99 6.99 6.39 2.09 3.83 6.66 9.09 4.26 4.38 0.00 5.20 0.00 2.36 3.08 3.41 3.67 4.09 5.89 6.93 3736429
5.01 3.02 5.34 3.31 4.25 3.94 0.00 5.05 0.00 7.47 7.38 7.37 5.92 7.13 7.04 6.79 2.07 3.95 6.66 8.72 4.18 4.53 0.00 0.00 0.00 2.38 3.13 3.40 3.57 4.12 0.00 6.92 3749519
5.02 2.99 5.40 0.00 4.43 3.88 0.00 5.05 0.00 7.47 7.58 7.33 5.40 7.20 7.04 6.72 2.13 3.91 6.74 8.90 4.20 4.36 0.00 0.00 0.00 2.40 3.12 3.50 3.57 4.14 0.00 7.19 3762609
4.34 2.99 0.00 0.00 4.26 3.98 0.00 5.09 0.00 7.49 7.37 7.30 5.69 7.09 7.29 0.00 2.65 4.70 6.60 9.02 4.18 4.44 0.00 4.58 0.00 2.43 3.05 3.42 3.62 4.11 5.99 7.46 3775699
4.30 3.00 0.00 0.00 4.25 3.91 0.00 5.06 0.00 7.47 7.32 7.33 5.38 7.15 7.02 6.55 2.03 3.76 7.08 8.66 4.33 0.00 0.00 5.44 0.00 2.41 3.08 3.38 3.62 4.15 5.87 0.00 3788789
4.50 3.04 0.00 0.00 4.27 3.89 3.31 5.17 0.00 7.46 7.44 7.29 5.51 7.10 7.03 6.55 2.68 3.83 6.82 8.88 4.24 4.56 0.00 4.55 0.00 2.38 3.08 3.42 3.52 4.09 5.99 6.78 3801879
4.35 3.04 5.35 2.79 4.25 3.91 0.00 5.01 5.26 7.48 7.49 7.43 5.73 7.12 7.74 6.94 2.14 3.88 6.77 8.57 4.19 4.41 0.00 4.67 0.00 2.42 3.08 3.30 3.72 4.07 6.07 6.95 3814969
4.97 3.02 5.29 0.00 4.23 3.89 0.00 5.08 0.00 7.49 7.38 7.65 5.52 7.18 7.03 6.56 2.14 3.89 6.91 8.52 4.12 4.38 0.00 4.76 0.00 2.51 3.07 3.78 3.60 4.10 5.86 6.67 3828059
4.32 3.03 0.00 0.00 4.33 3.88 0.00 5.15 5.20 7.49 7.40 7.30 5.85 7.07 7.08 6.54 2.08 3.98 6.64 9.16 4.22 4.51 0.00 0.00 0.00 2.40 3.07 3.80 3.57 4.18 6.03 6.67 3841149
4.30 3.00 5.05 0.00 4.31 3.92 0.00 5.18 0.00 7.51 7.34 7.30 5.63 7.14 7.08 6.56 2.04 3.72 6.45 9.53 4.13 0.00 0.00 0.00 0.00 2.43 3.08 4.16 3.55 4.20 5.85 6.82 3854239
4.81 3.01 0.00 0.00 4.25 3.98 0.00 5.07 0.00 7.49 7.37 7.41 6.17 7.09 7.17 6.52 2.04 3.77 6.86 9.29 4.22 0.00 0.00 0.00 0.00 2.38 3.06 4.18 3.52 4.13 5.88 6.96 3867329
4.67 3.02 5.04 0.00 4.27 3.96 0.00 5.09 0.00 7.49 7.38 7.29 5.52 7.19 7.16 6.56 2.09 3.69 6.59 8.68 4.23 0.00 0.00 4.52 0.00 2.42 3.06 3.45 3.54 4.16 5.87 6.93 3880419
5.05 3.02 0.00 0.00 4.24 3.94 0.00 5.22 0.00 7.50 7.41 7.28 5.56 7.18 7.11 6.51 2.05 3.75 6.42 8.59 4.39 4.75 0.00 0.00 0.00 2.37 3.06 3.57 3.60 4.81 5.89 0.00 3893509
4.33 2.97 0.00 0.00 4.26 3.90 0.00 5.08 0.00 7.51 7.41 7.29 5.64 7.15 7.21 6.54 2.08 3.81 6.85 9.12 4.24 0.00 0.00 4.98 0.00 2.37 3.06 4.20 3.56 4.21 5.93 6.61 3906599
4.58 2.98 5.25 0.00 4.43 3.92 0.00 5.10 0.00 7.50 7.42 7.31 5.93 7.12 7.15 6.55 2.07 3.80 7.19 8.75 4.21 0.00 0.00 4.44 0.00 2.38 3.06 3.59 0.00 4.11 6.64 6.62 3919689
4.33 3.01 0.00 0.00 4.21 3.89 0.00 5.14 0.00 7.49 7.42 7.30 5.54 7.14 7.09 6.55 2.11 4.07 6.62 8.87 4.14 4.40 0.00 4.41 0.00 2.39 3.06 3.59 3.59 4.85 5.89 6.75 3932779
4.39 3.00 0.00 0.00 4.23 3.89 0.00 5.12 0.00 7.44 7.40 7.29 5.56 7.11 7.20 6.55 2.06 4.11 6.90 9.09 4.20 4.53 0.00 4.40 0.00 2.38 3.06 3.67 3.58 4.12 6.10 6.74 3945869
4.36 2.99 5.48 0.00 4.23 3.88 0.00 5.25 0.00 7.49 7.43 7.31 5.95 7.10 7.13 6.57 2.10 3.87 7.43 8.73 4.14 4.40 0.00 4.46 0.00 2.37 3.05 3.75 4.00 4.13 6.07 6.88 3958959
4.34 3.00 0.00 0.00 4.22 3.89 0.00 5.18 0.00 7.43 7.42 7.29 5.65 7.10 7.09 6.56 2.06 3.75 6.65 8.99 4.23 4.61 0.00 4.40 0.00 2.38 3.06 3.70 3.66 4.13 5.93 6.93 3972049
4.66 2.98 5.36 0.00 4.23 3.97 0.00 5.21 0.00 7.43 7.42 7.28 5.69 7.10 7.11 6.55 2.06 3.91 0.00 8.45 4.19 4.44 0.00 4.43 0.00 2.38 3.06 3.60 3.62 4.12 6.11 6.67 3985139
4.98 3.00 5.15 0.00 4.23 3.88 0.00 5.21 0.00 7.46 7.38 7.30 5.59 7.11 7.24 6.57 2.10 3.84 6.89 8.64 4.20 4.44 0.00 4.40 0.00 2.37 3.06 3.63 3.75 4.14 6.44 6.83 3998229
4.87 3.01 0.00 0.00 4.24 3.87 0.00 5.06 0.00 7.46 7.40 7.30 5.83 7.09 7.20 6.56 2.02 3.87 6.64 9.00 4.27 4.43 0.00 4.41 0.00 2.37 3.07 3.64 3.76 4.13 5.99 7.45 4011319
0.00 3.00 0.00 0.00 5.09 3.88 0.00 5.21 0.00 7.46 7.43 0.00 5.89 7.11 7.22 6.57 2.03 3.77 7.12 9.09 4.21 4.50 0.00 4.38 0.00 2.41 3.07 3.60 3.75 4.11 5.89 6.84 4024409
4.67 3.01 0.00 2.96 4.24 3.88 0.00 5.17 0.00 7.44 7.35 0.00 5.79 7.11 7.21 6.57 2.03 3.88 7.51 8.97 4.21 4.42 0.00 4.40 0.00 2.41 3.07 3.57 3.74 4.11 5.88 0.00 4037499
4.32 3.02 0.00 0.00 4.25 3.88 0.00 5.16 0.00 7.45 7.31 0.00 5.49 7.09 7.21 6.57 2.03 3.83 7.29 9.08 4.15 4.62 0.00 4.49 0.00 2.39 3.06 3.79 3.58 4.11 6.06 0.00 4050589
4.35 2.99 0.00 0.00 4.40 3.91 0.00 5.23 0.00 7.46 7.31 0.00 5.76 7.13 7.23 6.55 2.04 3.73 6.90 9.07 4.19 4.45 0.00 4.42 0.00 2.39 3.06 3.80 3.76 4.11 6.13 6.79 4063679
4.52 3.01 0.00 2.94 4.26 3.90 0.00 5.30 0.00 7.45 7.31 0.00 5.85 7.09 7.23 6.56 2.03 4.65 6.85 8.73 4.12 4.46 0.00 4.82 0.00 2.38 3.06 3.73 3.71 4.12 6.00 6.73 4076769
4.36 3.01 0.00 0.00 4.23 3.91 0.00 5.33 0.00 7.43 7.35 7.28 5.66 7.12 7.21 6.54 2.03 3.99 7.10 8.74 4.18 4.45 0.00 5.46 0.00 2.38 3.06 3.59 3.74 4.29 5.88 7.42 4089859
0.00 2.99 0.00 0.00 4.38 3.89 0.00 5.07 0.00 7.43 7.31 0.00 5.62 7.13 7.14 6.55 2.12 3.93 7.21 9.08 4.15 4.54 0.00 0.00 0.00 2.40 3.06 3.56 3.71 4.08 5.86 6.68 4102949
4.33 3.01 0.00 0.00 4.57 3.89 0.00 5.25 0.00 7.45 7.30 0.00 5.43 7.14 7.19 6.55 2.17 3.69 7.06 8.99 4.20 4.47 0.00 0.00 0.00 2.39 3.05 3.90 3.70 4.11 5.86 6.73 4116039
4.51 3.02 0.00 0.00 4.22 3.95 0.00 5.30 0.00 7.43 7.38 0.00 5.77 7.22 7.17 6.53 2.10 3.71 6.97 8.59 4.16 4.55 0.00 5.86 0.00 2.39 3.06 3.61 3.71 4.10 5.84 6.70 4129129
4.98 3.01 0.00 0.00 4.22 3.91 0.00 5.16 0.00 7.47 7.38 0.00 5.51 7.15 7.14 6.56 2.37 3.72 7.06 8.96 4.18 4.40 0.00 0.00 0.00 2.40 3.07 3.27 3.66 4.10 5.86 6.70 4142219
4.42 3.01 0.00 0.00 4.26 3.90 0.00 5.26 0.00 7.48 7.41 7.32 5.67 7.22 7.15 6.58 2.23 3.72 6.95 8.96 4.60 4.44 0.00 0.00 0.00 2.40 3.06 3.25 3.59 4.11 5.93 6.61 4155309
4.47 3.01 0.00 0.00 4.32 3.90 0.00 5.19 0.00 7.47 7.28 7.35 5.69 7.21 7.16 6.58 2.22 3.73 7.08 8.98 4.15 4.50 0.00 5.70 0.00 2.38 3.06 3.27 3.59 4.11 5.88 6.99 4168399
4.35 3.02 0.00 0.00 4.30 3.91 0.00 5.17 0.00 7.48 7.30 7.37 5.82 7.26 7.19 6.58 2.16 3.71 7.50 9.01 4.15 4.43 0.00 5.69 0.00 2.40 3.07 3.28 3.59 4.11 5.84 6.79 4181489
4.43 3.00 0.00 0.00 4.32 3.91 0.00 5.16 0.00 7.46 7.32 7.36 5.53 7.24 7.18 6.58 2.23 3.70 6.91 9.00 4.13 4.44 0.00 5.75 0.00 2.41 3.08 3.28 3.59 4.10 5.82 7.03 4194579
4.56 3.00 0.00 0.00 4.30 3.93 0.00 5.13 0.00 7.47 7.29 7.34 5.63 7.50 7.20 6.55 2.35 3.73 6.87 9.04 4.17 4.97 0.00 5.77 0.00 2.41 3.06 3.61 3.59 4.11 5.82 6.98 4207669
4.55 3.01 0.00 0.00 4.29 3.91 0.00 5.15 0.00 7.47 7.30 0.00 5.62 7.14 7.21 6.56 2.53 3.94 6.95 9.04 4.13 0.00 0.00 5.83 0.00 2.41 3.07 3.73 3.58 4.09 5.86 6.83 4220759
4.61 3.00 0.00 0.00 4.30 3.92 0.00 5.27 0.00 7.47 7.29 0.00 5.63 7.14 7.20 6.56 2.52 3.98 6.95 9.06 4.14 0.00 0.00 5.81 0.00 2.40 3.07 4.04 3.60 4.09 5.86 6.99 4233849
4.36 3.00 0.00 0.00 4.29 3.92 0.00 5.21 0.00 7.49 7.29 0.00 5.85 7.14 7.21 6.56 2.43 3.99 6.95 9.02 4.14 0.00 0.00 0.00 0.00 2.40 3.07 4.18 3.58 4.10 5.89 7.16 4246939
4.50 3.02 0.00 0.00 4.32 3.91 0.00 5.16 0.00 7.49 7.30 0.00 6.11 7.13 7.22 6.57 2.02 4.03 6.96 9.01 4.16 0.00 0.00 0.00 0.00 2.40 3.07 4.18 3.58 4.10 5.88 7.03 4260029
4.35 3.02 0.00 0.00 4.30 3.93 0.00 5.25 0.00 7.50 7.28 0.00 5.58 7.11 7.21 6.56 2.01 4.05 6.95 9.03 4.26 0.00 0.00 0.00 0.00 2.42 3.08 4.18 3.58 4.09 5.88 7.02 4273119
4.37 3.01 0.00 0.00 4.31 3.95 0.00 5.27 0.00 7.50 7.29 8.06 5.52 7.11 7.19 6.56 2.03 4.02 7.15 9.04 4.14 4.54 0.00 0.00 0.00 2.40 3.08 4.04 3.59 4.08 5.91 7.00 4286209
4.50 3.00 0.00 3.01 4.36 3.90 0.00 5.27 0.00 7.49 7.32 0.00 5.54 7.11 7.19 6.56 2.04 4.02 7.35 9.03 4.16 4.39 0.00 0.00 0.00 2.41 3.06 4.04 3.57 4.10 5.88 7.15 4299299
4.35 2.99 5.35 0.00 4.47 3.92 0.00 5.25 0.00 7.49 7.30 7.83 6.32 7.13 7.19 6.56 2.02 3.93 7.02 9.01 4.23 4.40 0.00 0.00 0.00 2.42 3.07 4.04 3.56 4.10 5.87 6.69 4312389
4.41 3.00 0.00 0.00 4.31 3.94 0.00 5.08 0.00 7.47 7.29 0.00 6.09 7.12 7.18 6.55 2.37 3.85 7.27 8.98 4.28 4.38 0.00 0.00 0.00 2.42 3.07 4.19 3.58 4.10 5.83 6.62 4325479
4.48 3.04 0.00 2.98 4.30 3.93 0.00 5.05 0.00 7.47 7.30 0.00 5.57 7.12 7.20 6.56 2.31 4.05 7.06 8.93 4.15 4.38 0.00 0.00 0.00 2.41 3.06 4.07 3.64 4.08 5.88 6.60 4338569
4.35 3.01 0.00 2.95 4.28 3.93 0.00 5.05 0.00 7.49 7.30 7.49 5.65 7.62 7.17 6.57 2.52 3.84 7.19 8.90 4.24 4.38 0.00 0.00 0.00 2.42 3.06 4.19 3.58 4.11 5.85 6.64 4351659
4.40 3.00 0.00 0.00 4.25 3.93 0.00 5.21 0.00 7.50 7.32 7.45 5.49 7.12 7.16 6.57 2.40 3.93 6.99 8.91 4.18 4.40 0.00 0.00 0.00 2.42 3.08 3.53 3.58 4.23 6.54 6.64 4364749
4.49 3.01 0.00 2.98 4.25 3.95 0.00 5.09 0.00 7.48 7.34 7.38 5.45 7.21 7.14 6.58 2.41 3.96 6.94 8.50 4.21 4.42 0.00 0.00 0.00 3.05 3.08 4.07 3.61 4.14 5.88 6.57 4377839
4.44 3.00 0.00 3.02 4.27 3.94 0.00 5.22 0.00 7.51 7.34 7.50 5.55 7.14 7.35 6.57 2.27 4.03 6.98 8.73 4.15 4.41 0.00 0.00 0.00 3.05 3.07 3.55 3.65 4.12 6.65 6.46 4390929
4.53 3.01 0.00 0.00 4.27 3.96 0.00 5.05 0.00 7.50 7.35 8.04 5.97 7.10 7.28 6.59 2.30 3.76 7.00 8.72 4.20 4.40 0.00 4.55 0.00 3.05 3.07 3.56 3.69 4.09 5.99 6.72 4404019
0.00 3.01 0.00 2.99 4.27 3.95 0.00 4.98 0.00 7.49 7.37 8.04 5.53 7.15 7.42 6.55 2.17 3.80 7.00 8.70 4.26 4.36 0.00 0.00 0.00 3.06 3.08 3.57 3.68 4.10 5.87 6.92 4417109
4.90 3.01 0.00 2.95 4.25 3.96 0.00 4.98 0.00 7.49 7.35 8.04 5.67 7.24 7.39 6.54 2.33 3.80 7.05 8.62 4.20 4.47 0.00 5.61 0.00 3.04 3.06 3.56 3.63 4.10 5.98 6.83 4430199
4.63 3.00 0.00 2.97 4.23 3.97 0.00 5.01 0.00 7.51 7.37 7.36 5.59 7.33 7.34 6.55 2.21 3.92 7.11 8.58 4.17 4.38 0.00 5.49 0.00 2.53 3.08 3.54 3.82 4.11 5.84 6.97 4443289
4.47 3.00 0.00 3.00 4.26 3.95 0.00 5.01 0.00 7.50 7.43 7.42 5.54 7.16 7.42 6.55 2.25 4.13 0.00 9.04 4.23 4.39 0.00 5.29 0.00 2.52 3.06 3.51 4.31 4.17 5.84 6.82 4456379
0.00 3.01 0.00 3.02 4.28 3.91 0.00 4.98 0.00 7.50 7.43 7.91 6.36 7.20 7.20 6.55 2.28 4.19 6.85 8.62 4.15 4.40 0.00 0.00 0.00 2.52 3.06 3.55 3.71 4.23 5.85 6.80 4469469
4.53 3.02 0.00 0.00 4.27 3.92 0.00 5.32 0.00 7.50 7.41 7.93 5.51 7.14 7.47 6.55 2.17 4.20 6.95 8.87 4.17 4.40 0.00 4.53 0.00 3.06 3.07 3.55 0.00 4.22 5.95 6.78 4482559
4.38 3.02 0.00 0.00 4.28 3.94 0.00 5.26 0.00 7.51 7.31 7.91 5.53 7.11 7.32 6.55 2.28 3.98 7.02 8.90 4.13 4.46 0.00 5.14 0.00 2.86 3.07 3.57 0.00 4.19 5.80 6.77 4495649
4.94 3.02 5.33 0.00 4.28 3.95 0.00 5.30 0.00 7.49 7.33 7.94 5.53 7.12 7.40 6.56 2.27 4.99 6.94 8.87 4.18 4.44 0.00 5.60 0.00 2.45 3.07 3.57 4.29 4.12 5.80 6.75 4508739
4.51 3.00 5.33 0.00 4.28 3.93 0.00 5.06 0.00 7.50 7.38 7.44 5.47 7.10 7.38 6.55 2.29 3.96 6.98 8.85 4.13 4.40 0.00 0.00 0.00 2.42 3.07 3.56 0.00 4.21 5.81 6.80 4521829
4.35 3.02 0.00 0.00 4.27 3.92 0.00 5.06 0.00 7.49 7.39 7.49 0.00 7.19 7.35 6.55 2.03 3.77 7.26 8.89 4.15 4.49 0.00 0.00 0.00 2.55 3.06 3.56 0.00 4.20 5.81 6.79 4534919
4.35 3.01 5.35 0.00 4.29 3.93 0.00 5.05 0.00 7.50 7.35 7.92 5.55 7.26 7.38 6.54 2.03 3.76 0.00 8.90 4.13 4.47 0.00 0.00 0.00 3.06 3.06 3.55 4.29 4.18 5.84 6.77 4548009
4.40 3.01 5.28 0.00 4.28 3.93 0.00 5.06 0.00 7.50 7.35 7.90 5.59 7.25 7.41 6.55 2.03 3.76 0.00 8.83 4.13 4.41 0.00 0.00 0.00 2.69 3.06 3.55 4.27 4.18 5.82 6.79 4561099
4.43 3.01 5.32 0.00 4.29 3.91 0.00 5.08 0.00 7.48 7.34 7.92 5.46 7.18 7.40 6.54 2.03 3.75 0.00 8.86 4.15 4.42 0.00 0.00 0.00 3.04 3.08 3.55 0.00 4.18 5.80 6.81 4574189
4.48 3.01 0.00 0.00 4.30 3.90 0.00 5.06 0.00 7.50 7.34 7.91 5.53 7.23 7.39 6.53 2.02 3.77 7.35 8.61 4.14 4.41 0.00 0.00 0.00 3.05 3.06 3.56 0.00 4.17 5.89 6.91 4587279
4.45 3.01 0.00 0.00 4.29 3.90 0.00 5.08 0.00 7.49 7.34 7.92 5.45 7.23 7.38 6.53 2.02 3.76 7.15 8.63 4.14 4.46 0.00 0.00 0.00 2.42 3.07 3.56 0.00 4.19 5.83 6.93 4600369
4.40 3.01 0.00 0.00 4.29 3.91 0.00 5.09 0.00 7.49 7.33 7.91 5.76 7.27 7.45 6.52 2.03 3.77 7.14 8.61 4.14 4.42 0.00 4.67 0.00 2.42 3.06 3.55 0.00 4.17 5.88 6.78 4613459
4.41 3.02 0.00 0.00 4.29 3.91 0.00 5.09 0.00 7.49 7.35 7.55 0.00 7.28 7.43 6.54 2.02 3.77 7.09 8.58 4.14 4.39 0.00 4.84 0.00 3.07 3.05 3.57 0.00 4.16 5.84 6.79 4626549
4.42 3.00 0.00 0.00 4.29 3.92 0.00 5.06 0.00 7.50 7.35 7.54 0.00 7.26 7.42 6.54 2.47 3.74 7.01 8.84 4.16 4.51 0.00 0.00 0.00 3.07 3.07 3.55 0.00 4.17 5.84 6.81 4639639
4.36 3.01 0.00 0.00 4.29 3.91 0.00 5.05 0.00 7.51 7.41 7.49 5.74 7.23 7.43 6.53 2.02 3.77 6.95 8.88 4.17 4.41 0.00 0.00 0.00 3.04 3.05 3.55 0.00 4.17 5.87 6.81 4652729
4.35 3.00 5.43 0.00 4.28 3.91 0.00 5.05 0.00 7.50 7.41 7.54 0.00 7.24 7.44 6.49 2.03 3.77 6.92 8.91 4.17 4.39 0.00 0.00 0.00 3.04 3.07 3.56 0.00 4.15 5.83 6.81 4665819
4.38 3.00 0.00 0.00 4.29 3.90 0.00 5.02 0.00 7.51 7.39 7.56 5.76 7.24 7.43 6.49 2.04 4.01 6.95 8.88 4.25 4.40 0.00 0.00 0.00 3.04 3.07 3.56 0.00 4.15 5.82 6.82 4678909
4.42 3.01 0.00 0.00 4.29 3.90 0.00 5.04 0.00 7.51 7.41 7.54 5.63 7.26 7.43 6.51 2.02 3.84 6.99 8.98 4.16 4.40 0.00 5.45 0.00 3.04 3.07 3.56 0.00 4.17 5.85 6.81 4691999
4.43 3.02 0.00 0.00 4.29 3.92 0.00 5.02 0.00 7.51 7.40 7.30 5.84 7.24 7.43 6.49 2.02 3.82 6.94 9.07 0.00 4.40 0.00 5.48 0.00 3.06 3.06 3.57 0.00 4.19 5.84 6.79 4705089
4.43 3.00 5.36 0.00 4.28 3.91 0.00 5.00 0.00 7.52 7.43 7.30 5.63 7.22 7.43 6.50 2.02 3.82 6.96 9.01 4.22 4.38 0.00 5.62 0.00 3.06 3.06 3.56 0.00 4.20 5.82 0.00 4718179
4.44 3.01 0.00 0.00 4.30 3.92 0.00 5.01 0.00 7.52 7.43 7.31 6.39 7.24 7.42 6.50 2.04 4.02 6.94 9.00 4.22 4.39 0.00 5.54 0.00 3.04 3.06 3.55 0.00 4.22 5.82 0.00 4731269
4.42 3.01 0.00 0.00 4.33 3.93 0.00 4.98 0.00 7.51 7.43 7.31 0.00 7.23 7.43 6.49 2.04 3.85 6.94 8.97 4.18 4.39 0.00 5.41 0.00 2.52 3.07 3.55 0.00 4.21 5.82 0.00 4744359
4.39 3.01 0.00 0.00 4.32 3.93 0.00 5.00 0.00 7.52 7.42 7.30 0.00 7.23 7.43 6.49 2.04 3.98 6.95 8.99 4.22 4.39 0.00 0.00 0.00 2.52 3.07 3.55 0.00 4.21 5.81 0.00 4757449
4.38 3.00 0.00 3.06 4.30 3.92 0.00 5.01 0.00 7.51 7.41 7.30 5.67 7.24 7.43 6.49 2.08 3.93 6.95 8.99 4.20 4.43 0.00 5.63 0.00 2.53 3.06 3.55 0.00 4.22 5.81 0.00 4770539
4.39 3.01 0.00 0.00 4.29 3.92 0.00 5.00 0.00 7.51 7.44 7.31 5.54 7.24 7.47 6.49 2.04 3.88 6.96 8.97 4.21 4.40 0.00 5.60 0.00 2.51 3.06 3.56 0.00 4.20 5.84 7.19 4783629
4.42 3.00 0.00 0.00 4.28 3.92 0.00 5.01 0.00 7.50 0.00 7.30 5.39 7.23 7.45 6.50 2.06 3.81 7.01 9.00 4.19 0.00 0.00 0.00 0.00 2.52 3.07 3.69 0.00 4.13 6.03 0.00 4796719