0.00 3.02 4.97 0.00 8.07 8.26 0.00 0.00 2.54 3.87 6.24 0.00 5.74 7.01 8.11 8.17 2.03 3.88 6.89 9.00 5.27 0.00 0.00 5.13 0.00 2.73 3.54 4.96 6.00 6.53 4.02 4.40 2611997
0.00 3.04 4.80 0.00 8.06 8.25 0.00 0.00 2.56 3.87 6.24 0.00 5.74 7.04 8.11 8.16 2.02 3.90 7.20 8.99 5.28 0.00 0.00 5.13 0.00 2.75 3.55 4.98 5.98 6.53 4.03 4.42 2625087
0.00 3.04 5.04 0.00 8.94 8.26 0.00 0.00 2.58 3.87 6.23 0.00 5.76 7.03 8.14 8.14 2.03 4.46 6.99 8.99 5.29 0.00 0.00 5.57 0.00 2.67 3.42 5.06 5.98 6.53 4.06 4.35 2638177
0.00 3.03 5.02 0.00 8.09 8.26 0.00 0.00 2.57 3.86 6.09 0.00 5.75 7.19 8.13 8.16 2.03 4.22 6.97 8.98 5.28 0.00 0.00 4.68 0.00 2.67 3.43 5.11 5.98 6.53 4.01 4.38 2651267
0.00 3.04 5.00 0.00 8.31 8.27 0.00 0.00 2.56 3.81 6.15 7.00 5.74 7.31 8.18 8.19 2.04 3.95 7.06 8.99 5.28 0.00 0.00 0.00 0.00 2.66 3.60 4.38 5.97 6.54 4.03 4.69 2664357
0.00 3.04 4.93 0.00 8.05 8.27 0.00 0.00 2.55 3.84 6.07 6.87 5.52 7.28 8.20 0.00 2.03 3.88 6.66 8.98 5.26 0.00 0.00 5.16 0.00 2.65 3.59 4.32 5.97 6.56 4.06 4.44 2677447
0.00 3.03 4.96 0.00 8.19 8.25 0.00 0.00 2.64 3.67 5.99 7.03 5.61 7.16 0.00 0.00 2.05 3.89 7.01 9.00 5.40 0.00 0.00 0.00 0.00 2.64 3.44 4.40 5.95 6.50 3.99 4.46 2690537
0.00 3.02 4.82 0.00 8.02 8.24 0.00 0.00 2.52 3.73 6.06 6.84 5.43 7.38 8.15 0.00 2.09 3.89 6.72 9.01 5.27 6.54 0.00 0.00 0.00 2.92 3.43 4.46 5.85 6.50 3.96 4.74 2703627
0.00 3.01 4.95 0.00 8.22 8.25 0.00 0.00 2.55 3.83 6.16 6.96 5.78 7.35 8.19 8.54 2.06 3.87 6.76 8.96 5.23 0.00 0.00 5.73 0.00 2.81 3.59 4.65 5.95 6.52 3.99 4.42 2716717
0.00 3.06 4.92 0.00 8.28 8.26 3.29 5.95 2.56 3.83 6.13 7.03 5.66 7.09 8.23 0.00 2.10 3.82 6.91 8.96 5.50 6.62 0.00 5.29 0.00 2.66 3.30 4.90 5.96 6.51 4.10 4.45 2729807
0.00 3.01 5.07 3.01 8.11 8.25 3.33 0.00 2.59 3.67 6.30 6.89 5.52 7.20 8.26 0.00 2.12 3.84 6.86 9.18 5.37 0.00 0.00 5.32 0.00 0.00 3.24 4.69 5.89 6.49 3.94 4.30 2742897
0.00 2.99 4.90 0.00 8.27 8.25 3.80 0.00 2.61 3.90 6.11 7.03 5.68 7.16 8.29 0.00 2.10 3.78 7.04 8.97 5.32 0.00 0.00 4.84 0.00 2.59 3.31 4.80 5.99 6.50 4.03 4.51 2755987
0.00 3.03 4.98 0.00 8.15 8.26 3.32 5.76 2.56 3.67 6.49 7.23 5.60 7.55 8.50 8.60 2.02 3.74 6.83 9.01 5.93 0.00 0.00 5.28 0.00 2.70 3.23 4.61 5.92 6.58 3.97 4.48 2769077
0.00 3.03 4.92 3.37 8.24 8.24 3.33 0.00 2.65 3.52 6.44 6.99 5.82 7.19 8.51 0.00 2.10 3.67 7.40 9.05 5.40 0.00 0.00 0.00 0.00 2.65 3.20 5.28 6.37 6.53 3.98 4.43 2782167
0.00 3.03 5.09 3.32 8.02 8.24 3.24 5.90 2.64 3.80 6.55 7.16 6.05 7.34 8.17 8.11 2.09 3.91 6.79 9.07 5.41 6.50 0.00 0.00 0.00 2.76 3.17 4.72 6.07 6.58 3.94 4.51 2795257
0.00 2.99 5.60 2.73 8.03 8.25 3.34 0.00 2.72 3.99 6.42 7.23 5.73 4.66 8.11 8.23 2.17 4.18 6.77 9.05 5.48 6.44 0.00 0.00 0.00 2.67 3.14 4.94 6.13 6.68 3.97 4.49 2808347
0.00 3.02 4.92 2.71 8.02 8.24 3.54 3.15 2.36 2.37 6.52 7.15 5.70 7.29 8.12 8.19 2.12 3.59 2.38 9.12 5.45 7.02 0.00 0.00 0.00 2.72 3.29 5.05 6.13 6.53 3.96 4.68 2821437
0.00 2.99 5.00 3.45 8.27 5.61 4.11 5.84 2.84 3.99 6.54 7.13 5.69 5.58 8.07 8.26 2.04 3.61 7.17 9.15 5.38 0.00 0.00 0.00 0.00 2.80 3.17 4.58 6.17 6.48 4.09 4.50 2834527
0.00 3.06 5.17 2.73 8.32 8.24 3.52 6.04 2.68 3.89 6.58 7.61 5.64 7.34 8.00 8.01 2.07 3.53 6.68 9.06 5.61 6.73 0.00 4.76 0.00 2.77 3.26 4.61 5.93 6.64 3.93 4.64 2847617
0.00 2.91 5.14 3.18 8.23 8.24 3.33 0.00 2.79 3.14 6.61 7.30 5.65 2.34 7.90 7.88 2.04 3.58 6.47 9.12 5.54 6.60 0.00 0.00 0.00 2.62 3.31 4.95 6.04 6.57 3.98 4.53 2860707
0.00 2.91 5.11 3.18 8.29 7.89 3.48 6.17 2.32 4.33 6.72 7.25 3.89 3.35 8.01 7.93 2.11 3.37 4.35 9.07 5.52 0.00 4.70 5.02 0.00 2.65 3.27 4.56 6.04 6.66 3.97 4.91 2873797
5.29 3.00 5.07 0.00 8.09 8.24 3.11 5.90 2.87 4.14 6.75 7.31 4.22 4.64 7.76 7.64 2.10 3.66 6.83 9.71 5.36 6.63 7.01 4.85 0.00 2.55 3.14 4.87 5.98 6.57 3.97 4.62 2886887
0.00 3.01 5.01 3.28 7.99 6.75 3.71 5.64 2.69 4.72 6.91 7.30 5.73 7.05 7.41 6.47 2.10 3.52 5.54 9.32 5.39 6.66 0.00 2.22 0.00 2.66 3.10 4.96 6.06 6.53 3.95 4.68 2899977
5.15 3.02 5.03 2.16 8.29 7.12 2.91 6.22 2.83 2.85 6.15 7.44 6.04 4.30 4.70 2.57 2.08 3.73 6.92 9.03 5.59 0.00 5.48 4.87 0.00 2.55 3.18 4.76 5.93 6.70 4.04 4.83 2913067
0.00 2.71 5.10 2.56 6.94 4.13 3.50 2.71 2.91 2.40 7.26 7.67 2.27 5.53 5.96 7.10 2.13 3.66 4.99 9.20 4.30 6.68 7.12 3.71 0.00 2.45 3.26 4.67 3.23 6.55 4.15 4.80 2926157
5.43 2.95 5.15 2.35 0.00 5.49 3.53 4.88 2.95 3.19 6.05 7.31 4.09 2.94 7.21 7.13 2.14 3.66 3.82 9.62 3.40 0.00 0.00 4.87 0.00 2.40 3.30 0.00 5.99 6.77 4.07 4.72 2939247
0.00 2.82 4.79 2.64 7.68 4.53 2.36 5.78 2.76 2.82 5.66 7.43 2.74 2.96 7.20 7.38 2.18 3.65 6.28 9.01 2.79 7.07 3.78 4.58 0.00 2.38 3.18 4.73 5.27 5.80 4.26 4.85 2952337
3.42 2.80 3.68 2.38 0.00 8.19 3.22 3.42 3.16 3.94 6.05 7.92 2.51 2.96 5.97 7.13 2.13 3.49 5.32 4.35 5.87 0.00 2.53 2.50 0.00 2.89 3.24 4.92 3.70 6.56 3.89 4.80 2965427
4.79 2.60 5.06 2.81 7.00 4.65 2.63 3.61 2.64 2.29 7.51 7.41 4.53 2.59 2.41 7.21 2.06 3.33 4.53 9.03 5.12 0.00 3.02 3.49 0.00 2.56 3.10 4.59 5.72 6.62 4.55 4.89 2978517
4.32 2.27 4.91 2.73 6.23 3.82 2.57 5.51 2.62 2.78 7.58 8.02 3.70 3.29 6.53 3.84 2.25 3.40 3.36 9.10 4.70 6.70 3.31 4.41 0.00 2.58 3.11 4.63 5.16 6.61 4.29 5.00 2991607
4.81 2.78 4.99 2.82 4.32 2.55 3.50 5.63 2.83 2.27 6.49 7.70 2.79 3.71 7.45 7.36 2.20 3.72 5.21 9.64 3.68 0.00 5.29 4.04 0.00 2.47 3.28 5.17 6.01 6.65 4.38 5.13 3004697
4.35 2.94 4.29 2.41 7.44 2.99 2.17 2.72 2.16 2.82 7.61 0.00 5.18 2.96 7.48 7.57 2.12 2.49 3.60 9.05 2.69 6.82 5.85 3.34 0.00 2.53 3.14 4.48 4.93 6.53 2.66 5.12 3017787
4.01 2.91 4.83 2.41 8.01 4.44 3.71 4.02 2.58 2.65 7.58 7.59 5.22 3.26 3.30 5.02 2.11 2.63 2.57 0.00 6.16 0.00 2.72 2.52 0.00 2.59 3.08 4.49 5.96 6.58 3.97 5.13 3030877
5.03 2.90 5.20 2.41 5.21 4.41 3.41 3.41 3.65 2.46 6.87 6.12 5.12 4.64 7.63 2.56 2.08 3.63 7.20 9.38 5.92 6.68 2.46 3.38 0.00 2.44 2.87 4.64 3.97 5.78 4.27 5.18 3043967
3.59 3.00 5.10 2.37 7.51 7.94 2.39 4.31 2.72 2.60 5.81 7.66 4.87 5.20 7.51 7.48 2.13 3.86 4.92 9.20 5.73 0.00 4.05 3.17 0.00 2.45 2.99 4.47 5.58 6.69 4.46 5.12 3057057
5.41 2.90 3.16 2.74 7.71 6.67 3.54 5.32 2.58 3.78 7.96 7.84 5.14 5.29 6.13 3.44 2.16 3.59 5.64 9.08 5.61 0.00 5.89 3.94 0.00 2.43 3.36 4.39 5.38 6.71 4.38 5.23 3070147
5.57 2.89 5.03 2.78 7.53 4.06 3.21 5.51 4.12 3.57 7.81 7.67 5.01 3.08 0.00 7.42 2.10 3.72 4.44 9.13 4.42 6.67 4.09 0.00 0.00 2.38 3.21 4.42 5.60 6.73 4.48 5.42 3083237
5.55 2.82 4.57 2.47 7.92 7.70 3.34 5.33 3.49 4.68 7.71 7.63 4.99 6.15 8.21 7.85 2.09 3.76 6.62 8.98 6.19 6.62 3.45 4.43 0.00 2.39 3.40 4.24 4.46 6.59 4.39 5.25 3096327
5.50 2.99 3.16 2.56 7.33 7.73 3.39 4.10 4.19 2.19 7.91 7.48 5.10 2.80 6.44 7.95 2.45 3.62 3.01 9.13 6.18 0.00 4.02 5.37 0.00 2.46 3.18 4.45 6.13 6.66 4.35 5.26 3109417
5.93 3.03 5.10 3.77 7.69 7.67 3.24 5.23 4.16 4.18 7.93 7.62 5.14 4.75 7.68 7.59 2.03 3.81 7.16 9.16 5.61 6.69 0.00 5.45 0.00 3.00 3.17 4.19 6.28 6.69 4.44 5.21 3122507
5.53 2.97 5.01 2.27 7.72 7.59 3.51 5.23 4.11 4.71 7.97 0.00 5.21 6.24 7.55 7.57 2.46 3.75 6.79 8.94 5.75 0.00 3.74 5.18 0.00 0.00 3.13 4.69 6.09 0.00 4.73 5.45 3135597
5.24 2.94 4.87 3.28 7.85 7.82 3.25 5.79 4.30 5.65 7.89 7.69 5.11 6.25 7.63 7.80 2.07 3.51 6.49 8.98 6.37 6.73 0.00 4.48 0.00 2.41 3.02 4.56 5.55 6.61 4.48 5.35 3148687
5.26 3.00 5.03 3.31 7.66 7.75 0.00 5.13 4.20 4.94 7.87 0.00 5.05 6.35 7.62 7.57 2.24 3.61 6.94 9.05 6.05 0.00 0.00 4.74 0.00 2.34 3.12 4.27 6.07 6.86 4.58 5.43 3161777
5.75 2.98 5.12 3.10 7.52 7.65 3.54 5.27 4.30 5.87 7.86 7.62 5.39 6.40 7.51 7.62 2.17 3.84 6.68 9.00 5.97 6.66 0.00 4.73 0.00 2.42 3.02 4.19 6.11 6.63 4.49 5.28 3174867
5.37 3.02 5.87 3.07 7.79 7.64 0.00 5.43 4.20 5.16 7.82 0.00 5.04 6.20 7.85 7.52 2.08 3.60 6.80 8.84 5.94 6.62 0.00 4.57 0.00 2.36 2.98 5.16 6.10 6.77 4.44 5.29 3187957
5.46 2.99 5.14 0.00 7.73 7.71 0.00 5.20 4.20 5.71 8.12 8.26 5.08 7.09 7.53 7.68 2.30 4.18 6.50 9.03 6.72 0.00 0.00 4.17 0.00 2.47 2.98 4.26 6.26 6.64 4.54 5.29 3201047
5.35 2.93 5.13 2.92 7.73 7.71 3.77 5.18 3.72 5.82 7.89 7.66 4.92 6.26 7.42 7.65 2.43 3.64 6.63 9.07 6.32 0.00 0.00 4.50 0.00 2.49 3.13 4.40 6.24 6.70 4.45 5.28 3214137
5.42 2.98 4.99 2.98 7.71 7.68 3.53 5.20 4.20 5.81 7.91 0.00 5.67 6.19 7.50 7.66 2.43 3.64 6.25 9.03 6.21 6.66 0.00 4.90 0.00 2.30 2.99 4.38 6.31 0.00 4.55 5.26 3227227
5.24 2.93 5.23 0.00 7.72 7.68 3.83 5.23 4.40 5.62 8.03 0.00 5.16 6.28 7.63 7.76 2.04 3.61 6.97 9.08 6.10 6.65 0.00 5.21 0.00 2.33 3.19 4.30 6.25 6.98 4.44 5.25 3240317
5.34 3.04 5.09 0.00 7.99 7.69 0.00 5.27 4.29 5.83 7.94 7.86 5.13 6.22 7.49 7.67 2.28 3.69 6.81 9.14 6.01 0.00 0.00 5.62 0.00 2.31 3.00 0.00 6.00 6.65 4.42 5.21 3253407
5.44 3.05 4.89 2.82 7.72 7.70 3.24 5.25 4.39 5.92 8.31 8.25 5.19 6.31 7.50 7.59 2.02 3.64 6.71 9.62 6.14 6.60 0.00 5.33 0.00 2.33 3.08 4.31 6.08 6.89 4.46 5.19 3266497
5.24 3.03 4.92 3.51 7.75 7.70 3.61 5.32 4.40 5.44 7.99 7.69 5.12 6.33 7.45 7.60 2.18 3.98 6.59 8.98 6.07 6.62 0.00 0.00 0.00 2.42 3.10 4.28 6.48 6.65 4.44 5.28 3279587
5.28 3.01 4.92 2.83 7.50 7.69 3.72 5.37 4.31 5.96 8.15 7.73 5.40 6.42 7.47 7.56 2.09 4.18 6.41 9.05 6.01 6.76 0.00 0.00 0.00 2.31 3.03 4.63 6.52 6.64 4.45 5.67 3292677
5.29 3.06 5.00 3.05 7.51 7.69 0.00 5.53 4.38 5.85 7.83 7.76 5.35 7.10 7.59 7.61 2.13 3.70 6.66 9.16 0.00 6.78 0.00 4.93 0.00 2.38 3.04 4.58 6.15 6.62 4.42 5.19 3305767
5.55 2.90 5.18 0.00 7.69 7.69 0.00 5.29 4.37 5.81 7.86 7.74 5.21 6.51 0.00 0.00 2.11 3.75 6.67 8.87 0.00 6.64 0.00 5.73 0.00 2.29 3.08 4.59 6.04 6.60 4.41 5.21 3318857
5.35 2.88 4.89 0.00 7.73 7.69 0.00 5.25 4.27 5.77 7.81 7.82 5.09 6.37 0.00 0.00 2.11 3.91 6.70 9.06 0.00 6.74 0.00 5.63 0.00 2.46 3.15 5.03 6.01 0.00 4.43 5.35 3331947
0.00 2.89 4.92 3.10 7.71 7.69 0.00 5.25 4.47 5.71 7.92 7.71 5.35 6.41 7.55 7.73 2.08 3.77 6.56 8.92 5.87 0.00 0.00 4.53 0.00 2.36 3.20 0.00 6.16 6.72 4.45 5.20 3345037
5.20 2.87 4.99 0.00 7.71 7.69 0.00 5.27 4.25 5.75 8.02 0.00 5.13 6.37 0.00 0.00 2.28 3.80 6.50 8.96 6.02 6.60 0.00 0.00 0.00 2.76 3.04 4.53 6.27 6.68 4.46 5.37 3358127
0.00 3.00 4.90 0.00 7.69 7.68 0.00 5.28 4.23 5.60 7.81 7.69 5.41 6.37 7.78 8.01 2.16 3.64 6.69 8.99 6.31 6.65 0.00 5.15 0.00 2.46 3.25 4.47 6.10 6.60 4.55 5.33 3371217
5.28 2.98 5.02 0.00 7.70 7.70 3.72 5.23 4.33 5.68 8.27 0.00 5.20 6.40 7.59 7.81 2.01 3.77 6.78 9.03 0.00 0.00 0.00 0.00 0.00 2.35 3.06 4.73 6.04 6.80 4.68 0.00 3384307
5.39 2.88 5.00 3.30 7.75 7.70 0.00 5.24 4.28 5.79 7.88 0.00 5.28 6.37 7.56 7.80 2.01 3.68 6.95 9.48 6.15 6.66 0.00 4.99 0.00 2.34 3.09 5.19 6.71 6.63 4.43 5.23 3397397
5.28 2.98 5.08 3.16 7.71 7.65 0.00 5.11 4.42 5.88 8.21 7.92 5.18 6.42 7.56 8.18 2.59 4.07 6.87 9.02 6.16 6.61 0.00 4.43 0.00 2.30 3.15 4.91 6.48 6.59 4.54 5.31 3410487
5.25 3.01 4.94 2.97 7.70 7.69 0.00 4.92 4.33 5.77 7.91 7.66 5.67 6.39 7.50 7.92 2.03 3.80 6.85 9.03 0.00 0.00 0.00 4.84 0.00 2.37 3.16 0.00 6.07 6.60 4.46 5.31 3423577
5.17 3.01 5.19 3.00 7.44 7.71 4.16 4.94 4.69 6.03 7.92 0.00 5.26 6.44 7.45 7.89 2.16 3.69 6.64 9.06 6.42 6.62 0.00 4.44 0.00 2.33 3.08 4.57 6.05 6.72 4.46 5.26 3436667
5.21 3.01 5.06 2.87 7.42 7.70 0.00 4.92 4.42 5.27 8.03 7.85 5.32 6.63 7.91 7.74 2.10 3.65 6.76 8.93 6.15 6.71 0.00 4.82 0.00 2.36 3.05 4.28 6.07 6.67 4.64 5.28 3449757
4.98 3.00 4.91 3.25 7.38 7.66 3.29 5.16 4.46 6.08 7.86 0.00 5.35 6.47 7.66 7.79 2.08 3.66 6.63 9.11 6.35 0.00 0.00 5.30 0.00 2.33 3.02 4.11 5.98 6.71 4.45 5.32 3462847
4.91 3.03 5.17 0.00 7.26 7.70 3.56 4.57 4.48 6.05 8.05 8.20 5.58 6.54 7.57 7.83 2.33 3.68 6.92 8.88 6.35 0.00 0.00 5.41 0.00 2.64 3.10 4.51 6.13 6.74 4.57 5.35 3475937
4.90 3.00 5.11 2.43 7.31 7.67 3.71 4.20 4.39 6.10 8.03 0.00 5.56 6.58 7.71 7.78 2.23 3.68 6.49 9.08 0.00 6.69 0.00 4.60 0.00 2.98 3.08 4.75 6.10 6.66 4.80 5.24 3489027
4.71 3.01 4.98 2.76 7.81 7.65 3.23 4.51 4.39 6.15 8.25 7.89 5.10 6.46 7.52 0.00 2.02 3.63 7.21 9.08 6.35 6.59 0.00 4.57 0.00 2.33 3.07 4.86 6.10 6.71 4.67 5.38 3502117
4.66 2.95 4.99 2.24 6.80 7.23 3.79 4.33 2.30 2.52 8.38 7.79 5.66 6.43 7.65 7.96 2.04 3.66 6.58 9.34 5.56 6.70 0.00 4.68 0.00 2.53 3.27 4.53 6.11 6.75 4.59 5.33 3515207
4.40 3.05 5.05 2.75 6.75 7.28 0.00 4.19 2.81 4.60 8.11 7.86 5.97 4.64 7.52 0.00 2.17 3.81 6.25 9.20 6.44 7.07 5.19 5.13 0.00 2.46 3.13 4.40 3.26 6.86 4.59 5.31 3528297
4.06 3.04 5.07 2.95 6.86 7.44 3.33 3.84 4.37 2.94 8.25 7.91 5.73 5.94 7.47 7.99 2.15 4.02 2.46 9.03 6.29 6.59 5.33 4.63 0.00 2.48 3.27 4.49 6.09 6.89 4.66 5.57 3541387
4.33 2.91 5.12 2.86 6.83 6.79 3.44 3.70 4.30 3.30 8.08 8.01 6.12 4.19 7.62 7.92 2.03 3.93 7.03 8.38 0.00 0.00 3.02 5.57 0.00 2.56 3.21 4.83 6.20 6.99 4.62 5.28 3554477
4.46 3.02 5.06 3.08 7.28 6.73 3.41 3.73 3.73 3.70 8.16 7.99 6.02 6.28 7.85 8.21 2.20 3.90 6.79 8.69 5.32 0.00 2.99 4.65 0.00 2.51 3.27 5.18 6.25 6.94 4.66 5.46 3567567
4.10 2.97 5.08 2.78 6.72 6.19 3.27 3.65 2.96 4.82 8.28 0.00 5.79 5.48 8.10 8.17 2.06 3.58 5.73 8.44 4.41 0.00 5.50 0.00 0.00 2.50 3.22 4.89 6.29 6.78 4.68 5.49 3580657
3.69 3.01 4.98 2.33 6.72 6.65 3.24 3.69 3.67 3.92 8.24 0.00 6.20 5.61 7.79 8.21 2.05 3.78 2.46 8.23 6.15 0.00 2.80 4.46 0.00 2.66 3.36 4.80 5.48 6.89 4.64 5.32 3593747
3.63 2.98 5.12 0.00 6.70 6.70 3.03 3.44 4.28 6.04 7.18 0.00 5.83 6.65 5.34 8.31 2.13 3.24 5.36 9.05 6.16 6.35 3.29 0.00 0.00 2.54 3.32 5.27 6.37 6.84 4.79 5.35 3606837
4.18 3.11 5.14 3.10 6.28 6.67 2.96 3.36 4.67 5.29 8.22 0.00 6.10 6.67 7.98 0.00 2.09 3.67 6.68 8.33 6.30 6.43 0.00 4.77 0.00 2.66 3.29 5.15 6.33 6.88 4.75 5.44 3619927
3.82 3.05 5.04 0.00 6.23 6.19 3.23 3.28 4.95 3.71 8.25 7.93 6.06 6.14 7.95 0.00 2.11 4.06 6.66 8.21 6.25 6.41 4.39 4.39 0.00 2.73 3.33 4.99 6.45 6.99 4.72 5.49 3633017
3.45 3.00 4.92 3.29 6.08 6.54 3.36 3.34 4.83 6.42 8.21 0.00 0.00 6.73 8.22 0.00 2.10 3.86 6.69 8.46 6.28 0.00 3.28 5.26 0.00 2.79 3.38 4.95 6.49 7.27 4.76 5.37 3646107
3.52 2.92 5.69 2.75 6.00 6.30 2.92 3.34 4.95 5.58 8.22 0.00 6.64 6.87 7.86 8.28 2.01 3.72 6.50 8.94 6.18 6.32 0.00 5.09 0.00 2.73 3.40 4.98 6.64 6.95 4.87 5.33 3659197
3.36 3.06 5.27 0.00 5.94 6.32 2.93 3.27 5.08 6.16 8.20 0.00 6.13 6.91 7.68 0.00 2.05 3.85 6.41 8.56 6.42 6.11 0.00 4.46 0.00 3.47 3.46 5.23 6.53 6.94 4.70 5.37 3672287
3.35 2.90 5.21 2.81 6.15 6.51 2.98 3.32 5.09 6.39 8.19 0.00 6.36 6.86 7.62 3.76 2.05 3.83 6.44 8.27 6.35 6.55 0.00 4.18 0.00 2.78 3.43 5.16 6.54 6.94 4.77 5.64 3685377
3.37 2.81 5.21 2.78 6.20 6.37 3.08 3.46 4.91 6.38 8.20 0.00 6.35 6.77 7.77 8.46 2.18 3.87 6.70 8.52 6.19 6.31 0.00 4.31 0.00 3.46 3.44 5.67 6.58 6.90 4.76 5.54 3698467
3.25 2.85 5.23 0.00 6.01 6.48 2.96 3.41 5.15 6.25 8.23 0.00 6.18 6.77 7.57 0.00 2.07 4.28 6.80 8.30 0.00 0.00 0.00 4.85 0.00 3.15 3.45 5.38 6.72 7.46 4.74 5.50 3711557
3.25 2.87 5.08 2.66 6.03 6.31 2.88 3.46 5.05 6.34 8.20 0.00 6.58 6.81 7.61 0.00 3.13 3.70 6.95 8.28 6.18 6.57 0.00 4.46 0.00 3.13 3.45 5.43 6.56 0.00 4.78 5.48 3724647
3.23 2.97 5.10 2.87 6.15 6.33 2.96 3.42 5.27 6.17 8.21 8.23 0.00 6.87 7.64 0.00 2.03 3.79 6.72 9.51 6.27 6.24 0.00 5.39 0.00 2.87 3.43 5.26 6.55 7.00 4.78 5.46 3737737
3.28 2.79 4.93 0.00 5.90 6.35 2.94 3.31 5.27 6.19 8.25 0.00 0.00 6.86 7.78 8.25 2.03 3.93 6.93 0.00 0.00 0.00 0.00 5.09 0.00 2.86 3.38 5.46 6.72 7.15 4.73 5.49 3750827
3.40 2.79 5.12 3.25 6.38 6.41 2.98 3.27 5.18 6.20 8.21 0.00 0.00 6.80 7.48 0.00 2.01 4.11 6.69 8.28 6.22 6.64 0.00 4.48 0.00 2.95 3.45 5.22 6.57 6.97 4.83 5.41 3763917
3.10 2.95 5.13 0.00 6.11 6.51 2.87 3.20 5.25 6.22 8.22 0.00 0.00 6.79 7.53 8.67 2.01 3.88 6.75 0.00 6.39 6.61 0.00 0.00 0.00 3.63 3.43 5.65 6.65 7.00 4.78 5.52 3777007
3.10 2.93 5.02 2.77 5.80 6.30 3.03 3.23 0.00 6.32 8.21 0.00 6.73 6.90 7.46 0.00 2.57 3.73 6.63 8.47 6.36 6.66 0.00 4.73 0.00 3.46 3.33 5.59 6.58 6.96 4.83 5.42 3790097
3.02 2.77 4.93 0.00 5.82 6.31 2.95 3.29 5.42 6.31 8.22 0.00 6.37 6.90 7.61 8.25 2.02 3.76 6.88 8.49 0.00 6.66 0.00 0.00 0.00 0.00 3.28 5.15 6.70 6.97 4.79 5.41 3803187
3.05 2.80 4.91 0.00 6.34 6.21 3.04 3.30 5.23 6.11 8.24 0.00 6.43 6.81 7.59 8.28 2.06 3.75 0.00 8.27 6.28 6.64 0.00 4.88 0.00 2.87 3.54 5.68 6.64 7.53 4.81 5.42 3816277
3.34 2.81 4.95 3.04 5.97 6.05 2.88 3.25 5.12 6.11 8.21 0.00 0.00 6.78 7.57 0.00 2.01 3.81 6.83 9.20 0.00 6.13 0.00 5.14 0.00 0.00 3.31 5.67 6.68 7.17 4.83 5.39 3829367
3.32 2.91 5.05 3.23 6.28 6.26 2.87 3.20 5.19 6.41 8.21 0.00 6.42 6.83 7.54 0.00 3.07 3.81 6.55 8.54 6.36 6.44 0.00 0.00 0.00 0.00 3.24 5.31 6.60 7.05 4.84 5.44 3842457
3.17 2.80 5.01 0.00 5.93 6.11 2.89 3.16 5.15 6.33 8.22 0.00 6.80 6.82 0.00 0.00 2.03 3.83 6.65 9.46 0.00 0.00 0.00 0.00 0.00 3.01 3.27 5.47 0.00 7.07 4.85 5.43 3855547
3.01 2.80 5.07 3.18 6.12 6.04 2.90 3.35 5.20 6.30 8.21 0.00 0.00 6.83 7.53 8.44 2.02 3.74 6.75 8.34 0.00 0.00 0.00 0.00 0.00 0.00 3.25 0.00 6.68 7.05 4.83 5.41 3868637
2.97 2.81 4.93 3.46 6.15 6.07 2.98 3.38 5.20 6.33 8.21 0.00 6.68 6.99 7.52 0.00 2.04 3.76 6.63 8.36 0.00 0.00 0.00 0.00 0.00 2.93 3.34 5.38 6.93 7.20 4.93 5.46 3881727
3.07 2.80 4.92 3.45 6.07 5.99 2.87 3.09 5.16 6.36 8.22 0.00 6.48 6.99 7.54 0.00 2.03 3.75 6.79 8.45 0.00 0.00 0.00 0.00 0.00 3.02 3.24 5.04 6.66 6.99 4.81 5.65 3894817
3.35 2.82 4.98 0.00 5.99 5.99 2.87 3.14 5.20 6.64 8.21 0.00 6.48 6.81 7.55 0.00 2.24 3.81 6.70 8.35 0.00 0.00 0.00 0.00 0.00 0.00 3.26 5.04 6.71 7.12 4.84 0.00 3907907
3.30 2.82 4.88 3.19 6.02 5.98 2.86 3.14 5.30 6.56 8.22 0.00 6.57 6.78 7.76 0.00 2.02 3.70 6.81 8.82 0.00 0.00 0.00 0.00 0.00 3.01 3.20 0.00 6.72 7.04 4.83 5.38 3920997
3.11 2.81 5.38 0.00 5.77 6.07 2.85 0.00 5.31 6.65 8.21 0.00 6.51 6.84 7.68 8.48 2.03 3.75 6.86 8.26 6.42 0.00 0.00 0.00 0.00 3.01 3.31 5.64 6.75 7.05 4.84 5.44 3934087
3.55 2.80 5.35 3.02 5.74 6.22 2.85 3.34 5.19 6.41 8.21 0.00 6.34 6.80 7.62 0.00 2.02 3.86 6.79 8.67 6.53 6.13 0.00 5.86 0.00 0.00 3.31 5.61 6.71 7.13 4.83 0.00 3947177
3.05 2.79 5.16 2.93 5.81 6.21 2.84 3.25 5.52 6.49 8.21 0.00 6.50 6.84 7.89 0.00 2.03 3.91 6.86 9.09 6.36 6.39 0.00 0.00 0.00 0.00 3.21 5.26 6.65 7.45 4.84 5.57 3960267
3.01 2.79 5.10 2.97 5.96 6.03 2.86 3.12 5.21 6.51 8.22 0.00 6.44 6.79 7.62 0.00 2.04 3.86 6.71 8.51 6.24 0.00 0.00 0.00 0.00 0.00 3.24 5.12 6.69 7.10 4.83 5.62 3973357
2.95 2.78 5.18 3.11 5.80 6.11 2.87 3.30 5.07 6.46 8.22 0.00 6.43 6.83 7.59 0.00 2.06 3.88 7.35 8.86 6.43 0.00 0.00 0.00 0.00 3.00 3.26 5.59 6.66 7.16 4.84 5.43 3986447
3.05 2.79 4.91 2.79 6.09 6.07 2.90 3.08 5.23 6.49 8.22 0.00 6.55 6.78 7.56 0.00 2.04 3.78 6.91 8.29 6.45 6.10 0.00 0.00 0.00 3.03 3.23 0.00 6.75 7.05 4.89 5.46 3999537
3.15 2.77 4.97 2.96 5.81 6.00 2.91 3.30 5.19 6.49 8.22 0.00 0.00 6.90 8.12 8.51 2.04 3.81 6.80 9.00 6.21 6.47 0.00 0.00 0.00 3.02 3.29 5.04 6.59 0.00 4.82 5.42 4012627
3.02 0.00 4.99 2.98 5.92 6.18 2.84 3.14 0.00 6.40 8.20 0.00 6.50 7.07 7.58 0.00 2.02 3.96 6.74 8.67 6.39 6.22 0.00 0.00 0.00 3.01 3.21 5.34 6.66 7.37 4.79 5.40 4025717
2.96 2.84 5.06 2.83 5.65 6.09 2.83 3.24 5.40 6.42 8.21 0.00 0.00 7.38 7.56 8.22 2.03 4.07 6.82 8.45 6.18 0.00 0.00 0.00 0.00 3.01 3.22 0.00 6.57 6.98 5.09 0.00 4038807
3.23 2.95 5.03 2.99 5.81 6.16 2.85 3.17 5.19 6.43 8.19 0.00 6.53 6.79 7.78 8.80 2.15 3.67 6.89 8.81 6.24 6.20 0.00 0.00 0.00 0.00 3.23 5.33 6.83 7.03 4.86 6.07 4051897
3.27 2.86 4.98 3.02 6.35 6.12 2.90 3.29 5.30 6.56 8.20 0.00 6.25 6.82 7.42 0.00 2.37 3.92 7.05 8.46 6.21 6.21 0.00 0.00 0.00 2.84 3.31 5.17 6.60 7.12 4.74 5.47 4064987
3.07 3.26 5.10 2.83 5.93 6.22 2.92 3.20 5.18 6.30 8.20 0.00 6.48 6.90 7.50 0.00 2.12 3.79 6.89 8.66 6.44 5.81 0.00 5.16 0.00 3.31 3.22 5.26 6.72 7.13 4.91 5.46 4078077
2.99 2.87 5.12 2.94 6.00 6.13 2.97 3.17 5.19 5.70 8.21 0.00 0.00 6.73 7.69 0.00 2.09 3.80 6.83 8.82 6.25 6.03 0.00 5.25 0.00 3.42 3.28 5.49 6.65 7.01 4.73 5.59 4091167
3.15 3.27 4.82 2.91 5.98 6.05 2.82 3.35 0.00 6.51 8.22 0.00 0.00 6.41 7.51 0.00 2.25 3.65 6.86 8.63 6.25 5.65 0.00 4.79 0.00 2.90 3.20 5.36 6.70 7.02 4.79 5.47 4104257
3.18 2.89 5.55 3.02 6.00 6.08 3.00 3.25 5.00 6.52 8.21 0.00 0.00 6.75 7.93 8.49 2.09 4.23 7.01 8.56 6.43 0.00 0.00 4.59 0.00 2.85 3.24 5.76 6.73 7.06 4.96 5.41 4117347
3.13 3.12 5.12 2.82 5.69 5.69 2.92 3.26 5.32 6.56 8.14 0.00 0.00 5.43 7.44 8.58 0.00 3.72 6.85 8.48 6.19 6.31 0.00 4.69 0.00 2.90 3.17 5.83 6.73 7.11 4.83 5.64 4130437
3.15 2.80 5.24 3.19 5.56 5.78 2.81 3.37 5.14 6.36 8.21 7.89 6.69 5.77 7.73 0.00 2.04 3.90 6.80 8.80 0.00 5.71 7.18 5.16 0.00 2.93 3.19 5.30 6.72 7.14 4.93 5.58 4143527
3.22 2.99 5.05 0.00 5.52 5.70 2.92 3.41 0.00 6.63 8.24 0.00 0.00 6.05 8.05 8.19 2.08 4.01 0.00 9.05 6.05 6.16 0.00 4.11 0.00 3.00 3.26 5.62 6.90 6.74 4.97 5.54 4156617
3.32 2.92 5.19 3.76 5.37 5.65 2.87 3.25 5.35 5.86 8.14 0.00 6.09 6.70 7.49 7.59 2.08 3.83 7.35 9.27 5.99 0.00 0.00 5.65 0.00 3.11 3.16 6.43 6.59 7.06 4.94 5.48 4169707
3.18 2.81 5.15 3.02 5.19 4.19 2.93 3.22 4.26 3.29 8.17 0.00 6.06 4.22 7.16 7.67 2.12 3.89 7.02 8.97 6.06 5.71 0.00 5.73 0.00 2.96 3.05 0.00 6.87 7.32 4.92 5.44 4182797
3.36 2.83 4.90 2.74 4.87 4.66 2.87 3.33 3.89 2.47 6.97 0.00 6.38 4.84 5.42 7.96 2.10 3.60 6.38 8.82 6.27 5.86 3.10 4.74 0.00 2.91 3.15 0.00 6.89 6.92 4.86 5.44 4195887
3.47 2.83 5.15 3.03 5.08 3.27 2.81 3.32 5.29 2.91 7.96 0.00 2.49 3.55 6.37 6.22 2.12 3.95 6.47 9.53 5.20 5.87 3.50 2.36 0.00 2.88 3.17 0.00 6.29 7.33 5.07 5.64 4208977
3.37 2.92 5.15 2.79 4.87 4.60 2.90 3.57 4.45 2.77 4.78 0.00 4.03 2.25 5.28 7.23 2.06 3.96 3.03 8.96 4.25 5.43 2.72 5.41 0.00 2.83 3.25 0.00 5.90 3.08 3.64 5.86 4222067
3.42 2.93 5.15 2.70 4.47 4.22 3.02 3.73 3.20 3.03 7.95 0.00 4.78 4.78 5.52 5.49 2.19 3.05 5.95 7.34 4.95 6.01 2.77 2.09 0.00 2.60 3.48 0.00 2.47 4.78 3.16 5.37 4235157
3.44 2.86 2.98 2.88 3.65 3.70 3.36 3.66 3.52 3.03 5.46 4.51 4.61 3.96 5.56 6.25 2.84 4.44 4.30 2.68 3.18 0.00 2.51 3.26 0.00 2.98 3.57 0.00 7.17 5.08 3.57 5.59 4248247
3.20 2.82 4.52 2.61 4.38 2.60 3.13 3.06 3.15 2.65 3.21 0.00 4.49 3.18 5.59 5.19 2.34 3.98 3.33 5.88 3.88 5.39 2.26 2.69 0.00 3.21 3.72 3.10 4.58 4.98 3.90 5.54 4261337
3.71 2.88 4.45 2.52 4.39 3.94 3.22 3.31 2.84 5.09 7.92 5.27 4.47 2.90 5.80 4.03 2.43 4.05 4.93 2.78 4.54 3.28 2.57 0.00 0.00 3.53 3.22 0.00 6.00 4.05 3.47 5.76 4274427
4.00 2.56 4.66 2.65 4.37 2.37 3.17 3.95 3.01 2.19 2.33 3.78 4.88 2.30 5.48 5.38 2.22 2.56 3.49 2.94 3.10 5.53 2.71 2.06 0.00 3.07 4.43 0.00 2.55 3.12 4.22 5.53 4287517
3.63 2.72 4.20 2.71 4.63 2.23 2.61 2.75 2.41 2.32 2.51 7.32 4.10 2.79 3.81 2.44 2.19 4.06 3.22 2.32 3.61 5.49 3.21 2.56 0.00 3.59 4.27 0.00 2.44 5.01 2.31 2.66 4300607
3.65 2.92 2.89 2.22 2.79 2.93 3.17 4.36 2.18 2.41 2.51 2.67 2.43 2.59 4.53 2.07 2.38 3.25 4.40 2.24 3.21 0.00 2.68 3.43 0.00 3.21 3.52 2.72 2.84 2.31 2.32 3.97 4313697
3.34 2.38 2.52 3.09 3.28 3.08 3.35 3.24 2.20 2.21 2.11 4.08 5.26 3.10 4.68 0.00 2.05 2.76 2.56 2.11 2.38 3.74 3.24 2.45 0.00 2.08 3.12 0.00 2.18 3.64 2.37 0.00 4326787
4.05 2.56 2.32 2.42 2.72 3.43 3.19 3.43 2.57 2.32 4.64 3.51 3.30 2.64 2.13 3.10 2.14 3.48 2.44 2.45 2.56 5.51 2.68 2.19 0.00 3.91 3.25 2.42 3.33 2.77 2.66 3.45 4339877
3.59 2.31 3.19 2.20 2.98 3.53 2.37 4.07 2.51 2.69 2.83 2.86 2.54 2.44 7.13 3.22 2.10 2.81 2.91 2.72 3.57 0.00 2.62 2.39 0.00 3.85 3.42 2.83 3.73 2.35 3.12 5.15 4352967
2.42 2.39 3.34 2.47 4.61 2.24 3.41 2.31 2.43 2.59 2.62 2.52 2.42 2.65 3.14 2.19 2.15 3.95 2.25 3.06 2.64 4.56 2.34 2.25 0.00 4.14 3.38 0.00 2.88 3.51 2.83 2.95 4366057
3.10 2.64 2.51 2.28 2.84 3.98 2.83 2.33 2.26 2.33 3.59 2.28 2.61 3.08 4.79 3.45 2.18 3.23 3.71 5.83 2.21 2.31 2.36 2.41 0.00 3.34 2.33 2.19 2.47 3.42 2.72 4.21 4379147
2.77 2.72 2.30 2.19 2.74 3.11 3.28 3.66 2.72 5.20 3.71 2.13 2.71 2.71 2.72 2.25 2.27 2.64 4.07 2.91 3.36 0.00 2.41 2.76 0.00 3.87 3.12 0.00 2.52 4.60 2.80 3.71 4392237
3.19 2.59 2.28 2.36 2.53 2.56 2.58 3.94 2.10 2.55 2.39 3.01 4.02 3.08 3.27 2.43 2.19 2.36 2.32 2.84 2.29 0.00 2.43 2.42 0.00 3.40 3.02 0.00 4.62 2.82 3.40 3.20 4405327
2.84 2.64 3.58 2.13 4.51 3.20 2.59 2.31 2.51 2.17 2.34 2.37 2.59 2.65 4.44 4.19 2.46 2.42 2.78 2.42 4.53 5.69 3.78 2.13 0.00 3.64 4.06 3.16 2.90 4.41 2.31 2.20 4418417
3.37 2.56 4.74 2.28 3.13 2.19 2.30 2.81 2.49 2.62 3.16 2.63 4.87 3.01 6.23 5.27 2.10 3.46 3.41 3.65 3.53 0.00 2.93 0.00 0.00 3.45 4.12 2.38 2.91 6.05 2.99 4.86 4431507
3.59 2.19 3.59 2.49 4.04 3.36 3.40 2.87 2.21 3.07 2.32 2.54 3.39 2.42 4.68 4.97 2.16 3.80 2.26 3.08 2.52 5.64 2.63 2.20 0.00 3.58 2.21 0.00 5.14 2.93 2.55 3.36 4444597
4.27 2.83 3.46 2.33 2.54 2.45 3.16 3.08 2.36 2.41 2.89 2.04 3.45 2.86 6.76 2.83 2.11 3.79 3.27 3.48 4.16 5.51 2.64 4.24 0.00 3.55 3.00 0.00 2.54 3.60 2.63 0.00 4457687
3.84 2.75 3.96 2.61 2.18 2.55 2.68 3.14 2.31 2.50 2.20 3.46 4.56 3.54 6.86 3.88 2.15 4.00 3.26 2.28 2.41 0.00 3.65 2.79 0.00 3.68 4.15 2.28 2.34 2.30 2.26 6.10 4470777
4.15 2.43 4.52 2.67 4.39 3.99 2.37 3.26 3.59 2.38 3.38 2.95 4.32 2.55 7.13 4.26 2.33 2.50 2.76 9.28 3.39 0.00 2.27 3.23 0.00 3.52 2.45 0.00 4.10 5.78 3.67 3.85 4483867
4.21 2.52 4.44 2.69 4.72 2.52 3.04 4.78 4.36 2.26 6.65 4.77 3.18 2.42 6.43 3.03 2.13 3.63 4.64 9.03 3.86 5.72 3.61 2.37 0.00 3.36 4.50 2.58 3.61 5.65 4.44 2.63 4496957
4.07 2.44 4.57 2.14 2.20 2.33 2.96 4.34 2.16 3.49 5.99 4.80 4.63 3.07 6.88 6.61 2.19 3.29 3.56 9.23 2.81 0.00 2.87 2.39 0.00 3.30 3.97 2.06 3.09 4.15 3.65 0.00 4510047
4.30 2.43 4.55 2.67 5.45 2.51 2.71 4.52 2.89 2.63 6.35 5.08 4.49 2.56 6.75 6.71 2.08 3.38 6.96 4.55 4.31 5.60 3.90 4.78 0.00 3.59 2.75 5.26 4.40 4.08 4.91 6.07 4523137
4.24 2.98 4.31 2.69 3.36 3.08 3.25 4.85 2.46 2.62 6.57 4.56 4.59 2.41 6.21 4.29 2.14 3.01 3.66 9.35 3.40 0.00 3.04 3.11 0.00 0.00 2.94 2.35 2.82 6.04 3.97 4.91 4536227
3.87 2.75 4.47 2.29 5.50 2.61 3.17 2.29 4.48 3.54 8.36 7.34 4.22 3.06 6.90 6.64 2.34 3.69 4.70 9.17 4.66 0.00 3.11 2.59 0.00 3.69 3.38 0.00 3.09 3.77 2.79 0.00 4549317
4.04 3.00 4.38 3.12 4.67 3.35 3.28 4.20 4.24 2.37 3.16 6.86 4.68 2.27 7.00 6.69 2.17 3.58 6.51 9.02 4.65 0.00 4.01 2.23 0.00 3.16 4.65 5.34 5.15 4.99 5.69 0.00 4562407
4.20 2.82 4.51 2.42 5.59 3.37 2.57 4.58 4.68 3.35 8.14 6.19 4.81 3.90 6.95 6.70 2.07 3.66 3.97 9.03 4.08 5.75 2.20 2.68 0.00 3.32 4.81 0.00 3.32 4.07 6.26 5.97 4575497
4.12 3.01 4.40 3.06 5.35 4.29 3.19 4.45 4.63 3.20 7.06 6.94 4.88 3.62 6.87 6.70 2.08 3.56 2.57 8.93 4.24 6.01 2.44 2.71 0.00 3.27 4.34 4.65 4.53 6.09 4.24 5.97 4588587
3.86 2.96 4.42 2.97 5.65 4.98 3.64 4.58 3.91 3.14 8.20 6.77 4.59 5.57 6.83 6.65 2.10 3.28 3.29 0.00 3.06 5.70 2.85 4.79 0.00 3.29 4.60 0.00 3.37 6.07 6.30 5.93 4601677
4.81 2.90 4.66 2.45 5.65 5.18 3.73 3.27 4.67 3.76 8.20 6.90 4.67 4.21 6.80 6.07 2.13 3.45 3.46 9.04 4.63 5.69 0.00 0.00 0.00 2.94 2.86 4.40 4.97 4.63 5.88 5.92 4614767
4.04 2.71 5.16 2.60 5.41 5.24 3.12 4.52 4.66 2.42 4.94 6.71 5.00 3.39 7.36 6.72 2.15 2.60 6.75 6.57 3.73 5.82 0.00 5.34 0.00 3.22 4.63 4.15 4.96 5.99 6.44 6.24 4627857
3.91 2.94 4.55 2.33 5.53 4.42 2.97 4.19 4.75 2.73 8.19 0.00 4.62 5.72 6.87 6.80 2.06 3.53 6.75 8.89 4.29 0.00 2.85 3.10 0.00 3.05 4.44 4.04 4.16 4.17 5.16 6.10 4640947
3.73 2.84 4.62 3.32 5.48 5.44 2.39 4.58 5.19 5.06 8.37 6.58 4.62 5.71 6.84 6.72 2.15 3.40 4.30 9.01 3.90 5.84 4.27 3.38 0.00 3.08 4.45 3.91 4.89 5.83 6.53 5.92 4654037
3.54 3.03 4.89 2.82 5.57 5.40 3.62 4.78 3.94 4.16 8.13 6.57 4.65 5.04 6.82 6.69 2.16 3.93 0.00 9.34 4.36 5.83 2.87 4.18 0.00 3.41 4.24 4.22 4.38 5.85 6.47 5.91 4667127
3.82 2.97 4.78 2.35 5.61 5.49 3.36 4.17 3.17 4.16 8.10 6.79 4.89 5.65 6.85 6.68 2.20 3.46 6.43 9.43 4.15 0.00 5.18 4.44 0.00 3.12 3.48 4.08 2.84 5.83 4.95 6.47 4680217
3.48 2.83 4.54 3.13 5.65 4.09 2.73 4.45 5.22 5.16 8.09 6.48 4.69 5.68 6.82 6.65 2.19 3.52 6.71 9.10 3.96 5.76 5.02 4.69 0.00 2.87 3.84 4.05 4.98 5.98 6.51 5.97 4693307
3.50 3.02 4.18 2.25 5.76 4.86 3.40 2.69 5.14 3.53 8.14 6.53 4.80 6.06 3.12 6.69 2.11 3.64 4.97 9.06 4.47 5.81 2.37 4.25 0.00 2.85 4.04 4.12 5.05 5.80 6.03 6.03 4706397
3.60 2.91 4.65 3.20 5.85 5.47 3.30 4.77 4.97 2.63 8.04 6.65 4.74 3.27 6.90 6.74 2.13 3.61 6.82 9.07 2.68 0.00 3.39 5.73 0.00 3.04 3.98 4.00 5.11 5.62 7.01 0.00 4719487
3.59 3.05 4.02 3.25 5.93 2.51 3.35 4.61 5.22 2.88 8.08 6.60 4.62 5.29 6.83 6.71 2.13 3.50 6.05 8.88 4.67 5.95 2.71 4.50 0.00 2.98 4.10 4.18 5.13 5.83 6.77 5.75 4732577
3.71 2.98 3.74 2.47 5.91 5.63 3.07 4.57 3.01 7.05 8.40 7.14 4.68 5.63 6.94 6.81 2.12 3.73 6.67 9.14 4.46 6.09 0.00 2.49 0.00 2.90 2.82 4.26 5.06 4.80 5.48 6.09 4745667
3.62 3.00 4.03 2.50 4.57 5.60 3.30 4.62 5.25 3.17 7.67 6.56 4.80 5.49 6.75 5.91 2.19 3.66 6.30 9.03 4.68 5.98 5.33 4.67 0.00 2.96 4.09 4.27 4.13 5.79 6.05 6.18 4758757
3.85 3.02 4.13 3.19 5.87 5.25 2.91 4.55 4.06 2.53 7.99 6.77 4.76 5.12 6.80 7.01 2.30 3.86 3.09 8.92 4.63 0.00 3.23 0.00 0.00 3.09 4.19 4.47 5.22 5.93 5.90 6.28 4771847
3.77 3.01 4.13 0.00 6.03 4.09 3.26 3.73 3.80 3.44 7.48 6.83 5.23 5.87 6.78 6.82 2.07 3.57 6.77 9.10 4.68 5.99 3.92 4.25 0.00 2.96 4.18 4.26 4.00 5.79 4.41 2.89 4784937
3.85 3.06 4.57 2.78 5.49 5.92 3.30 2.09 4.66 2.88 6.67 6.43 4.48 2.91 6.71 6.70 2.19 3.63 7.30 9.13 4.32 6.56 6.84 4.24 0.00 3.06 4.14 4.80 4.72 5.86 5.83 6.57 4798027
3.97 2.85 5.06 2.84 6.04 4.90 2.79 4.65 3.56 3.10 7.97 6.45 4.25 2.82 6.82 6.61 2.11 3.86 5.13 9.15 4.30 6.34 0.00 2.99 0.00 2.99 4.06 4.53 5.18 5.89 7.11 6.58 4811117
4.08 2.91 4.99 2.72 6.12 5.98 3.37 4.83 2.67 3.86 8.06 5.26 5.01 4.95 6.92 6.68 2.13 3.16 5.59 9.01 3.93 0.00 7.03 4.55 0.00 3.32 4.15 5.09 5.19 5.90 6.61 6.48 4824207
4.38 3.05 4.63 3.36 5.40 4.12 2.64 2.72 3.25 3.67 7.88 5.74 5.04 5.05 6.81 6.55 2.12 3.98 4.89 8.89 3.47 6.17 3.41 4.09 0.00 3.41 3.72 4.82 5.15 5.84 5.31 6.98 4837297
4.21 2.81 4.05 2.73 5.02 4.66 3.42 4.58 4.81 4.19 7.69 6.37 3.56 5.86 6.83 6.72 2.12 3.32 6.39 9.11 4.46 0.00 2.78 4.19 0.00 3.22 3.26 4.77 5.38 4.97 6.83 6.68 4850387
4.43 2.88 4.91 2.54 5.94 5.42 3.27 4.59 4.00 2.84 6.46 6.49 3.42 3.86 5.55 6.80 2.11 3.72 6.82 7.26 2.70 0.00 2.69 3.30 0.00 2.92 4.25 4.95 3.34 2.30 3.91 7.18 4863477
4.70 2.50 5.07 2.37 6.14 4.71 2.86 4.43 2.54 3.53 4.63 6.32 3.21 5.64 6.99 7.05 2.11 3.57 3.06 2.11 3.48 6.25 3.84 2.85 0.00 2.55 3.80 5.18 2.52 5.95 6.87 7.04 4876567
4.56 2.46 4.91 2.94 6.31 3.83 2.86 4.44 4.41 2.81 3.95 4.02 3.89 3.33 7.04 6.97 2.25 3.55 5.38 0.00 4.03 6.38 2.76 3.81 0.00 2.73 3.98 4.91 4.93 5.93 3.89 5.72 4889657
4.80 2.99 4.87 2.99 6.01 6.39 2.72 4.61 4.72 2.82 5.04 5.72 4.42 2.95 7.02 6.92 2.05 3.20 5.17 9.43 4.86 0.00 3.05 2.76 0.00 2.69 3.86 3.96 5.08 5.90 5.18 6.99 4902747
3.54 2.57 4.74 2.65 5.48 2.91 2.55 3.76 3.97 2.76 4.65 5.65 4.43 3.92 5.51 3.28 2.29 3.77 3.91 0.00 3.24 0.00 2.22 2.95 0.00 2.77 3.59 5.69 5.87 5.78 2.40 6.25 4915837
4.34 2.87 4.10 2.47 5.59 3.55 2.77 3.03 2.84 3.01 4.24 4.87 3.74 4.89 6.48 3.15 2.13 4.10 3.42 9.21 3.71 6.37 2.37 2.63 0.00 2.65 3.45 5.30 4.48 3.97 4.18 0.00 4928927
3.01 2.70 4.01 2.45 3.52 2.19 2.39 3.74 3.72 2.17 3.20 4.37 2.14 4.11 6.73 2.44 2.08 2.65 5.89 0.00 2.56 6.48 2.40 2.45 0.00 2.94 3.13 5.54 3.03 2.37 2.35 2.35 4942017
5.02 2.30 4.23 2.68 2.80 3.52 3.29 2.50 2.52 2.38 2.84 3.93 3.61 2.40 4.94 2.85 2.14 2.87 6.13 5.75 2.25 0.00 2.70 3.23 0.00 2.39 3.18 0.00 2.35 5.76 3.77 7.12 4955107
3.82 2.60 4.05 2.31 3.96 2.53 2.62 2.90 2.07 2.42 3.11 3.93 2.48 2.63 2.93 3.82 2.30 3.39 4.81 2.23 4.53 0.00 2.87 2.90 0.00 2.30 2.17 5.98 3.82 3.52 2.54 2.84 4968197
3.34 2.38 3.29 2.21 4.50 2.71 2.74 3.42 2.71 2.54 2.73 3.69 3.05 3.39 7.53 5.15 2.24 3.35 3.40 0.00 4.48 0.00 2.30 2.25 0.00 2.44 2.38 0.00 2.38 2.97 2.57 0.00 4981287
4.07 2.28 2.25 2.68 4.35 2.44 2.97 2.52 2.62 2.63 3.50 4.38 2.49 3.71 2.83 5.44 2.11 3.32 3.75 8.69 3.81 0.00 3.69 2.03 0.00 2.42 3.05 2.21 4.28 3.78 2.71 2.57 4994377
2.18 2.75 3.38 2.63 5.51 3.13 2.55 2.96 2.21 2.44 2.36 3.25 2.77 2.89 2.59 2.60 2.07 2.63 3.72 2.38 3.09 2.37 3.07 2.37 0.00 2.71 2.67 2.19 5.16 3.46 2.24 3.42 5007467
3.13 2.31 4.45 2.26 2.62 2.64 2.84 3.43 2.22 2.22 3.75 4.49 2.59 2.51 2.74 7.41 2.25 2.59 3.06 3.09 2.90 2.14 2.35 2.14 0.00 2.67 2.22 2.42 2.38 3.14 3.53 4.35 5020557
3.32 2.86 3.14 2.35 3.04 3.62 2.74 2.79 2.74 2.40 3.76 2.09 3.00 3.31 6.57 2.38 2.62 2.76 3.16 2.80 3.43 0.00 2.25 2.10 0.00 2.58 2.42 2.17 2.96 2.99 2.57 3.20 5033647
4.24 2.18 2.57 2.37 3.08 2.54 2.23 3.22 2.58 2.33 3.83 2.61 2.64 2.36 8.29 3.52 2.22 2.89 3.01 5.05 3.17 0.00 3.80 2.73 0.00 2.73 2.59 2.19 2.53 2.54 2.47 3.41 5046737
3.76 2.63 2.80 2.20 3.01 3.28 2.57 4.46 2.76 2.26 3.58 2.56 2.41 2.83 4.27 2.95 2.19 3.35 2.51 3.93 2.55 0.00 2.50 3.20 0.00 2.83 2.39 2.74 3.22 2.27 2.14 2.98 5059827
3.26 2.52 4.65 2.42 3.70 3.42 3.16 2.72 2.29 2.84 3.26 4.45 2.37 2.73 2.56 8.03 2.13 3.24 2.37 7.86 2.42 0.00 2.30 2.28 0.00 2.60 3.01 2.34 2.44 2.44 2.80 3.11 5072917
2.07 2.31 4.49 2.41 3.00 2.10 3.05 2.38 2.93 2.36 2.54 4.50 3.16 2.50 3.93 2.43 2.14 3.79 3.25 3.41 3.23 3.18 2.29 3.19 0.00 2.82 3.36 2.10 2.21 3.44 2.45 2.70 5086007
2.06 2.56 4.47 2.49 2.81 2.53 3.08 2.43 3.00 2.21 2.65 3.39 3.16 2.24 3.37 3.50 2.56 3.39 3.15 6.96 2.42 2.94 2.54 2.81 0.00 2.95 3.64 2.70 3.62 2.23 2.55 4.18 5099097
0.00 2.45 2.26 2.40 2.43 3.48 3.00 4.63 2.66 2.58 3.26 4.66 3.64 3.25 5.44 2.69 2.38 3.35 5.42 9.27 4.01 0.00 2.51 4.55 0.00 2.32 2.83 2.09 2.53 2.32 2.77 4.05 5112187
3.40 2.71 4.69 2.47 4.97 2.37 2.79 3.63 2.51 2.34 4.00 3.70 2.70 2.19 8.04 5.81 2.77 3.78 4.34 0.00 2.50 0.00 3.24 2.36 0.00 2.49 2.30 0.00 2.50 2.86 2.39 3.66 5125277
3.32 2.49 3.63 2.35 4.28 2.37 3.13 4.66 2.48 2.45 2.46 4.32 3.43 3.34 8.42 2.58 2.12 3.72 2.24 2.62 2.50 0.00 2.77 3.93 0.00 3.31 3.90 0.00 2.66 2.76 2.89 2.66 5138367
0.00 2.54 3.69 2.80 4.37 3.32 2.97 3.44 2.64 2.61 3.90 4.13 3.19 3.19 5.60 2.04 2.42 2.84 5.58 2.67 3.18 0.00 3.12 4.88 0.00 3.47 2.79 5.51 4.79 4.16 3.13 2.18 5151457
5.12 2.73 4.63 2.18 4.58 3.23 2.52 4.58 2.74 3.04 3.12 4.56 2.39 2.32 4.44 3.03 2.19 3.35 3.39 9.56 2.07 0.00 3.39 0.00 0.00 3.81 3.31 2.42 4.05 5.15 2.93 2.99 5164547
4.61 2.56 4.10 2.13 4.67 3.02 2.78 2.59 3.24 2.26 3.99 4.51 4.62 3.44 5.98 2.35 2.14 3.45 6.85 9.27 6.39 0.00 3.15 5.05 0.00 3.62 4.10 0.00 4.71 3.38 2.51 3.35 5177637
2.22 2.91 4.73 2.33 5.61 2.50 3.23 4.90 3.06 2.63 4.06 4.63 5.07 3.58 7.99 2.63 2.16 3.98 6.66 6.35 5.11 0.00 3.28 4.19 0.00 3.57 3.26 4.09 5.00 6.86 2.97 6.42 5190727
0.00 2.79 4.75 2.39 4.68 5.26 3.24 4.92 3.21 3.05 4.21 4.59 5.22 3.73 5.81 0.00 2.04 3.74 4.97 4.18 2.96 6.86 0.00 5.42 0.00 3.64 4.04 2.45 3.21 6.44 4.52 6.20 5203817
0.00 2.73 4.65 2.52 4.85 5.69 3.28 4.74 3.02 3.31 4.27 4.87 5.87 4.78 8.17 0.00 2.07 3.48 4.62 9.38 2.66 0.00 4.14 4.94 0.00 3.67 4.09 0.00 7.10 5.20 5.64 6.20 5216907
5.23 2.85 4.60 2.27 5.05 5.58 3.34 4.82 3.01 2.33 4.23 4.59 5.14 5.27 8.22 2.38 2.18 3.73 5.07 9.01 6.27 0.00 2.49 4.31 0.00 3.73 3.13 0.00 6.66 6.80 3.46 6.05 5229997
0.00 2.75 4.58 2.97 5.19 5.63 2.84 5.07 3.61 2.93 4.23 4.64 5.33 7.23 8.22 7.80 2.06 3.53 6.71 9.29 5.74 0.00 4.67 4.63 0.00 4.25 4.31 0.00 6.57 6.86 3.73 3.34 5243087
0.00 3.02 4.54 2.78 4.83 4.88 3.30 4.96 2.95 3.31 4.17 5.01 5.34 3.32 8.39 0.00 2.04 3.76 6.32 8.97 0.00 6.79 5.59 4.08 0.00 3.75 4.17 0.00 7.35 6.91 6.73 6.15 5256177
0.00 2.90 4.55 2.74 4.92 5.37 3.36 5.06 3.37 3.26 4.27 4.66 5.31 7.43 8.48 0.00 2.15 3.80 3.00 9.71 6.31 7.07 2.84 4.53 0.00 4.01 4.47 5.59 7.18 6.90 6.08 6.77 5269267
0.00 2.87 4.38 2.70 4.49 5.33 3.32 5.03 3.30 3.30 4.14 4.72 5.76 7.43 8.36 0.00 2.13 3.65 6.86 8.94 6.21 6.82 4.42 4.46 0.00 4.50 4.56 0.00 4.69 6.92 4.93 6.73 5282357
0.00 2.88 4.29 2.86 4.62 4.77 3.38 5.13 3.37 3.13 4.19 4.79 5.62 5.69 8.36 0.00 2.49 3.59 6.73 8.97 6.06 0.00 0.00 4.37 0.00 3.90 4.65 0.00 2.13 6.98 5.67 6.12 5295447
0.00 2.98 4.22 2.91 4.59 5.29 3.27 5.23 3.42 3.16 4.25 4.64 5.95 7.05 8.17 0.00 2.09 4.00 6.43 9.09 6.34 0.00 2.40 4.36 0.00 3.92 4.86 0.00 7.19 7.17 5.63 6.15 5308537
0.00 3.03 4.21 0.00 4.29 5.20 3.26 5.04 3.29 3.21 4.20 4.62 5.72 6.39 8.57 0.00 2.11 4.15 7.06 9.08 6.12 6.68 0.00 4.59 0.00 3.91 4.83 0.00 7.20 7.68 5.88 6.03 5321627
5.25 2.95 4.20 0.00 4.34 5.44 3.26 5.33 3.36 3.29 4.25 4.56 5.59 7.18 8.13 0.00 2.04 3.80 6.55 9.02 6.32 6.62 0.00 4.90 0.00 3.96 4.84 0.00 7.29 6.96 5.77 6.18 5334717
0.00 3.02 4.38 2.99 4.07 4.89 3.45 5.07 3.19 2.56 4.31 4.65 5.92 7.27 8.16 0.00 2.08 3.87 6.67 8.99 5.92 6.70 0.00 4.54 0.00 4.19 4.89 0.00 7.57 0.00 6.00 5.94 5347807
0.00 3.03 4.18 0.00 4.22 5.04 3.42 5.05 3.09 3.14 4.17 4.57 5.68 7.30 8.35 0.00 2.23 3.87 6.42 8.96 6.32 0.00 0.00 5.37 0.00 3.90 4.87 0.00 7.35 7.05 5.92 5.45 5360897
0.00 2.91 4.19 2.98 4.16 4.83 3.25 5.22 3.16 3.22 4.28 4.56 5.63 7.20 8.17 0.00 2.03 3.92 6.57 8.84 6.08 6.66 3.99 4.36 0.00 3.98 4.83 0.00 7.22 6.99 5.78 5.58 5373987
0.00 3.03 4.13 3.16 4.25 4.91 3.30 5.02 3.09 3.17 4.21 4.56 6.01 7.42 8.58 0.00 2.29 3.88 6.57 9.71 5.91 6.64 0.00 5.14 0.00 4.07 4.90 0.00 7.26 6.99 5.76 5.55 5387077
0.00 2.92 4.21 0.00 4.20 5.03 3.33 5.07 3.07 3.21 4.20 4.65 5.76 7.13 8.20 0.00 2.06 4.03 6.41 9.00 6.13 0.00 0.00 0.00 0.00 3.93 4.95 0.00 7.43 6.99 5.84 5.57 5400167
0.00 2.92 4.22 2.99 4.25 4.82 3.19 5.30 3.04 3.18 4.26 4.59 5.78 7.17 8.18 0.00 2.16 3.99 6.68 8.99 6.31 0.00 0.00 0.00 0.00 3.90 4.97 0.00 7.27 6.92 5.88 6.15 5413257
0.00 2.93 4.10 3.54 4.22 4.65 3.42 5.16 3.04 3.18 4.19 4.59 5.66 7.25 8.21 0.00 2.06 3.90 6.69 8.79 6.09 0.00 0.00 0.00 0.00 3.96 4.94 0.00 7.22 7.52 5.86 0.00 5426347
0.00 2.95 4.05 2.98 4.09 4.76 3.41 5.33 3.07 3.21 4.31 4.71 5.75 7.40 8.17 0.00 2.12 3.91 7.25 9.09 6.17 0.00 0.00 5.24 0.00 3.92 5.07 0.00 7.24 6.98 5.78 0.00 5439437
5.43 3.03 4.10 0.00 4.20 4.64 3.34 5.41 3.12 3.14 4.22 4.82 5.73 7.19 8.90 0.00 2.21 3.92 6.69 9.13 6.39 0.00 0.00 4.46 0.00 3.97 5.12 0.00 7.24 7.21 5.64 5.61 5452527
0.00 2.96 4.08 3.03 4.40 4.90 3.31 5.35 3.05 3.07 4.18 4.67 6.46 7.40 8.19 0.00 2.12 3.91 6.74 9.09 6.37 0.00 0.00 4.45 0.00 4.14 5.02 0.00 7.22 0.00 5.54 5.86 5465617
0.00 2.96 4.10 0.00 4.10 4.62 3.31 5.12 3.21 3.05 4.26 4.74 6.05 7.35 8.26 0.00 2.09 4.11 6.46 9.14 6.39 0.00 0.00 0.00 0.00 4.06 5.19 0.00 7.31 7.70 5.52 5.52 5478707
0.00 2.99 4.09 2.80 4.17 4.68 3.40 5.11 3.12 3.05 4.25 4.65 5.60 7.30 8.21 0.00 2.08 3.92 6.61 9.04 6.35 6.65 0.00 0.00 0.00 4.53 5.01 0.00 7.28 7.02 5.76 5.62 5491797
0.00 2.97 4.21 0.00 4.47 4.79 3.39 5.35 3.01 3.10 4.28 4.72 5.73 7.34 8.19 0.00 0.00 4.12 7.23 9.06 6.19 0.00 0.00 4.67 0.00 4.26 5.22 0.00 7.30 6.93 5.35 5.58 5504887
0.00 2.98 4.06 0.00 4.40 4.71 3.36 5.35 3.13 3.03 4.19 0.00 5.92 7.23 8.16 0.00 2.01 4.26 6.90 9.01 6.07 0.00 0.00 0.00 0.00 4.10 5.02 0.00 7.30 6.96 5.40 5.59 5517977
0.00 3.00 4.24 0.00 4.38 4.57 3.31 5.31 3.11 3.03 4.13 4.66 6.06 7.30 8.20 0.00 2.00 4.08 6.32 8.86 6.34 0.00 0.00 5.14 0.00 4.03 5.30 0.00 7.31 6.96 5.41 5.57 5531067
0.00 2.97 4.05 3.11 4.27 4.59 3.33 5.44 3.06 3.05 4.17 4.63 5.56 7.90 8.19 0.00 0.00 3.92 6.55 9.56 0.00 0.00 0.00 5.14 0.00 4.13 5.15 0.00 7.31 6.95 5.34 5.55 5544157
0.00 2.92 4.25 0.00 4.24 4.58 3.31 5.17 3.17 3.08 4.34 4.73 5.67 7.38 8.20 0.00 2.58 4.09 6.55 9.16 0.00 0.00 0.00 5.18 0.00 4.07 5.02 0.00 7.33 0.00 5.35 5.55 5557247
0.00 2.96 4.08 0.00 4.25 4.63 3.29 5.25 3.11 3.08 4.16 4.76 5.63 7.34 8.19 0.00 2.03 4.21 7.01 9.11 0.00 0.00 0.00 0.00 0.00 4.07 5.01 0.00 7.28 6.95 5.27 5.59 5570337
0.00 2.97 4.08 0.00 4.26 4.61 3.31 5.30 3.10 3.08 4.15 4.77 5.55 7.35 8.19 0.00 2.02 4.22 6.84 8.83 0.00 0.00 0.00 4.73 0.00 3.99 5.01 0.00 7.30 6.96 5.32 5.60 5583427
0.00 2.97 4.09 0.00 4.26 4.60 3.32 5.27 3.12 3.08 4.15 4.73 5.55 7.35 8.18 0.00 2.69 4.30 7.07 8.63 0.00 0.00 0.00 4.93 0.00 3.99 4.99 0.00 7.32 6.99 5.67 5.58 5596517
0.00 2.97 4.08 0.00 4.26 4.60 3.32 5.28 3.12 3.08 4.13 4.75 5.59 7.35 8.17 0.00 2.46 4.33 7.12 8.79 0.00 0.00 0.00 4.71 0.00 4.01 4.98 0.00 7.32 6.98 5.71 5.58 5609607
0.00 2.98 4.09 0.00 4.27 4.61 3.36 5.30 3.11 3.07 4.14 4.75 5.59 7.36 8.18 0.00 2.03 4.33 7.13 8.63 0.00 0.00 0.00 4.70 0.00 3.99 5.00 0.00 7.32 6.98 5.71 5.59 5622697
0.00 2.97 4.08 0.00 4.26 4.61 3.34 5.29 3.12 3.07 4.13 4.75 5.60 7.35 8.17 0.00 2.05 4.36 7.52 8.85 0.00 0.00 0.00 4.68 0.00 4.00 5.00 0.00 7.32 6.98 5.72 5.59 5635787
0.00 2.97 4.08 0.00 4.27 4.62 3.32 5.29 3.12 3.08 4.13 4.78 5.60 7.36 8.18 0.00 2.06 4.37 0.00 8.80 0.00 0.00 0.00 4.69 0.00 4.00 5.00 0.00 7.32 6.97 5.72 5.58 5648877
0.00 2.96 4.08 0.00 4.27 4.63 3.33 5.30 3.13 3.08 4.14 4.76 5.59 7.34 8.17 0.00 2.07 4.65 7.47 8.78 0.00 0.00 0.00 4.69 0.00 3.98 4.99 0.00 7.32 6.98 5.72 5.59 5661967
0.00 2.97 4.09 0.00 4.26 4.62 3.34 5.29 3.11 3.08 4.15 4.75 5.61 7.36 8.17 0.00 2.08 4.65 0.00 8.57 0.00 0.00 0.00 4.70 0.00 4.01 4.99 0.00 7.31 6.99 5.73 5.59 5675057
0.00 2.97 4.10 0.00 4.45 4.63 3.34 5.28 3.12 3.09 4.15 4.75 5.59 7.36 8.17 0.00 2.07 4.66 7.17 8.56 0.00 0.00 0.00 4.69 0.00 4.02 5.00 0.00 7.32 6.98 5.72 5.60 5688147
0.00 2.98 4.09 0.00 4.44 4.63 3.35 5.28 3.13 3.08 4.15 4.77 5.60 7.36 8.18 0.00 2.05 4.69 7.17 8.58 0.00 0.00 0.00 4.70 0.00 4.00 5.00 0.00 7.32 6.99 5.72 5.59 5701237
0.00 2.98 4.33 0.00 4.44 4.62 3.32 5.29 3.11 3.07 4.16 4.77 5.61 7.35 8.18 0.00 2.05 4.67 6.99 8.59 0.00 0.00 0.00 4.71 0.00 4.01 4.99 0.00 7.32 6.98 5.73 5.60 5714327
0.00 2.97 4.34 0.00 4.44 4.61 3.34 5.29 3.11 3.08 4.16 4.78 5.62 7.36 8.18 0.00 2.04 4.65 6.98 8.60 0.00 0.00 0.00 4.72 0.00 3.99 4.99 0.00 7.31 6.99 5.73 5.59 5727417
0.00 2.96 4.33 0.00 4.45 4.61 3.34 5.29 3.11 3.07 4.15 4.76 5.61 7.37 8.17 0.00 2.09 4.65 6.98 8.59 0.00 0.00 0.00 4.72 0.00 3.99 5.00 0.00 7.32 6.98 5.72 5.59 5740507
0.00 2.98 4.35 0.00 4.45 4.60 3.34 5.30 3.12 3.07 4.16 4.78 5.62 7.35 8.18 0.00 2.08 0.00 7.02 8.60 0.00 0.00 0.00 4.75 0.00 4.00 5.01 0.00 7.33 6.98 5.37 5.58 5753597
0.00 2.97 4.35 0.00 4.45 4.62 3.35 5.30 3.11 3.06 4.17 4.80 5.62 7.35 8.17 0.00 2.09 4.67 7.03 8.64 0.00 0.00 0.00 4.76 0.00 3.99 5.00 0.00 7.32 6.98 5.36 5.59 5766687