3.62 2.78 0.00 0.00 6.55 7.71 3.14 4.41 5.00 3.45 4.08 4.62 5.48 5.80 6.40 6.38 2.12 3.95 7.09 8.87 0.00 0.00 0.00 5.80 0.00 2.59 3.76 0.00 8.07 7.80 6.71 7.95 2548305
3.65 2.79 0.00 0.00 6.54 7.69 3.14 4.41 4.99 3.45 4.08 4.60 5.47 5.82 6.40 6.35 2.12 3.94 7.08 8.84 0.00 0.00 0.00 5.76 0.00 2.60 3.74 0.00 8.07 7.82 6.72 7.95 2561395
3.61 2.79 0.00 0.00 6.52 7.71 3.14 4.40 4.98 3.45 4.06 4.59 5.48 5.82 6.40 6.34 2.12 3.93 7.07 8.87 0.00 0.00 0.00 5.74 0.00 2.59 3.75 0.00 8.08 7.82 6.71 7.96 2574485
3.63 2.79 0.00 0.00 6.53 7.70 3.14 4.40 4.98 3.46 4.07 4.59 5.48 5.80 6.41 6.34 2.13 3.92 7.14 8.84 0.00 0.00 0.00 5.75 0.00 2.59 3.73 0.00 8.07 7.82 6.70 7.95 2587575
3.63 2.79 0.00 0.00 6.52 7.71 3.14 4.40 4.98 3.46 4.07 4.60 5.48 5.81 6.40 6.34 2.13 3.93 7.16 9.02 0.00 0.00 0.00 5.76 0.00 2.60 3.74 0.00 8.07 7.81 6.72 7.95 2600665
3.38 2.82 0.00 0.00 6.54 7.70 3.14 4.40 4.97 3.48 4.06 4.60 5.47 5.80 6.40 6.33 2.12 3.92 7.29 9.02 0.00 0.00 0.00 5.76 0.00 2.60 3.73 0.00 8.07 7.82 6.71 7.94 2613755
4.08 2.80 0.00 0.00 6.54 7.71 3.16 4.41 5.05 3.43 4.06 4.59 5.24 5.93 6.33 6.11 2.11 4.00 6.93 9.46 0.00 7.69 0.00 5.76 0.00 2.57 3.73 0.00 8.08 7.80 6.71 7.94 2626845
3.41 2.82 0.00 0.00 6.55 7.74 3.14 4.54 5.01 3.44 4.05 4.60 5.14 6.14 6.34 6.11 2.12 4.00 7.04 9.63 0.00 7.70 0.00 5.41 0.00 2.57 3.67 0.00 8.16 7.81 6.71 7.91 2639935
3.41 2.79 0.00 0.00 6.55 7.69 3.14 4.33 5.00 3.44 4.28 4.62 5.09 5.83 6.34 6.12 2.13 3.98 7.06 9.28 6.22 7.69 0.00 0.00 0.00 2.59 3.65 0.00 8.11 7.71 6.69 7.91 2653025
3.48 2.77 0.00 0.00 6.57 7.71 3.16 4.32 5.01 3.49 4.08 4.61 5.55 5.98 6.34 6.11 2.11 3.93 7.17 8.91 6.24 7.69 0.00 0.00 0.00 2.55 3.69 0.00 8.09 7.91 6.73 7.91 2666115
3.41 2.75 0.00 0.00 6.54 7.81 3.12 4.36 4.93 3.35 4.06 4.59 5.41 5.82 6.35 6.13 2.11 3.93 7.05 9.02 6.16 7.68 0.00 5.86 0.00 2.56 3.68 0.00 8.07 7.88 6.71 8.01 2679205
3.42 2.84 0.00 0.00 6.56 7.76 3.29 4.30 4.95 3.21 4.10 4.56 5.33 5.73 6.36 6.15 2.12 3.93 7.03 9.19 0.00 7.75 0.00 5.78 0.00 2.55 3.71 0.00 7.98 7.76 6.69 7.96 2692295
3.37 2.73 0.00 0.00 6.82 7.74 3.30 4.41 4.95 3.61 4.04 4.56 0.00 5.68 6.34 6.42 2.12 3.89 7.00 8.97 0.00 7.66 0.00 5.65 0.00 2.56 3.70 0.00 7.95 7.61 6.70 7.93 2705385
3.45 2.70 0.00 0.00 6.62 7.72 3.15 4.34 5.02 3.18 4.08 4.61 5.06 5.65 6.38 6.37 2.14 3.86 6.95 8.96 0.00 0.00 0.00 5.45 0.00 2.58 3.70 0.00 8.05 7.60 6.72 7.92 2718475
3.62 2.74 0.00 0.00 6.51 7.87 3.19 4.46 5.06 3.39 4.14 4.60 5.54 5.68 6.14 6.38 2.15 3.88 6.99 9.23 0.00 7.67 0.00 0.00 0.00 3.20 3.70 0.00 7.97 7.76 6.70 7.93 2731565
3.41 2.73 0.00 0.00 6.54 7.69 3.14 4.49 5.03 3.18 4.07 4.90 5.28 5.81 6.16 6.31 2.07 3.84 6.79 9.10 0.00 0.00 0.00 0.00 0.00 2.59 3.70 0.00 7.98 7.69 6.72 7.90 2744655
3.49 2.77 0.00 0.00 6.63 7.69 3.17 5.21 4.95 3.35 4.36 4.57 5.14 5.73 6.25 6.07 2.07 3.87 0.00 9.18 0.00 0.00 0.00 0.00 0.00 2.56 3.70 0.00 7.96 7.68 6.72 7.91 2757745
3.72 2.78 0.00 0.00 6.46 7.73 3.14 4.41 4.92 3.15 4.14 4.68 5.28 5.73 6.15 6.26 2.07 3.95 7.13 9.10 6.46 7.68 0.00 0.00 0.00 2.61 3.70 0.00 8.01 7.77 6.61 7.91 2770835
3.58 2.79 0.00 0.00 6.41 7.81 3.17 4.27 5.04 2.80 4.07 4.58 5.30 5.72 6.18 6.11 2.07 3.92 7.78 9.14 0.00 0.00 0.00 0.00 0.00 2.65 3.72 0.00 7.98 7.50 6.76 7.90 2783925
3.46 2.75 0.00 0.00 6.30 7.16 3.17 4.44 4.97 3.06 4.19 4.66 5.14 5.81 6.17 6.23 2.05 3.95 7.03 9.17 6.16 0.00 0.00 5.49 0.00 2.52 3.69 0.00 8.01 7.56 6.75 7.88 2797015
3.49 2.77 0.00 0.00 6.29 7.27 3.14 4.58 5.05 3.04 4.08 4.56 5.02 5.93 6.36 6.25 2.09 3.99 6.99 9.18 6.23 0.00 0.00 0.00 0.00 3.23 3.71 0.00 8.08 7.70 6.85 7.92 2810105
3.39 2.71 0.00 0.00 7.12 7.26 3.12 4.45 4.93 3.13 4.19 4.96 5.23 5.81 6.41 6.00 2.22 4.09 7.14 9.16 0.00 0.00 0.00 0.00 0.00 2.59 3.73 0.00 8.00 7.96 6.65 7.91 2823195
3.56 2.71 0.00 0.00 6.33 7.13 3.14 4.34 4.88 3.12 4.17 4.71 5.13 5.65 6.28 6.35 2.20 4.27 6.64 9.09 6.22 8.35 0.00 0.00 0.00 3.26 3.74 0.00 7.99 7.59 6.71 7.94 2836285
3.44 2.76 5.37 0.00 6.48 7.03 3.13 4.75 4.89 3.19 4.07 4.60 5.60 5.76 6.56 6.26 2.25 3.88 6.98 9.09 0.00 0.00 0.00 0.00 0.00 2.66 3.89 0.00 8.00 7.72 6.71 7.95 2849375
3.55 2.79 0.00 0.00 6.43 7.18 3.15 4.57 4.82 3.01 4.10 4.68 5.14 5.80 6.30 6.00 2.28 4.48 7.15 9.00 0.00 0.00 0.00 0.00 0.00 2.89 3.89 0.00 7.94 7.97 6.70 7.96 2862465
3.42 2.81 0.00 0.00 6.32 7.13 3.16 4.60 4.90 2.96 4.11 4.64 5.03 5.70 6.50 6.21 2.25 4.20 0.00 9.21 0.00 0.00 0.00 0.00 0.00 2.66 3.88 0.00 7.99 7.73 6.69 7.96 2875555
3.41 0.00 0.00 0.00 6.43 6.79 3.14 4.28 4.80 3.07 4.21 4.67 0.00 5.62 6.26 6.03 2.26 3.89 7.52 9.42 6.17 0.00 0.00 0.00 0.00 2.68 3.86 0.00 8.03 0.00 6.70 7.96 2888645
3.43 2.79 0.00 0.00 6.25 6.65 3.11 4.28 4.74 3.13 4.15 4.62 5.27 5.74 6.46 6.22 2.22 3.87 6.71 9.29 6.20 0.00 0.00 0.00 0.00 2.88 3.70 0.00 7.92 7.97 6.73 7.94 2901735
3.57 2.77 0.00 0.00 6.40 6.62 3.15 4.33 4.86 3.03 4.37 4.68 5.18 5.64 6.13 6.18 2.26 3.90 7.46 9.55 0.00 0.00 0.00 0.00 0.00 2.68 3.70 0.00 7.95 7.58 6.71 7.93 2914825
3.58 2.81 5.38 0.00 6.24 6.56 3.17 4.41 4.94 3.09 4.11 4.76 5.05 5.69 6.62 5.98 2.32 4.20 6.89 9.80 6.22 0.00 0.00 0.00 0.00 2.65 3.70 0.00 7.94 7.50 6.75 7.95 2927915
3.60 2.88 0.00 0.00 6.23 6.78 3.05 4.48 4.92 3.04 4.26 5.41 5.15 5.66 0.00 5.99 2.66 3.97 6.91 9.29 0.00 0.00 0.00 0.00 0.00 2.67 3.71 0.00 8.09 7.86 6.72 8.06 2941005
3.45 2.76 0.00 0.00 6.22 6.82 3.07 4.49 4.83 2.96 4.12 4.63 4.95 5.66 6.66 6.26 2.24 3.95 6.77 0.00 6.45 0.00 0.00 0.00 0.00 2.60 3.70 0.00 7.94 8.02 6.65 8.51 2954095
3.44 2.95 0.00 0.00 6.36 6.68 3.11 4.49 4.66 2.94 4.11 4.68 5.31 5.69 6.14 5.96 2.36 3.88 6.97 9.31 0.00 0.00 0.00 4.99 0.00 2.56 3.76 0.00 7.93 7.61 7.04 7.96 2967185
3.43 2.73 0.00 0.00 6.26 6.73 3.09 4.53 4.77 3.02 4.12 4.67 4.88 5.57 5.97 6.15 2.29 3.92 7.07 9.28 0.00 0.00 0.00 0.00 0.00 2.60 3.72 0.00 7.98 7.73 6.67 8.02 2980275
3.52 2.74 0.00 0.00 6.29 6.84 3.24 4.47 4.77 2.87 4.23 4.71 5.06 5.65 5.96 6.17 2.11 3.88 7.11 9.28 6.20 7.82 0.00 0.00 0.00 2.64 3.72 0.00 7.95 7.83 7.38 7.98 2993365
3.47 2.89 0.00 0.00 6.27 6.42 3.24 4.39 4.75 2.99 4.08 4.68 5.47 5.59 6.81 5.83 2.29 3.88 7.05 9.62 6.76 7.81 0.00 0.00 0.00 2.72 3.72 0.00 8.00 7.87 7.47 7.96 3006455
4.01 2.85 0.00 0.00 6.36 6.57 3.22 4.38 4.72 2.98 4.57 4.81 5.01 5.83 6.15 6.08 2.30 3.94 6.76 9.07 0.00 0.00 0.00 5.60 0.00 2.61 3.73 0.00 8.01 7.87 7.40 7.98 3019545
3.53 2.80 0.00 0.00 6.33 6.42 3.23 4.40 4.76 2.95 4.18 4.74 5.04 5.67 6.09 6.23 2.28 3.90 6.79 9.64 0.00 7.79 0.00 5.56 0.00 2.68 3.72 0.00 8.09 7.54 6.88 7.98 3032635
3.63 2.82 0.00 0.00 6.22 5.87 3.21 4.48 4.71 2.90 4.12 4.86 5.06 5.80 5.98 6.06 2.19 3.90 6.93 9.11 6.46 0.00 0.00 5.61 0.00 2.69 3.72 0.00 8.05 7.63 6.87 7.96 3045725
3.55 2.76 0.00 0.00 6.90 6.45 3.27 4.27 4.79 2.84 4.12 4.68 5.36 5.64 6.17 6.07 2.19 3.84 7.01 9.17 0.00 7.96 0.00 4.61 0.00 2.64 3.71 0.00 7.98 7.56 7.22 7.96 3058815
3.52 2.89 0.00 0.00 6.10 6.36 3.18 4.28 4.78 2.91 4.12 4.73 4.98 5.57 6.45 6.11 2.14 3.98 7.02 9.28 0.00 0.00 0.00 5.55 0.00 2.82 3.72 0.00 7.99 7.64 7.18 7.96 3071905
3.53 2.76 0.00 0.00 6.30 6.54 3.21 4.29 4.72 2.82 4.14 4.72 5.03 5.82 6.12 6.08 2.12 3.89 6.81 0.00 0.00 0.00 9.87 5.59 0.00 2.60 3.72 0.00 7.99 7.79 7.23 7.96 3084995
3.51 2.72 0.00 0.00 6.05 6.28 3.13 4.46 4.69 2.92 4.12 4.73 4.91 5.58 6.13 6.31 2.13 4.24 6.92 0.00 0.00 0.00 0.00 4.66 0.00 2.69 3.74 0.00 7.87 7.67 7.12 7.96 3098085
3.52 2.73 0.00 0.00 5.83 6.25 3.09 4.53 4.57 2.90 4.28 4.83 5.00 5.79 6.21 6.07 2.08 3.90 6.63 0.00 0.00 0.00 0.00 5.43 0.00 2.57 3.73 0.00 7.97 7.69 7.10 7.92 3111175
3.55 2.73 0.00 0.00 6.36 6.19 3.33 4.33 4.85 2.81 4.35 4.86 4.87 5.60 5.95 6.36 2.05 3.88 7.01 0.00 6.29 7.69 0.00 5.52 0.00 2.56 3.75 0.00 7.86 7.68 6.86 7.95 3124265
3.55 2.74 0.00 0.00 5.68 5.69 3.05 4.72 4.76 2.89 4.16 5.03 5.28 5.54 6.02 6.25 2.04 3.90 6.81 9.08 6.47 0.00 0.00 5.65 0.00 2.56 3.74 0.00 7.91 7.67 6.93 0.00 3137355
3.54 2.78 0.00 0.00 5.41 6.00 3.09 4.49 3.15 2.92 4.10 4.73 4.96 5.58 6.10 6.02 2.18 3.97 7.22 9.06 0.00 7.71 0.00 5.54 0.00 2.54 3.78 0.00 8.08 7.55 6.76 0.00 3150445
3.56 2.82 0.00 0.00 5.63 3.87 3.13 4.30 4.69 2.96 4.13 4.73 4.95 5.51 6.08 5.88 2.25 3.91 6.85 9.06 0.00 0.00 0.00 5.33 0.00 3.19 3.78 0.00 8.04 7.63 6.74 0.00 3163535
3.56 2.79 0.00 3.40 5.57 5.91 3.06 4.36 4.65 2.68 4.15 4.72 5.05 5.55 5.98 5.81 2.11 3.92 6.78 9.07 6.17 0.00 0.00 4.73 0.00 2.59 3.84 0.00 7.96 7.66 6.75 8.08 3176625
3.79 2.77 0.00 0.00 5.47 5.60 2.97 4.41 4.51 2.94 4.28 4.75 5.20 5.54 6.05 5.79 2.10 3.82 6.75 9.06 0.00 7.75 0.00 5.52 0.00 2.53 3.81 0.00 8.05 7.70 6.74 8.07 3189715
3.52 2.86 0.00 0.00 5.42 5.29 3.10 4.30 4.52 2.91 4.33 4.78 5.03 5.65 6.51 6.10 2.02 4.00 6.55 9.11 6.40 0.00 9.82 5.34 0.00 2.55 3.75 0.00 8.42 7.71 6.69 7.95 3202805
3.61 2.82 5.33 0.00 5.47 5.34 3.12 4.45 4.26 2.61 4.15 4.90 4.79 5.61 6.06 5.74 2.01 3.83 7.39 9.05 6.44 0.00 0.00 5.62 0.00 2.51 3.77 0.00 7.95 7.55 6.81 0.00 3215895
3.73 2.86 0.00 0.00 5.20 4.31 3.00 4.68 4.40 2.59 4.24 5.12 4.95 5.48 5.92 5.79 0.00 3.91 6.76 9.12 0.00 7.45 0.00 4.77 0.00 2.52 3.86 0.00 7.70 7.50 6.70 7.94 3228985
3.49 2.93 0.00 3.19 4.88 4.57 3.09 4.39 4.40 2.26 4.20 5.02 5.00 5.42 5.86 5.72 2.06 4.02 7.01 9.06 6.46 7.42 0.00 4.66 0.00 2.57 3.69 0.00 7.91 7.57 6.75 7.84 3242075
3.69 2.91 5.28 3.17 4.84 4.67 2.89 4.54 4.32 2.78 4.42 4.86 5.15 5.45 5.96 5.70 2.43 4.18 5.68 9.08 5.98 7.66 4.16 4.92 0.00 2.79 3.79 0.00 7.89 7.56 5.88 8.00 3255165
3.60 2.89 4.75 2.90 4.66 4.70 3.03 4.34 4.10 2.68 4.37 4.95 4.77 5.49 5.94 5.65 2.15 3.89 6.88 9.08 4.45 0.00 0.00 5.23 0.00 0.00 3.51 0.00 7.94 7.44 5.41 0.00 3268255
3.58 2.92 4.60 3.45 4.61 4.47 2.72 4.30 2.82 2.90 4.43 4.92 4.89 4.87 5.93 5.59 2.21 3.99 6.45 9.10 6.30 7.39 3.25 4.76 0.00 2.53 3.33 0.00 7.89 7.81 6.95 7.91 3281345
3.64 3.02 4.34 2.90 4.69 4.56 2.64 4.46 3.96 2.66 4.63 5.07 4.81 4.45 5.98 4.51 2.04 4.03 6.86 9.07 3.07 0.00 9.90 4.55 0.00 0.00 3.34 0.00 8.16 7.59 5.62 0.00 3294435
3.68 2.96 4.53 2.58 4.70 4.18 2.69 2.15 3.78 3.05 4.58 5.05 4.77 3.75 5.95 5.67 2.04 3.96 5.91 9.12 4.46 0.00 6.06 4.86 0.00 2.60 3.30 0.00 8.12 7.62 5.34 0.00 3307525
3.85 3.00 3.58 2.28 4.72 4.55 2.97 2.58 3.33 3.00 4.13 4.96 2.53 5.32 5.98 5.58 2.10 3.86 6.88 9.14 4.59 6.61 3.36 4.91 0.00 2.37 3.24 0.00 5.80 7.48 4.59 7.84 3320615
3.83 2.88 3.74 3.23 4.66 2.81 2.69 2.80 2.72 2.65 4.64 5.16 4.43 4.18 6.04 5.57 2.11 3.68 4.35 9.12 2.14 6.90 5.11 3.97 0.00 2.54 3.37 0.00 3.92 7.66 6.35 7.80 3333705
3.95 2.94 3.94 2.13 4.44 3.02 2.77 3.07 3.32 3.02 4.73 4.70 4.70 2.41 6.07 5.72 2.52 3.94 6.15 9.06 6.45 0.00 4.44 0.00 0.00 2.43 3.37 0.00 5.90 6.75 2.74 7.59 3346795
3.86 2.82 4.11 3.15 5.13 3.15 2.68 3.58 2.94 2.29 3.33 5.30 4.23 2.53 6.15 5.26 2.15 3.33 6.18 9.06 3.75 0.00 2.97 4.30 0.00 2.60 3.13 0.00 6.27 6.98 3.34 4.74 3359885
4.20 2.83 3.60 2.97 4.04 4.81 2.73 2.52 2.14 2.27 4.13 3.26 3.83 2.57 6.34 5.29 2.22 3.65 5.62 0.00 3.85 5.89 2.55 2.93 0.00 2.41 2.97 0.00 3.29 6.77 3.48 3.71 3372975
4.20 2.79 3.77 2.53 3.73 5.05 2.58 2.35 2.42 2.35 4.84 5.61 3.67 2.38 2.86 4.54 2.16 2.16 2.79 2.41 2.97 0.00 2.93 4.57 0.00 2.71 3.41 2.87 4.05 4.36 2.72 2.13 3386065
4.36 2.79 4.05 2.62 2.40 2.97 2.92 2.57 2.58 2.84 4.31 4.85 2.69 2.53 6.40 3.40 2.21 3.87 2.48 2.63 2.16 5.81 4.63 2.75 0.00 2.60 3.47 3.98 3.49 4.95 3.20 3.41 3399155
4.09 2.59 3.86 2.81 3.72 4.50 2.84 4.05 2.36 2.37 4.50 4.64 3.41 2.17 4.94 2.73 2.08 3.74 3.17 2.30 2.86 2.45 2.06 3.86 0.00 2.56 3.42 2.94 4.85 4.47 2.43 2.73 3412245
4.50 2.80 4.08 2.65 3.34 2.75 2.68 3.74 2.92 2.25 2.90 5.91 2.81 2.25 2.81 2.88 2.22 2.52 2.61 3.13 3.25 5.52 2.78 2.85 0.00 2.59 3.28 2.40 3.68 3.99 3.05 2.97 3425335
4.35 2.49 2.66 2.47 2.89 2.57 2.61 4.51 2.67 2.48 3.30 3.11 2.65 2.54 3.54 2.64 2.78 3.42 2.16 2.90 2.49 0.00 2.37 2.38 0.00 2.70 3.50 0.00 2.33 2.50 2.51 2.53 3438425
3.88 2.66 4.19 2.51 3.12 2.92 2.75 2.26 2.57 2.28 2.49 2.51 2.74 3.00 5.05 2.38 2.23 3.98 2.74 2.50 2.45 0.00 2.29 2.94 0.00 2.77 3.09 2.52 2.19 4.11 2.64 3.07 3451515
4.55 2.67 4.17 2.30 2.69 2.81 2.36 3.69 2.90 2.28 2.72 3.35 2.70 2.66 2.90 3.52 2.08 4.05 3.41 2.35 3.46 0.00 2.81 2.12 0.00 2.46 3.36 4.07 3.46 2.40 2.59 2.77 3464605
4.18 2.52 2.69 2.51 2.78 2.95 2.06 2.34 2.86 2.63 3.07 2.93 2.96 2.39 2.47 2.68 2.14 2.53 2.47 2.08 4.57 3.03 2.44 2.42 0.00 2.59 2.29 2.44 2.92 2.61 2.38 2.27 3477695
2.18 2.55 3.78 2.80 3.67 2.44 2.17 2.20 2.48 2.34 2.34 7.01 2.25 2.56 4.07 2.12 2.19 2.91 2.41 3.07 2.65 2.18 2.44 2.27 0.00 2.68 3.19 5.20 2.40 4.02 2.91 2.49 3490785
5.07 2.51 3.10 2.46 4.05 2.30 2.26 3.80 2.30 2.89 2.40 2.20 3.11 2.54 2.85 2.60 2.18 4.09 4.60 0.00 2.54 3.08 3.39 2.26 0.00 2.63 3.13 0.00 3.19 3.38 2.96 2.96 3503875
4.37 2.47 3.25 2.96 2.81 2.26 2.48 3.22 2.68 2.63 3.24 2.61 3.87 2.68 2.21 2.11 2.48 3.73 2.15 2.21 2.76 2.65 2.62 2.15 0.00 2.48 3.03 2.16 2.49 2.50 2.30 2.64 3516965
4.25 2.71 3.52 2.43 2.77 2.26 2.24 2.89 2.31 2.27 2.82 3.58 2.87 2.60 3.34 3.49 2.09 3.41 2.47 3.77 2.68 0.00 2.90 2.22 0.00 2.57 2.88 0.00 2.64 2.45 2.62 3.82 3530055
3.97 2.64 4.19 2.17 2.68 2.16 2.28 2.75 2.30 2.35 3.65 3.26 3.12 2.46 2.85 2.41 2.25 2.83 3.13 3.06 3.49 0.00 2.14 2.07 0.00 2.99 2.57 4.00 3.41 2.39 2.30 2.93 3543145
3.97 2.76 2.96 2.26 3.75 2.61 2.94 3.29 2.68 2.13 2.53 4.00 3.00 2.39 2.39 4.38 2.10 2.82 2.73 3.33 3.54 5.61 2.52 2.34 0.00 2.24 2.72 4.83 2.92 2.30 2.31 3.47 3556235
2.43 2.56 3.56 2.23 2.21 3.40 2.70 2.46 2.95 2.13 3.94 0.00 3.76 2.44 2.58 5.71 2.14 3.17 4.67 3.30 2.73 5.51 2.30 2.23 0.00 2.84 2.38 4.76 2.43 2.83 2.89 3.40 3569325
4.10 2.66 4.41 2.23 2.40 2.61 2.86 2.39 2.59 2.34 6.75 5.51 3.15 2.32 7.29 2.80 2.17 2.70 3.31 2.64 2.48 0.00 2.55 2.06 0.00 2.89 3.28 2.35 3.18 2.70 2.30 3.55 3582415
5.47 2.79 4.11 2.24 3.04 2.76 3.39 2.98 3.55 2.47 2.96 7.29 4.14 2.57 5.66 3.83 2.24 3.68 4.62 2.31 2.89 6.08 3.86 2.42 0.00 2.87 2.78 3.97 3.01 2.48 3.30 4.36 3595505
5.31 2.92 3.94 2.34 5.83 3.32 2.68 2.43 3.19 2.39 2.54 5.90 4.31 3.63 2.77 3.50 2.27 2.31 3.29 3.44 3.95 3.07 2.91 2.49 0.00 2.93 3.03 4.60 3.21 4.57 3.20 5.51 3608595
5.33 2.97 3.65 2.63 5.14 4.62 2.60 3.15 2.80 2.51 2.86 5.83 3.63 4.42 7.49 4.91 2.16 4.20 4.03 3.97 4.34 5.95 3.65 3.54 0.00 2.59 2.56 4.31 2.68 4.51 3.33 4.40 3621685
5.14 2.88 4.28 3.11 6.32 2.54 3.25 2.96 3.57 2.56 6.44 7.15 4.44 3.63 4.81 7.13 2.15 3.78 6.78 5.01 2.94 5.72 2.93 2.27 0.00 2.75 2.95 4.37 3.13 4.36 2.62 5.22 3634775
5.22 2.84 4.22 2.17 4.81 7.49 2.38 2.73 2.90 2.85 5.57 7.46 3.50 2.14 5.20 7.03 2.08 3.41 4.66 9.31 3.50 5.49 3.00 2.35 0.00 2.56 2.96 4.21 2.89 3.65 3.76 4.73 3647865
5.21 2.87 4.28 2.53 6.02 4.87 3.39 5.67 3.28 3.34 4.27 7.16 4.74 5.86 7.50 6.72 2.17 3.66 2.53 9.00 4.35 5.71 2.35 2.34 0.00 2.57 3.31 4.21 3.35 4.78 2.35 4.97 3660955
5.44 2.91 4.16 2.62 6.68 7.22 3.47 5.70 3.32 4.43 4.52 7.12 4.99 3.88 7.96 7.40 2.62 4.25 7.02 8.96 4.33 5.65 3.06 2.69 0.00 2.57 3.19 4.19 3.53 2.98 4.57 5.36 3674045
5.19 2.64 4.29 2.25 6.44 5.59 3.64 4.93 3.14 3.95 6.89 7.12 4.85 2.81 7.53 3.59 2.12 3.76 4.79 3.64 4.91 5.50 2.90 4.45 0.00 2.69 3.35 4.23 3.99 4.82 2.66 4.88 3687135
5.18 2.92 4.20 2.98 6.53 6.43 3.33 4.56 3.31 2.83 6.90 7.14 4.93 5.17 7.54 7.49 2.04 3.92 7.71 8.93 3.57 5.41 2.68 2.65 0.00 2.55 3.37 4.31 4.26 4.34 4.53 4.78 3700225
5.28 3.05 4.08 3.21 6.49 7.74 3.25 0.00 3.03 5.12 6.93 7.43 4.82 5.81 7.67 7.44 2.85 3.36 7.00 9.02 4.30 0.00 4.55 2.28 0.00 2.59 3.31 4.22 4.38 4.30 4.75 4.50 3713315
5.44 2.90 4.17 2.66 6.53 7.67 3.45 0.00 3.15 2.71 7.04 7.37 4.76 6.18 7.51 7.36 2.13 3.60 0.00 8.94 4.23 0.00 3.82 4.78 0.00 2.62 2.95 4.14 4.25 4.93 4.37 4.58 3726405
5.30 3.01 4.27 2.92 6.58 7.70 3.15 6.24 3.49 2.49 6.86 7.31 4.56 6.22 7.61 7.53 2.08 3.95 6.78 9.10 3.86 5.55 2.66 4.61 0.00 2.73 3.32 4.22 4.31 4.84 4.69 4.48 3739495
5.22 3.02 4.04 3.31 6.49 7.74 3.31 5.88 3.56 4.10 6.88 7.21 4.66 6.52 7.57 7.98 2.05 3.59 6.77 8.84 4.27 5.83 0.00 5.56 0.00 2.58 3.41 4.01 4.24 4.85 4.32 4.89 3752585
5.19 3.01 4.02 2.88 7.12 7.73 3.41 6.08 3.56 5.00 6.92 7.64 4.73 6.61 7.50 7.86 2.15 3.29 7.27 8.94 4.18 5.35 3.59 0.00 0.00 2.66 3.34 4.19 3.49 4.87 4.40 5.05 3765675
5.22 3.02 4.04 2.99 6.44 7.74 3.62 6.24 3.51 4.34 6.93 7.23 5.10 4.59 7.70 0.00 2.06 3.66 7.53 9.06 4.18 5.59 4.17 0.00 0.00 2.73 3.32 4.01 3.87 4.91 4.14 4.50 3778765
5.14 3.00 3.93 2.84 6.31 7.69 3.20 6.08 3.49 3.68 6.97 7.14 4.98 6.29 7.57 7.80 2.06 3.68 7.21 8.85 4.18 0.00 6.89 5.20 0.00 2.54 3.40 4.02 4.27 4.86 4.22 4.29 3791855
5.17 3.04 3.95 2.66 6.62 7.78 3.93 6.49 3.51 4.34 7.04 7.32 4.77 6.19 7.65 7.63 2.06 3.79 7.07 0.00 4.24 5.45 0.00 0.00 0.00 2.54 3.32 4.25 4.31 4.86 3.93 4.92 3804945
0.00 2.93 3.81 0.00 6.19 7.44 3.26 6.05 3.50 4.61 7.09 7.37 4.78 6.29 7.57 7.60 2.15 3.62 7.14 8.94 4.04 0.00 0.00 5.10 0.00 2.61 3.27 3.95 4.35 4.89 4.24 4.80 3818035
5.19 2.92 3.80 0.00 6.34 7.75 4.05 5.96 3.47 3.60 6.97 7.25 4.88 6.33 7.57 7.67 2.10 3.68 6.96 8.84 4.12 5.49 9.88 4.66 0.00 2.70 3.26 3.92 4.32 4.96 4.16 4.32 3831125
4.98 2.90 3.84 3.01 6.26 7.55 0.00 5.93 3.44 2.89 5.26 7.24 5.09 6.73 7.62 7.48 2.06 3.86 7.00 8.93 4.11 5.96 3.63 4.33 0.00 2.66 3.31 3.86 4.31 4.91 4.13 4.19 3844215
5.23 2.94 3.85 5.15 6.64 7.65 0.00 5.95 3.61 4.52 7.12 7.25 5.31 6.27 7.64 7.60 2.14 3.64 7.12 8.87 4.06 5.31 4.91 0.00 0.00 2.83 3.33 3.92 4.30 4.92 4.31 4.18 3857305
5.07 2.95 3.84 4.42 6.22 7.66 3.32 5.44 3.44 4.52 7.06 7.25 5.38 6.22 7.62 7.69 2.06 3.77 3.80 8.89 4.40 5.43 0.00 0.00 0.00 2.59 3.33 4.49 4.39 4.97 4.16 4.30 3870395
5.00 3.03 3.77 0.00 6.08 7.60 3.29 5.96 2.93 5.18 7.11 7.39 5.13 2.13 7.96 7.71 2.07 3.89 6.97 9.17 4.21 5.49 5.25 4.68 0.00 2.69 3.21 3.91 4.35 4.93 4.09 4.16 3883485
5.05 2.99 3.81 3.20 6.15 7.30 0.00 5.63 3.66 3.64 7.14 7.37 5.25 5.51 7.71 7.57 2.34 3.71 5.52 8.90 3.59 6.03 9.87 4.76 0.00 2.68 3.28 4.07 4.37 5.01 3.35 3.88 3896575
5.18 3.01 3.87 3.11 6.19 6.91 3.66 5.29 2.66 5.23 7.18 7.39 5.19 6.40 7.88 7.49 2.14 3.79 6.87 9.07 4.13 5.37 0.00 4.26 0.00 2.75 3.33 3.81 4.37 5.01 3.89 4.14 3909665
5.09 3.04 3.98 0.00 6.01 6.78 3.12 5.18 3.58 3.72 7.27 7.52 5.44 6.41 7.72 0.00 0.00 3.99 7.33 9.52 4.03 5.59 5.28 4.50 0.00 2.72 3.31 3.91 4.37 5.10 3.05 4.12 3922755
5.11 3.47 4.03 2.38 5.60 6.25 0.00 2.83 3.32 2.49 7.38 7.51 5.70 6.22 8.28 7.86 2.70 3.79 7.07 9.02 4.41 5.37 3.99 2.54 0.00 3.00 3.33 3.93 3.17 5.01 4.15 4.08 3935845
5.23 2.92 4.08 2.90 5.81 6.03 3.43 4.76 3.52 3.61 7.35 7.41 5.14 5.84 8.14 7.94 0.00 3.92 6.93 9.21 4.30 5.64 6.00 4.47 0.00 2.84 3.20 3.75 4.35 4.98 3.52 3.61 3948935
5.23 2.99 4.29 0.00 5.63 5.82 3.74 4.82 3.63 4.34 7.64 7.57 5.16 2.93 8.22 8.32 2.09 3.76 6.92 9.01 4.39 5.61 3.29 2.56 0.00 2.80 3.39 3.70 4.34 5.11 3.51 3.20 3962025
5.10 2.98 4.31 2.76 5.48 5.74 2.78 4.56 3.60 3.17 6.05 7.68 5.10 4.34 7.88 0.00 2.16 3.86 7.26 9.62 2.97 5.54 3.38 4.30 0.00 2.91 3.40 4.14 4.36 5.02 3.41 3.41 3975115
5.12 2.93 4.31 2.80 4.93 5.76 3.36 4.36 3.70 3.44 7.61 7.49 5.18 3.35 8.20 8.18 2.26 4.17 4.01 9.18 4.66 0.00 6.30 0.00 0.00 3.11 3.10 0.00 4.35 5.20 2.83 3.77 3988205
5.14 2.91 4.30 2.15 5.46 5.10 0.00 4.30 3.78 2.59 7.80 7.81 5.29 5.53 8.28 8.19 2.14 3.68 7.43 8.94 4.15 5.47 0.00 5.12 0.00 2.78 3.42 3.67 4.47 5.13 3.64 3.21 4001295
5.14 2.85 4.38 2.28 5.42 6.17 3.44 4.26 3.81 2.90 7.97 7.50 5.30 5.73 7.97 0.00 2.04 3.09 6.96 9.03 3.20 5.44 7.71 4.97 0.00 3.41 3.38 3.58 4.58 5.16 3.41 3.18 4014385
5.20 2.81 4.22 0.00 5.42 6.21 0.00 4.08 3.30 2.91 7.66 7.54 5.47 6.25 8.18 8.26 2.05 3.86 5.76 8.95 4.42 6.10 4.32 5.31 0.00 3.01 3.43 3.98 4.40 5.08 3.00 3.65 4027475
5.19 2.94 4.23 2.88 5.36 3.74 0.00 3.92 3.58 3.97 7.72 7.59 5.51 6.85 8.20 8.15 2.14 3.83 3.61 9.72 4.77 5.62 6.67 4.82 0.00 2.77 3.36 3.54 4.47 5.29 3.08 3.29 4040565
5.34 2.97 4.18 2.63 5.50 4.72 3.32 3.93 3.46 3.77 7.78 7.55 5.78 7.10 8.13 2.25 2.01 3.87 6.92 9.44 4.39 5.45 9.09 4.79 0.00 2.95 3.47 3.87 4.51 5.15 2.97 3.30 4053655
5.25 2.98 4.17 2.91 5.82 6.41 0.00 4.05 3.77 4.57 7.88 0.00 5.67 7.03 8.32 0.00 2.13 3.63 7.21 9.11 4.52 5.49 4.03 2.78 0.00 2.80 3.46 3.81 4.33 5.27 3.15 3.24 4066745
5.29 2.92 4.24 2.52 5.67 5.77 3.56 3.90 3.82 3.90 7.70 7.64 5.73 3.15 8.09 0.00 2.07 3.51 5.45 9.08 4.42 0.00 4.61 4.27 0.00 3.06 3.39 3.58 3.61 5.25 2.99 3.19 4079835
5.54 2.87 4.19 2.50 6.05 6.50 3.29 4.07 3.49 4.45 6.35 7.55 6.34 7.11 8.13 3.88 2.13 3.71 7.10 9.03 4.62 0.00 4.94 0.00 0.00 2.84 3.42 3.75 4.53 5.18 2.96 3.05 4092925
5.31 2.87 4.61 2.58 5.79 6.81 4.00 4.20 3.69 4.41 7.86 7.63 5.51 5.62 8.04 8.23 2.03 3.65 7.45 9.04 4.64 5.59 0.00 0.00 0.00 2.79 3.46 3.41 4.53 5.23 2.89 3.11 4106015
5.44 2.97 3.99 2.70 5.98 6.61 3.28 3.98 4.01 4.57 7.79 7.98 5.58 6.99 8.10 0.00 2.19 3.87 7.15 9.03 4.60 5.56 0.00 4.06 0.00 2.89 3.46 3.87 4.49 5.22 2.85 3.17 4119105
5.35 2.97 4.05 3.17 5.78 6.68 4.08 3.99 3.88 4.30 7.98 7.85 5.58 7.23 8.02 8.51 2.13 3.65 0.00 8.87 4.61 6.12 0.00 4.45 0.00 2.84 3.45 3.37 3.56 5.34 2.94 3.32 4132195
5.28 2.87 4.01 3.11 5.88 6.88 4.03 3.96 3.80 3.78 8.27 0.00 5.52 6.95 8.15 8.13 2.66 3.64 0.00 8.94 4.59 5.57 4.07 0.00 0.00 2.84 3.62 3.60 4.50 5.22 2.95 2.98 4145285
5.34 3.11 4.10 3.19 5.90 6.91 3.65 4.14 4.04 4.28 7.93 8.07 5.65 6.31 7.99 8.53 2.63 3.65 7.03 9.25 4.72 5.87 5.56 5.01 0.00 0.00 3.46 3.49 4.59 5.45 2.76 3.40 4158375
5.48 2.89 4.29 2.85 5.77 6.03 3.87 4.04 3.49 4.22 7.91 7.64 0.00 7.07 8.03 8.22 2.03 3.72 0.00 9.01 4.60 0.00 0.00 4.44 0.00 2.88 3.46 3.83 4.54 5.32 2.73 2.92 4171465
5.37 3.00 4.30 2.37 5.82 6.95 3.52 4.21 4.12 5.45 8.00 7.75 5.73 7.00 8.21 7.97 2.28 3.70 7.02 9.07 4.57 5.70 5.60 0.00 0.00 3.10 3.20 0.00 4.50 5.24 2.71 2.96 4184555
5.25 2.90 4.02 3.21 5.80 7.00 3.60 4.12 3.35 5.92 8.02 0.00 5.77 7.20 7.86 7.89 2.17 3.60 7.07 9.06 4.63 5.64 0.00 0.00 0.00 2.85 3.29 3.41 4.49 5.21 2.73 2.98 4197645
5.25 2.93 3.95 0.00 5.64 7.08 3.32 4.03 4.19 4.44 8.16 7.95 5.82 6.70 7.91 7.74 2.10 3.57 0.00 8.99 4.59 5.64 0.00 5.10 0.00 2.78 3.16 3.36 4.52 5.30 2.85 3.15 4210735
5.30 2.96 3.95 3.12 5.86 7.15 3.49 4.12 4.42 4.52 7.92 7.63 5.91 4.77 8.06 8.37 2.07 3.57 7.13 0.00 4.54 5.65 0.00 4.99 0.00 2.81 3.19 3.34 4.50 5.23 2.80 3.10 4223825
5.09 2.96 3.97 2.06 5.59 7.21 3.26 4.06 4.42 5.96 8.15 0.00 5.82 7.15 7.90 7.87 2.13 3.71 7.04 0.00 4.70 0.00 0.00 4.63 0.00 2.75 3.27 3.46 4.57 5.41 2.79 3.00 4236915
5.03 2.98 4.05 0.00 5.58 7.41 3.19 4.04 4.14 6.04 7.98 7.69 5.83 7.02 7.92 8.56 2.12 3.61 7.27 9.60 4.63 5.74 0.00 4.42 0.00 2.62 3.49 3.33 4.56 5.46 2.75 3.73 4250005
4.80 3.00 4.10 3.33 5.98 7.42 3.21 4.08 4.13 6.03 7.97 0.00 6.52 6.95 7.83 7.93 2.01 3.61 7.17 9.24 4.72 0.00 0.00 4.50 0.00 2.91 2.96 3.34 4.56 5.27 2.77 3.10 4263095
4.85 2.96 3.96 3.01 6.18 7.44 3.18 4.06 4.23 6.02 7.91 7.84 6.02 6.94 7.79 7.79 2.48 3.78 0.00 9.14 4.67 5.70 0.00 0.00 0.00 2.31 2.96 3.36 4.57 5.31 2.83 3.07 4276185
4.74 2.96 3.99 0.00 5.91 7.35 3.28 4.18 4.27 5.62 8.05 7.83 6.20 6.93 7.69 7.84 2.02 3.66 7.30 9.11 4.74 0.00 0.00 4.72 0.00 2.41 3.07 4.21 4.60 5.42 2.81 3.09 4289275
5.05 2.84 3.79 3.56 5.57 7.43 3.19 4.17 4.44 5.81 7.97 7.89 5.85 7.04 7.75 7.35 2.09 3.67 7.32 9.28 5.17 5.75 0.00 0.00 0.00 2.93 3.02 3.31 4.65 5.40 2.70 3.20 4302365
4.70 2.89 3.75 2.76 6.16 7.41 3.61 4.13 4.01 5.94 8.06 7.79 6.17 6.92 7.63 7.65 2.03 3.64 0.00 8.87 4.66 0.00 0.00 0.00 0.00 2.36 3.15 3.81 4.62 5.26 2.79 3.18 4315455
4.76 3.06 3.63 3.02 5.71 7.58 3.15 4.20 4.56 6.12 8.03 7.83 5.85 6.97 7.28 7.12 2.36 3.57 0.00 8.86 4.69 5.83 0.00 0.00 0.00 2.46 3.06 3.43 4.59 5.32 2.69 3.44 4328545
4.78 3.01 3.60 0.00 5.72 7.42 3.23 4.01 4.26 6.06 7.93 7.78 5.84 6.86 7.08 7.21 2.31 3.63 7.31 9.08 4.61 5.75 9.93 5.09 0.00 2.33 3.02 3.29 4.62 5.29 2.72 3.00 4341635
5.08 3.02 3.58 3.83 5.71 7.47 3.06 4.29 4.72 6.09 7.96 7.76 5.96 6.86 7.21 7.07 2.07 3.65 0.00 9.10 4.93 0.00 0.00 4.63 0.00 2.27 2.95 3.96 4.62 5.41 2.66 3.17 4354725
4.70 2.83 3.53 3.01 5.25 7.51 3.08 4.17 4.22 3.43 8.01 7.68 6.29 5.92 7.18 6.94 3.01 3.74 7.13 8.94 4.85 5.74 9.74 5.19 0.00 2.32 2.97 3.36 4.60 5.42 2.72 2.91 4367815
4.90 3.03 3.55 4.95 5.72 7.87 3.13 4.08 4.31 5.59 7.91 7.81 6.13 6.49 6.99 6.95 2.11 4.29 0.00 8.96 4.79 0.00 0.00 5.20 0.00 2.27 2.95 3.36 4.74 5.31 2.68 3.04 4380905
4.78 3.04 3.47 3.06 5.75 7.36 3.12 4.21 4.32 4.32 8.04 7.83 5.91 5.66 6.93 7.01 2.02 4.02 0.00 9.07 4.71 5.84 0.00 4.74 0.00 2.30 2.98 3.42 4.93 5.38 2.66 2.93 4393995
4.97 2.84 3.61 3.35 5.89 6.32 2.96 4.09 4.63 6.34 8.23 7.75 5.98 5.01 7.35 6.95 2.02 3.56 7.30 9.09 4.70 5.68 0.00 5.08 0.00 2.35 2.99 3.45 4.75 5.30 2.68 3.00 4407085
5.37 2.88 3.58 3.91 4.79 5.77 3.11 4.17 4.44 4.73 8.02 0.00 5.32 6.14 6.83 6.99 2.15 3.52 0.00 9.17 4.88 5.86 0.00 5.23 0.00 2.31 3.06 3.59 4.69 5.37 2.68 3.22 4420175
4.85 2.98 3.81 2.98 6.00 5.18 2.90 4.37 4.44 5.62 8.04 8.07 6.04 5.79 6.90 7.01 2.18 3.52 7.28 8.95 4.93 6.44 0.00 4.78 0.00 2.30 3.05 3.52 4.61 5.43 2.79 3.10 4433265
4.61 2.89 3.87 2.36 5.33 5.61 2.75 4.48 4.30 5.66 8.08 7.76 5.73 2.79 7.04 2.69 2.44 3.58 7.04 8.94 4.88 5.75 0.00 4.58 0.00 2.33 2.96 3.87 4.68 5.39 2.74 3.09 4446355
4.89 2.90 3.93 2.42 4.60 4.89 2.90 4.28 3.75 3.98 8.13 8.01 5.75 4.78 7.07 7.05 2.05 3.57 6.86 8.96 4.70 6.06 0.00 4.93 0.00 2.24 3.05 3.26 4.71 5.38 2.77 3.22 4459445
4.89 2.93 4.26 2.46 4.96 5.16 2.83 4.17 4.36 4.68 5.72 7.72 5.66 5.60 7.17 7.18 2.11 3.46 7.05 9.09 4.71 6.02 0.00 4.42 0.00 2.35 3.09 3.54 3.32 5.52 2.76 3.08 4472535
2.91 2.87 4.12 2.58 5.00 5.11 2.88 4.41 4.52 3.82 8.10 0.00 5.53 5.96 7.20 7.40 2.07 3.58 6.86 9.04 4.41 6.13 0.00 0.00 0.00 2.31 3.13 3.35 4.70 5.45 2.75 3.16 4485625
4.57 2.27 4.18 3.58 5.04 5.78 2.94 4.40 3.94 3.16 4.67 7.72 5.24 2.37 7.14 7.15 2.03 3.73 6.84 9.08 4.74 5.76 6.59 4.45 0.00 2.41 3.23 3.59 4.65 5.55 2.73 3.09 4498715
5.20 3.01 4.12 2.59 5.21 5.82 3.03 3.66 4.04 2.72 8.15 8.01 5.11 3.05 7.49 4.17 2.09 3.61 7.30 9.13 4.84 5.87 4.18 5.11 0.00 2.41 3.12 3.63 4.69 5.54 2.84 3.18 4511805
4.97 3.00 4.04 2.18 4.44 4.27 2.85 4.74 4.60 3.94 8.15 7.83 2.32 2.93 7.09 7.81 2.24 3.73 7.17 9.31 4.95 5.88 4.80 3.30 0.00 2.49 3.26 3.45 4.76 5.43 2.70 3.12 4524895
4.90 2.87 3.58 2.61 4.71 3.92 3.29 4.36 3.69 2.71 8.15 0.00 5.12 3.55 7.17 7.44 2.01 3.62 6.88 9.22 4.90 6.18 4.63 0.00 0.00 2.34 3.19 3.45 4.62 5.47 2.67 3.08 4537985
5.37 2.60 3.84 2.67 5.14 5.96 3.11 4.54 4.52 2.18 2.25 8.00 4.69 4.97 7.57 7.67 2.06 3.61 6.61 9.15 4.26 5.96 5.82 4.81 0.00 2.91 2.98 3.54 4.69 5.62 2.75 3.12 4551075
2.96 2.52 3.67 2.30 5.31 3.03 3.04 4.94 4.13 3.07 8.56 0.00 5.08 3.50 7.27 5.57 2.12 3.60 6.94 8.96 4.46 6.00 6.43 3.00 0.00 2.50 3.26 3.80 4.72 5.57 2.73 3.05 4564165
2.74 2.24 3.90 2.48 4.46 2.50 3.16 4.65 3.26 2.59 8.20 8.16 5.03 3.30 7.15 7.39 2.08 3.58 4.40 9.09 4.95 6.06 4.26 0.00 0.00 2.58 3.25 3.57 4.64 5.61 2.98 3.20 4577255
4.40 2.58 3.78 2.25 5.26 5.16 3.15 3.04 2.78 2.68 8.32 0.00 4.76 2.85 7.31 7.95 2.13 3.63 6.33 9.17 3.91 6.60 2.51 3.41 0.00 2.57 3.14 3.37 4.79 5.61 2.83 3.15 4590345
3.38 2.45 3.84 2.42 5.20 4.56 3.38 3.58 2.23 3.19 4.23 7.89 4.71 3.66 7.48 7.54 2.27 3.98 6.59 9.05 4.89 6.15 4.97 4.81 0.00 2.66 3.02 3.81 4.38 5.54 2.77 3.11 4603435
3.34 2.71 3.69 2.30 5.05 3.17 3.29 4.88 5.26 3.20 4.82 3.43 3.38 3.64 2.81 4.17 2.08 3.78 6.92 9.04 2.91 6.08 2.53 2.38 0.00 2.70 3.05 3.48 4.80 5.57 2.77 3.13 4616525
4.37 2.63 3.83 2.31 5.11 5.03 3.11 4.14 3.21 3.38 5.90 0.00 3.53 5.40 6.93 6.77 2.02 3.70 4.59 9.08 4.90 6.20 4.61 2.38 0.00 2.69 3.08 3.39 4.82 5.68 2.48 3.31 4629615
5.62 2.39 3.77 2.43 5.24 4.90 3.99 4.88 3.45 2.49 8.22 0.00 5.41 5.31 7.16 7.72 2.11 3.73 5.00 9.06 2.40 6.24 4.23 0.00 0.00 2.74 3.05 3.84 4.78 5.60 2.86 3.23 4642705
0.00 2.41 3.41 2.14 5.10 3.63 3.40 5.10 3.65 2.42 8.24 0.00 6.16 6.58 7.19 4.76 2.08 3.76 6.96 9.23 4.89 0.00 5.51 2.59 0.00 2.72 3.00 3.62 4.94 5.66 2.55 3.26 4655795
4.47 2.75 3.78 2.49 5.23 3.64 3.15 4.86 5.07 4.35 6.56 0.00 5.88 3.28 7.20 2.84 2.10 4.06 5.65 9.09 5.17 0.00 2.86 2.50 0.00 2.90 3.01 3.47 4.15 5.75 2.72 2.94 4668885
0.00 2.69 3.86 2.16 3.24 4.02 3.30 3.95 4.39 2.95 8.32 0.00 4.49 3.44 7.23 8.09 2.13 3.78 6.75 9.30 5.20 6.15 4.36 4.85 0.00 2.65 3.11 3.77 2.65 4.94 2.76 3.25 4681975
0.00 2.50 3.76 2.43 4.66 3.95 3.29 5.08 4.03 2.65 5.84 0.00 6.19 4.76 7.64 7.98 2.09 3.70 4.52 8.08 5.23 6.10 3.80 5.67 0.00 2.58 3.08 3.51 3.42 5.63 2.67 3.13 4695065
0.00 2.76 3.66 2.69 2.79 4.11 3.31 4.02 5.55 2.53 6.00 0.00 6.05 4.43 7.34 5.57 2.03 3.86 6.36 9.28 5.01 0.00 6.61 4.04 0.00 2.69 3.23 3.41 3.45 5.73 2.64 3.12 4708155
0.00 2.69 3.77 2.33 4.74 3.73 3.29 5.25 3.80 3.12 7.47 0.00 5.67 3.40 5.86 4.19 2.04 3.86 6.52 0.00 5.08 6.23 4.84 4.39 0.00 2.65 3.25 3.52 3.76 5.65 2.82 3.15 4721245
0.00 2.73 3.77 2.75 4.52 2.35 3.19 5.29 4.52 3.08 6.00 4.81 5.75 2.61 7.48 5.88 2.07 3.67 3.26 9.27 5.22 0.00 3.63 4.87 0.00 2.61 3.48 3.42 4.83 5.70 2.82 3.19 4734335
0.00 2.53 3.57 2.87 5.56 2.73 3.48 5.27 2.38 2.24 8.18 0.00 4.70 2.27 7.15 8.03 2.09 3.66 5.27 9.06 5.01 6.26 0.00 4.58 0.00 2.60 3.30 3.60 4.94 3.71 2.89 3.17 4747425
0.00 2.75 4.00 2.37 5.53 3.84 2.56 5.32 4.34 3.29 8.22 0.00 5.96 5.72 7.49 8.00 2.14 3.79 5.18 9.54 5.14 6.68 4.93 3.49 0.00 2.72 3.39 3.21 4.98 5.92 2.84 3.33 4760515
0.00 2.56 3.84 3.99 5.36 4.44 3.24 5.38 3.62 3.12 8.29 0.00 5.05 2.80 7.69 0.00 2.12 3.66 6.75 8.95 4.86 0.00 2.34 4.70 0.00 2.66 3.45 3.42 5.12 5.85 2.91 3.18 4773605
3.25 2.81 3.96 2.93 5.20 6.02 3.48 5.51 3.53 2.67 8.19 7.78 6.05 5.03 7.86 8.07 2.09 3.68 6.58 8.94 4.83 6.32 0.00 4.73 0.00 2.71 3.48 3.79 5.02 5.94 3.02 3.28 4786695
0.00 2.68 3.80 2.40 5.42 5.97 3.22 5.60 5.00 5.40 8.18 0.00 6.54 7.28 7.56 8.36 2.29 3.65 6.66 8.97 5.34 6.40 4.86 4.68 0.00 2.63 3.59 3.71 5.13 6.07 2.89 3.33 4799785
0.00 2.56 3.82 2.52 5.25 4.42 3.32 5.68 2.19 3.27 8.31 3.68 6.17 5.80 7.72 0.00 2.08 3.06 6.76 0.00 5.28 6.36 0.00 3.95 0.00 2.60 3.57 3.67 5.13 4.96 2.91 3.21 4812875
0.00 2.80 3.80 2.99 6.17 4.73 3.64 5.44 0.00 5.28 7.92 0.00 0.00 7.34 7.85 0.00 2.07 3.89 7.38 0.00 5.24 6.38 3.50 4.09 0.00 2.61 3.58 3.35 5.06 5.89 2.85 3.24 4825965
0.00 2.83 3.82 3.19 5.57 6.13 3.58 5.46 4.16 6.71 8.33 0.00 0.00 3.66 8.11 8.15 2.02 3.87 6.84 9.04 5.38 6.52 0.00 4.42 0.00 2.63 3.57 3.44 5.06 6.03 2.92 3.43 4839055
0.00 2.76 3.73 2.59 5.56 5.30 3.54 5.45 5.53 3.37 8.19 0.00 0.00 7.42 7.91 0.00 2.03 3.92 6.36 9.03 5.44 6.49 4.57 5.22 0.00 2.92 3.60 3.31 5.15 6.11 2.97 3.25 4852145
0.00 2.72 3.78 0.00 5.14 5.82 3.43 5.49 5.58 6.31 8.16 0.00 6.02 7.31 7.81 0.00 2.05 3.78 7.19 9.07 5.63 6.33 0.00 0.00 0.00 2.70 3.66 3.61 5.17 6.06 2.92 3.42 4865235
0.00 2.75 3.76 4.09 5.38 5.67 3.45 5.63 5.05 6.69 8.77 0.00 0.00 7.76 7.71 0.00 2.12 3.72 6.97 9.05 5.45 0.00 4.77 5.24 0.00 2.71 3.70 3.45 5.22 6.05 2.91 3.62 4878325
0.00 2.79 3.78 3.28 5.99 5.98 3.53 5.55 5.17 6.35 8.01 0.00 0.00 7.38 7.72 0.00 2.14 3.72 0.00 9.11 5.54 6.38 5.67 2.96 0.00 2.69 3.54 3.62 5.17 6.15 2.99 3.25 4891415
0.00 2.78 3.75 3.36 5.40 5.94 3.55 5.50 5.19 6.19 8.04 0.00 0.00 7.60 7.79 0.00 2.04 3.82 7.73 9.04 5.38 6.50 0.00 4.90 0.00 2.74 3.65 3.42 5.25 6.03 2.93 3.26 4904505
0.00 3.02 3.77 3.18 5.50 5.80 3.35 5.63 0.00 5.48 8.03 0.00 0.00 7.63 7.73 0.00 2.07 4.33 6.90 9.00 5.69 6.35 0.00 4.45 0.00 2.68 3.65 3.39 5.25 6.12 2.94 3.28 4917595
0.00 2.87 3.84 2.65 5.67 5.84 3.53 5.61 5.33 6.97 8.11 0.00 0.00 7.63 7.80 7.83 2.03 3.64 7.03 8.98 5.53 6.49 0.00 5.43 0.00 2.94 3.60 3.50 5.17 6.04 2.99 3.31 4930685
0.00 2.93 3.93 3.03 5.68 5.91 3.32 5.87 5.46 6.81 8.21 0.00 0.00 7.65 7.89 0.00 0.00 3.70 0.00 9.09 5.56 6.96 0.00 5.37 0.00 2.67 3.67 3.66 5.21 6.20 3.07 3.21 4943775
0.00 2.93 3.74 0.00 5.47 5.86 3.38 5.57 5.26 7.01 7.99 0.00 0.00 7.71 8.52 0.00 2.72 3.67 7.76 9.20 5.59 6.43 0.00 0.00 0.00 2.60 3.69 3.61 5.21 6.10 3.23 3.26 4956865
0.00 2.89 3.73 3.05 5.43 6.04 3.35 5.88 5.62 7.22 8.09 0.00 0.00 0.00 7.95 8.28 2.08 3.62 0.00 9.60 5.51 6.66 0.00 4.61 0.00 2.75 3.71 3.94 5.27 6.16 2.93 3.93 4969955
0.00 2.89 3.78 2.24 5.33 5.81 3.16 5.76 0.00 7.05 8.04 0.00 0.00 7.75 8.11 8.42 3.04 3.63 7.26 9.21 5.62 6.95 0.00 4.56 0.00 2.60 3.70 3.74 5.22 6.19 2.93 3.17 4983045
5.56 2.89 3.75 3.74 5.38 6.26 3.45 5.74 5.14 7.20 7.89 0.00 0.00 7.74 7.94 0.00 2.33 3.54 7.17 0.00 5.38 0.00 0.00 5.46 0.00 2.62 3.87 3.62 5.31 6.03 2.95 3.32 4996135
0.00 2.98 3.80 0.00 5.39 5.80 3.24 5.99 5.23 2.79 8.01 0.00 0.00 7.75 8.08 0.00 2.17 3.89 6.89 9.00 5.35 6.73 9.87 5.55 0.00 2.99 3.62 3.54 5.17 6.06 3.10 3.21 5009225
0.00 3.01 3.96 5.39 5.37 5.85 3.22 5.65 0.00 6.12 8.06 0.00 0.00 7.72 7.98 0.00 2.03 3.58 7.04 9.09 5.39 6.58 0.00 5.29 0.00 2.67 3.72 3.84 5.35 6.07 2.99 3.26 5022315
0.00 2.96 3.73 0.00 5.29 5.94 3.67 5.61 5.02 7.10 8.02 0.00 0.00 7.66 7.90 8.80 0.00 3.63 7.35 9.07 5.44 6.40 0.00 4.59 0.00 2.62 3.64 3.65 5.39 6.27 2.91 3.22 5035405
0.00 2.92 3.79 0.00 5.32 5.94 3.44 5.66 0.00 7.16 7.92 0.00 0.00 7.67 8.00 0.00 2.08 3.67 0.00 9.07 6.05 6.52 0.00 4.71 0.00 2.62 3.69 3.65 5.33 6.10 2.94 3.20 5048495
0.00 2.91 3.72 5.26 5.65 5.85 3.36 5.69 5.11 6.45 7.80 0.00 0.00 7.72 7.89 0.00 3.00 3.78 6.61 9.11 5.51 6.46 0.00 4.54 0.00 2.61 3.67 3.60 5.31 6.13 2.97 3.18 5061585
0.00 3.00 3.75 0.00 5.34 5.72 3.24 5.83 5.22 7.20 7.80 0.00 0.00 7.63 7.99 0.00 3.04 3.92 7.06 9.33 5.47 0.00 0.00 5.84 0.00 2.64 3.69 3.95 5.32 6.16 2.94 3.25 5074675
0.00 2.87 3.73 5.00 5.26 5.77 3.23 6.02 0.00 7.22 8.23 0.00 0.00 7.62 7.95 0.00 2.60 3.74 7.06 9.13 5.39 0.00 0.00 4.54 0.00 2.93 3.75 3.62 5.32 6.04 2.93 3.26 5087765
0.00 3.03 3.79 0.00 5.18 5.80 3.29 5.67 0.00 7.24 7.78 0.00 0.00 7.62 7.87 0.00 0.00 3.70 0.00 9.47 5.43 0.00 0.00 5.35 0.00 2.72 3.73 3.62 5.47 6.18 2.93 3.24 5100855
0.00 3.00 3.89 0.00 0.00 5.91 3.25 5.99 0.00 7.19 7.83 0.00 0.00 7.66 7.91 0.00 2.06 4.04 7.00 9.36 5.43 6.53 0.00 5.85 0.00 2.92 3.68 3.70 5.39 6.10 2.98 3.21 5113945
0.00 3.03 3.89 0.00 5.24 5.82 3.54 5.71 0.00 6.34 7.82 0.00 0.00 7.69 7.84 8.25 2.23 3.78 7.35 9.05 5.71 6.52 0.00 5.80 0.00 2.65 3.79 3.55 5.55 6.10 2.97 3.25 5127035
0.00 2.91 3.79 0.00 5.16 5.84 3.52 5.87 0.00 7.25 7.88 0.00 0.00 7.77 7.81 0.00 2.02 3.63 7.03 9.24 5.54 7.00 0.00 0.00 0.00 2.67 3.73 3.73 5.40 6.08 3.04 3.26 5140125
0.00 2.95 3.70 3.11 5.16 5.73 0.00 5.85 5.29 7.24 7.68 0.00 0.00 7.69 7.81 0.00 2.20 3.63 7.27 8.88 5.74 0.00 0.00 5.36 0.00 2.74 3.72 3.64 0.00 6.23 2.98 3.25 5153215
0.00 2.99 3.76 0.00 5.40 5.65 3.45 5.79 0.00 7.29 7.82 0.00 0.00 7.72 7.79 0.00 2.01 3.87 6.77 9.09 6.00 6.53 0.00 5.31 0.00 2.67 3.66 3.60 5.41 6.22 2.91 0.00 5166305
0.00 2.99 3.72 0.00 5.17 5.77 3.93 5.76 0.00 7.22 7.92 0.00 0.00 7.66 7.85 0.00 2.12 3.66 6.75 9.03 6.22 6.45 0.00 4.66 0.00 2.71 3.64 3.79 5.44 6.08 2.97 3.23 5179395
0.00 3.05 3.70 0.00 5.05 5.64 3.45 5.73 0.00 7.29 7.75 0.00 0.00 8.25 7.83 0.00 3.01 4.05 7.01 9.04 0.00 6.47 0.00 5.37 0.00 2.66 3.70 3.66 5.47 6.09 2.90 3.35 5192485
0.00 3.00 3.82 4.98 5.19 5.77 3.74 5.78 0.00 7.28 7.85 0.00 0.00 7.77 7.89 0.00 2.16 4.02 0.00 9.11 5.48 0.00 0.00 5.56 0.00 2.68 3.68 0.00 5.31 6.06 2.95 3.38 5205575
0.00 2.84 3.71 5.24 5.04 5.77 4.04 5.78 0.00 7.28 7.70 0.00 0.00 7.64 7.86 8.39 0.00 3.68 7.01 8.93 5.37 6.47 0.00 5.50 0.00 2.62 3.71 3.72 5.31 6.20 3.06 4.03 5218665
0.00 3.03 3.63 0.00 5.03 5.70 3.36 5.77 5.21 7.28 8.26 0.00 0.00 7.58 7.80 8.55 2.11 3.78 0.00 9.07 5.46 6.59 0.00 4.10 0.00 2.64 3.78 3.79 5.54 6.09 2.90 3.25 5231755
0.00 2.96 3.71 0.00 4.97 5.61 3.63 5.77 0.00 7.27 7.82 0.00 0.00 7.61 7.77 8.45 2.36 4.57 0.00 9.05 5.42 0.00 0.00 4.25 0.00 2.72 3.69 3.77 5.37 6.09 2.97 3.41 5244845
0.00 2.98 3.69 0.00 0.00 5.61 3.93 5.72 5.72 7.29 7.66 0.00 0.00 7.68 7.90 8.48 2.45 3.86 0.00 9.16 5.48 6.58 0.00 0.00 0.00 2.73 3.70 3.75 5.32 6.20 2.97 3.30 5257935
0.00 2.96 3.66 0.00 5.25 5.61 3.72 5.70 0.00 7.34 7.71 0.00 0.00 7.55 7.82 0.00 2.04 3.91 6.70 9.00 5.45 0.00 0.00 0.00 0.00 2.65 3.69 3.73 5.29 6.14 2.97 3.27 5271025
0.00 2.95 3.75 4.96 0.00 5.72 3.47 5.69 0.00 7.41 7.75 0.00 0.00 7.60 7.92 8.35 0.00 3.69 7.41 8.99 5.60 6.67 0.00 5.06 0.00 2.93 3.65 3.83 5.38 6.38 2.94 3.22 5284115
0.00 3.03 3.69 0.00 5.02 5.82 3.30 5.75 0.00 7.30 7.78 0.00 0.00 7.54 7.86 8.31 0.00 3.70 6.87 9.04 5.98 6.50 0.00 5.83 0.00 2.68 3.70 4.02 5.32 0.00 2.97 3.54 5297205
0.00 2.89 3.68 4.99 5.09 5.71 0.00 5.79 5.69 7.34 7.79 0.00 0.00 7.53 8.02 0.00 2.42 3.85 7.42 9.14 5.48 7.01 0.00 5.31 0.00 2.71 3.74 3.85 5.36 6.45 3.04 3.34 5310295
0.00 3.01 3.83 0.00 5.19 5.65 0.00 5.83 0.00 7.29 8.55 0.00 0.00 7.55 0.00 0.00 2.23 3.81 6.98 9.10 5.63 0.00 0.00 5.32 0.00 2.61 3.66 3.78 5.36 6.17 2.92 3.35 5323385
0.00 3.03 3.77 4.96 5.03 5.75 3.90 5.81 0.00 7.31 8.20 0.00 0.00 7.58 7.86 0.00 2.03 3.77 6.64 9.06 5.68 6.63 0.00 5.29 0.00 2.65 3.64 3.89 5.36 6.25 2.92 3.95 5336475
0.00 3.03 3.70 3.29 4.91 5.65 0.00 5.75 5.22 7.34 7.79 0.00 0.00 7.57 7.87 0.00 2.95 3.78 6.91 9.05 5.65 0.00 0.00 4.63 0.00 2.68 3.76 3.91 5.39 0.00 2.94 3.31 5349565
0.00 3.01 3.72 0.00 4.77 5.62 0.00 5.72 5.17 7.38 7.82 0.00 0.00 7.54 7.83 8.40 2.45 3.73 6.79 9.05 5.46 0.00 0.00 4.66 0.00 2.77 3.76 3.82 5.29 6.36 2.92 3.95 5362655
0.00 3.00 3.78 0.00 4.53 5.70 3.40 6.36 5.20 7.38 7.78 7.83 0.00 7.76 7.85 8.22 2.75 3.82 7.11 9.09 5.56 6.60 0.00 4.64 0.00 0.00 3.89 3.74 5.39 6.17 2.94 3.31 5375745
0.00 2.97 3.77 5.38 4.42 5.58 3.92 5.66 0.00 7.37 7.81 0.00 0.00 7.75 7.79 8.40 2.81 3.75 6.81 8.91 5.56 6.50 0.00 5.49 0.00 0.00 3.70 3.90 5.55 6.23 2.98 3.33 5388835
0.00 3.00 3.77 0.00 4.42 5.45 3.31 5.78 5.18 7.33 8.04 0.00 0.00 7.67 7.80 8.17 2.03 3.82 6.94 8.86 5.72 0.00 0.00 5.59 0.00 2.80 3.88 3.82 5.49 6.11 3.03 0.00 5401925
6.16 3.00 3.70 0.00 4.35 4.75 3.60 5.85 5.20 7.37 7.81 0.00 0.00 7.70 7.87 8.33 2.94 3.84 6.87 9.07 5.42 6.53 0.00 5.33 0.00 2.78 3.72 3.75 5.47 6.17 2.94 3.40 5415015
0.00 3.01 3.72 0.00 4.59 5.35 3.48 5.92 5.14 7.34 7.77 0.00 0.00 7.57 7.72 0.00 2.65 4.35 6.72 9.10 5.69 6.57 0.00 4.62 0.00 0.00 3.68 4.01 5.45 6.19 3.00 3.42 5428105
6.07 3.02 3.79 0.00 4.40 5.10 3.39 5.75 5.23 7.38 7.76 0.00 0.00 7.59 7.75 0.00 0.00 3.76 6.69 9.05 5.63 6.53 0.00 5.47 0.00 2.63 3.67 4.06 5.45 6.17 2.97 3.33 5441195
0.00 2.90 3.81 5.15 4.52 5.85 0.00 5.71 5.20 7.40 7.90 0.00 0.00 7.51 8.33 9.02 2.02 4.00 6.95 9.24 5.49 6.54 0.00 5.43 0.00 2.65 3.67 4.02 5.45 6.17 3.01 3.25 5454285
5.41 3.00 3.74 0.00 4.53 5.40 3.17 6.36 0.00 7.43 7.84 0.00 0.00 7.47 7.77 8.30 0.00 4.07 7.10 9.11 5.48 0.00 0.00 5.29 0.00 2.60 3.67 3.61 5.35 6.61 2.96 3.24 5467375
0.00 3.04 3.80 0.00 4.56 5.33 0.00 5.76 5.17 7.39 7.80 0.00 0.00 7.57 0.00 8.01 2.09 3.93 6.85 8.72 5.51 0.00 0.00 5.22 0.00 2.60 3.64 3.82 5.50 6.20 2.97 3.22 5480465
0.00 3.01 3.80 0.00 4.62 5.56 3.63 5.78 0.00 7.37 7.94 0.00 0.00 7.54 7.85 0.00 0.00 3.79 6.79 9.10 5.75 0.00 0.00 0.00 0.00 2.60 3.67 3.65 5.53 6.13 3.05 3.95 5493555
5.53 3.00 3.94 0.00 4.57 5.49 3.55 5.74 5.22 7.35 7.80 0.00 0.00 7.51 7.87 8.17 2.02 4.30 7.34 9.06 5.55 6.63 0.00 0.00 0.00 2.61 3.65 3.94 5.60 6.14 3.44 3.26 5506645
5.43 3.00 3.81 0.00 4.74 5.67 0.00 5.81 5.22 7.38 7.72 0.00 0.00 7.57 7.77 8.27 2.65 4.05 7.03 8.97 5.48 0.00 0.00 0.00 0.00 2.62 3.74 3.99 0.00 6.22 3.02 3.27 5519735
0.00 3.00 3.84 5.21 4.62 5.59 0.00 5.76 0.00 7.61 7.76 0.00 0.00 7.51 7.77 8.53 2.79 3.86 7.04 8.63 5.49 0.00 0.00 0.00 0.00 2.61 3.67 3.88 5.49 6.24 3.05 3.27 5532825
5.42 3.01 3.80 5.37 4.21 5.56 3.30 6.21 0.00 7.53 8.21 0.00 0.00 7.68 8.47 0.00 2.76 3.84 6.81 8.80 5.58 6.54 0.00 0.00 0.00 2.61 3.72 3.80 5.49 6.21 2.99 3.21 5545915
5.37 3.02 3.88 0.00 4.63 5.64 0.00 5.68 5.23 7.38 7.73 0.00 0.00 7.52 0.00 8.55 3.04 3.91 6.76 8.67 5.67 6.55 0.00 0.00 0.00 2.62 3.65 3.91 5.39 6.24 2.98 3.28 5559005
5.25 3.00 3.85 0.00 4.67 5.47 0.00 5.71 5.24 7.39 0.00 0.00 0.00 7.52 7.92 8.22 3.00 4.52 6.88 9.08 5.58 6.64 0.00 0.00 0.00 2.62 3.66 3.72 5.51 6.15 3.01 3.38 5572095
6.13 3.00 3.82 0.00 4.64 5.44 3.77 5.96 0.00 7.38 7.73 0.00 0.00 7.50 7.81 8.34 0.00 4.02 6.76 9.09 5.60 6.70 0.00 0.00 0.00 2.62 3.70 4.15 5.46 6.13 2.96 3.38 5585185
5.24 3.02 3.83 0.00 4.72 5.52 0.00 6.40 0.00 7.39 7.71 0.00 0.00 7.48 7.77 8.31 2.23 3.81 6.66 9.05 5.66 6.56 0.00 0.00 0.00 2.62 3.71 0.00 5.38 6.19 3.00 3.33 5598275
0.00 3.01 3.85 0.00 4.67 5.44 0.00 5.68 0.00 7.38 7.77 0.00 0.00 7.61 0.00 8.21 0.00 3.95 6.69 9.16 5.77 6.55 0.00 0.00 0.00 2.61 3.72 3.83 5.42 6.23 3.05 3.71 5611365
5.34 3.00 3.79 0.00 4.63 5.41 0.00 5.66 0.00 7.42 7.86 0.00 0.00 7.50 7.81 8.12 0.00 4.10 6.70 9.14 5.62 6.51 0.00 0.00 0.00 2.61 3.74 3.67 5.51 6.25 2.99 3.36 5624455
5.52 3.01 3.90 0.00 4.76 5.49 3.74 6.21 0.00 7.46 7.75 0.00 0.00 7.53 7.78 8.06 2.47 3.95 6.72 9.24 5.72 0.00 0.00 0.00 0.00 2.62 3.73 3.68 5.50 6.17 3.31 3.31 5637545
5.24 3.01 3.82 0.00 4.71 5.44 0.00 6.14 0.00 7.45 7.77 0.00 0.00 7.54 7.78 8.15 2.56 3.83 7.02 9.19 5.82 0.00 0.00 0.00 0.00 2.62 3.72 3.53 5.48 6.17 3.04 3.34 5650635
5.24 3.01 3.83 0.00 4.66 5.33 0.00 6.13 0.00 7.49 7.78 0.00 0.00 7.56 7.81 8.14 2.09 3.86 6.67 8.76 5.57 6.53 0.00 0.00 0.00 2.62 3.72 3.90 5.42 6.15 3.10 3.53 5663725
5.53 2.98 3.89 0.00 4.68 5.37 0.00 5.77 0.00 7.39 7.97 0.00 0.00 7.54 0.00 8.14 2.11 3.85 6.68 9.23 5.72 0.00 0.00 0.00 0.00 2.62 3.73 0.00 5.39 6.16 3.00 3.24 5676815
5.43 3.00 3.84 0.00 4.83 5.42 0.00 5.70 5.24 7.37 7.76 0.00 0.00 7.51 7.86 8.53 2.07 3.86 6.56 9.19 6.04 6.72 0.00 0.00 0.00 2.62 3.71 4.04 5.46 6.21 3.06 3.34 5689905
5.21 3.01 3.84 0.00 4.73 5.34 3.92 5.85 0.00 7.38 7.78 0.00 0.00 7.50 0.00 8.17 2.45 3.93 6.60 9.02 5.76 0.00 0.00 0.00 0.00 2.62 3.70 3.87 5.53 6.15 3.10 3.90 5702995
5.32 3.01 3.83 0.00 4.70 5.47 0.00 5.70 0.00 7.39 7.87 0.00 0.00 7.50 7.81 8.21 0.00 0.00 6.67 9.16 5.78 0.00 0.00 0.00 0.00 2.62 3.71 4.02 5.47 6.15 3.05 3.27 5716085
0.00 3.01 4.11 0.00 4.79 5.37 4.06 5.71 0.00 7.45 7.80 0.00 0.00 7.53 7.80 8.29 2.05 3.84 6.73 9.69 5.52 0.00 0.00 0.00 0.00 2.63 3.70 4.17 5.54 6.20 2.97 3.26 5729175