0.00 3.01 3.87 0.00 4.83 5.35 0.00 5.71 0.00 7.36 7.77 0.00 0.00 7.50 7.77 8.17 2.18 3.83 7.29 0.00 5.50 6.83 0.00 0.00 0.00 2.61 3.67 4.19 5.58 6.19 2.98 0.00 15366960
0.00 3.01 3.86 0.00 4.84 5.34 0.00 5.70 0.00 7.36 7.78 0.00 0.00 7.52 7.77 8.18 2.23 3.85 7.19 0.00 5.50 0.00 0.00 0.00 0.00 2.61 3.67 4.21 5.57 6.18 2.98 0.00 15380050
5.56 3.02 3.86 0.00 4.83 5.34 0.00 5.71 0.00 7.37 7.78 0.00 0.00 7.52 7.77 8.18 2.24 3.87 7.18 0.00 5.51 0.00 0.00 0.00 0.00 2.62 3.68 4.20 5.58 6.18 2.99 0.00 15393140
0.00 3.02 3.87 0.00 4.82 5.34 0.00 5.71 0.00 7.37 7.77 0.00 0.00 7.51 7.76 8.16 2.26 3.95 0.00 8.87 5.51 0.00 0.00 0.00 0.00 2.63 3.68 4.20 5.58 6.18 2.98 0.00 15406230
0.00 3.00 3.86 0.00 4.83 5.33 0.00 5.69 0.00 7.36 7.78 0.00 0.00 7.50 7.76 8.16 2.26 3.99 7.30 8.85 5.50 0.00 0.00 0.00 0.00 2.62 3.67 4.21 5.58 6.18 2.98 0.00 15419320
0.00 3.01 3.87 0.00 4.84 5.34 0.00 5.71 0.00 7.37 7.79 0.00 0.00 7.51 7.76 8.17 2.28 3.99 7.20 8.84 5.50 0.00 0.00 0.00 0.00 2.62 3.68 4.21 5.58 6.18 2.99 0.00 15432410
5.11 3.03 4.07 0.00 4.84 5.42 0.00 5.72 0.00 7.36 7.77 0.00 0.00 7.50 7.76 8.17 2.27 3.98 7.27 9.13 5.51 0.00 0.00 0.00 0.00 2.62 3.69 4.22 5.58 6.17 2.99 0.00 15445500
5.39 3.01 3.87 0.00 4.93 5.35 0.00 5.73 0.00 7.37 7.77 0.00 0.00 7.51 7.76 0.00 2.18 3.82 6.95 9.11 5.53 6.82 0.00 0.00 0.00 2.62 3.69 4.21 5.57 6.19 2.99 3.36 15458590
5.38 3.01 3.92 0.00 4.85 5.33 0.00 5.81 0.00 7.38 7.79 0.00 0.00 7.51 7.76 0.00 0.00 3.85 0.00 9.12 5.50 0.00 0.00 0.00 0.00 2.62 3.67 4.22 5.59 6.19 2.99 3.54 15471680
0.00 3.00 4.28 0.00 5.05 5.51 0.00 5.75 0.00 7.40 7.79 0.00 0.00 7.51 7.77 0.00 2.79 3.83 6.93 8.61 5.53 0.00 0.00 0.00 0.00 2.62 3.68 3.87 6.08 6.41 2.99 3.34 15484770
0.00 3.01 3.87 0.00 4.74 5.47 0.00 5.71 0.00 7.39 7.78 0.00 0.00 7.52 7.77 0.00 2.13 3.79 7.23 9.51 5.53 0.00 0.00 0.00 0.00 2.62 3.70 3.79 5.41 6.23 2.97 3.30 15497860
5.07 3.02 3.85 5.48 5.38 5.35 0.00 5.70 0.00 7.45 7.81 0.00 0.00 7.57 7.78 8.25 2.04 4.18 7.59 8.61 5.55 0.00 0.00 0.00 0.00 2.63 3.74 3.84 5.43 6.19 2.98 3.34 15510950
5.16 3.02 3.85 5.60 5.40 5.37 0.00 6.19 0.00 7.38 7.87 0.00 0.00 7.53 7.75 0.00 2.04 3.99 6.83 8.64 5.62 0.00 0.00 0.00 0.00 2.63 3.73 3.76 5.54 6.19 3.09 3.31 15524040
4.84 3.02 3.88 0.00 5.09 5.40 3.76 6.08 5.49 7.39 7.82 0.00 0.00 7.51 7.68 8.53 2.30 3.95 6.82 8.87 5.51 0.00 0.00 0.00 0.00 2.60 3.69 4.38 5.55 6.21 2.99 3.38 15537130
4.91 3.00 3.94 0.00 5.06 5.37 3.30 5.78 0.00 7.39 7.78 0.00 0.00 7.53 7.74 0.00 2.39 3.86 7.08 9.11 5.53 6.67 0.00 5.32 0.00 2.62 3.71 0.00 5.41 6.36 2.98 3.33 15550220
5.07 3.02 3.92 0.00 4.65 5.35 3.47 5.86 5.22 7.44 7.82 0.00 0.00 7.49 8.06 0.00 2.68 3.82 7.14 8.87 5.50 6.72 0.00 5.38 0.00 2.61 3.75 3.99 5.48 6.15 3.05 3.37 15563310
4.82 3.01 3.93 5.58 4.76 5.32 3.30 5.75 0.00 7.56 0.00 0.00 0.00 7.58 7.69 0.00 2.15 3.86 7.01 8.93 5.82 6.67 0.00 5.31 0.00 0.00 3.72 3.65 5.55 6.37 3.00 3.74 15576400
4.82 3.01 3.90 0.00 4.73 5.36 0.00 5.70 5.17 7.41 7.76 0.00 0.00 7.61 7.64 0.00 2.80 3.81 6.71 9.01 5.64 0.00 0.00 0.00 0.00 0.00 3.72 3.91 5.57 6.33 3.19 3.38 15589490
4.51 3.01 3.93 0.00 4.68 5.34 3.48 5.68 5.29 7.44 7.80 0.00 0.00 7.59 7.76 0.00 2.97 3.89 6.83 9.07 5.53 6.70 0.00 0.00 0.00 2.84 3.82 3.55 5.46 6.20 2.99 3.32 15602580
4.59 3.03 3.99 2.91 4.73 6.26 0.00 6.30 5.25 7.49 7.81 0.00 0.00 7.45 7.72 0.00 0.00 3.86 6.98 0.00 5.63 6.73 0.00 0.00 0.00 2.63 3.68 3.57 5.56 6.32 3.10 3.34 15615670
4.52 3.02 3.99 0.00 4.80 5.50 0.00 5.61 5.22 7.46 7.88 0.00 0.00 7.45 8.06 0.00 2.81 3.91 7.26 8.65 5.51 6.65 0.00 4.82 0.00 2.93 3.73 4.10 0.00 6.23 3.12 3.34 15628760
4.52 2.99 3.96 0.00 4.78 5.34 3.71 5.65 5.48 7.48 7.87 0.00 0.00 7.45 0.00 0.00 3.04 3.90 6.90 8.64 5.63 0.00 0.00 5.64 0.00 2.83 3.73 3.93 5.52 6.20 3.04 3.36 15641850
4.53 3.02 3.90 0.00 4.68 5.32 0.00 5.80 5.62 7.43 7.86 0.00 0.00 7.43 7.65 0.00 2.25 3.85 6.80 8.97 5.61 6.70 0.00 5.17 0.00 2.65 3.68 4.64 5.57 6.18 3.04 3.31 15654940
4.66 3.01 3.91 0.00 4.75 5.35 0.00 5.62 5.12 7.51 7.85 0.00 0.00 7.57 7.73 8.74 3.05 4.06 7.23 8.45 5.48 0.00 0.00 0.00 0.00 2.63 3.70 3.63 5.53 6.60 3.04 3.46 15668030
4.43 3.02 3.90 5.50 4.77 5.35 3.54 5.80 0.00 7.55 7.88 0.00 0.00 7.52 7.67 8.19 3.04 4.08 6.96 9.14 5.61 0.00 0.00 5.15 0.00 2.62 3.69 3.64 5.49 6.30 3.15 3.31 15681120
5.24 3.02 4.28 0.00 4.90 5.36 0.00 5.72 0.00 7.47 7.81 0.00 0.00 7.44 7.66 7.96 2.65 4.03 7.00 8.87 5.67 6.99 0.00 5.11 0.00 2.64 3.77 3.76 5.49 6.23 3.12 3.50 15694210
4.47 3.02 3.92 0.00 4.75 5.35 3.65 5.83 0.00 7.50 7.79 0.00 0.00 7.54 7.66 7.98 2.78 3.88 6.76 9.07 5.54 6.52 0.00 0.00 0.00 2.66 3.74 4.09 5.58 6.33 3.17 3.33 15707300
4.54 3.03 3.94 0.00 4.65 5.33 3.74 5.79 0.00 7.52 7.84 0.00 0.00 7.43 8.12 7.97 2.79 4.17 6.72 9.16 5.59 0.00 0.00 6.02 0.00 0.00 3.84 3.82 5.53 6.29 3.07 3.32 15720390
4.36 3.02 4.08 0.00 4.62 5.40 4.09 5.50 0.00 7.50 7.82 0.00 0.00 7.54 7.66 0.00 2.73 4.06 6.70 9.01 5.52 6.73 0.00 0.00 0.00 2.69 3.76 3.86 5.81 6.29 3.02 3.40 15733480
4.57 3.02 3.91 0.00 4.63 5.46 3.83 5.64 0.00 7.56 8.10 0.00 0.00 7.46 7.65 8.11 2.84 3.83 6.75 9.07 5.51 6.58 0.00 4.65 0.00 2.67 3.76 0.00 5.47 6.30 3.13 3.44 15746570
4.43 3.02 3.93 0.00 4.66 5.47 3.78 5.64 0.00 7.50 7.82 0.00 0.00 8.03 7.64 8.12 2.65 4.20 6.80 8.69 5.50 6.58 0.00 5.34 0.00 2.68 3.76 0.00 5.47 6.26 3.06 3.42 15759660
4.39 3.01 4.12 0.00 4.77 5.51 0.00 5.63 0.00 7.57 7.83 0.00 0.00 7.54 7.65 8.16 2.10 3.96 6.44 8.81 5.69 6.60 0.00 0.00 0.00 2.68 3.77 3.73 5.45 0.00 3.08 3.39 15772750
4.43 3.03 4.00 0.00 4.63 5.50 3.64 0.00 0.00 7.56 7.89 0.00 0.00 7.73 7.63 8.23 2.02 4.65 6.80 9.07 5.66 6.59 0.00 4.63 0.00 2.69 3.77 0.00 5.44 6.30 3.12 3.37 15785840
4.41 3.01 4.06 0.00 4.63 5.32 3.31 5.64 0.00 7.50 7.86 0.00 0.00 8.17 7.67 7.99 2.92 3.89 6.80 8.84 5.61 0.00 0.00 4.60 0.00 2.70 3.73 3.77 5.46 6.28 3.10 3.40 15798930
4.65 3.00 4.12 0.00 5.56 5.33 0.00 5.67 5.25 7.53 7.93 0.00 0.00 7.46 7.64 8.15 0.00 4.22 6.66 9.07 5.55 6.62 0.00 5.13 0.00 2.68 3.75 3.65 5.44 6.35 3.12 3.55 15812020
4.44 3.02 4.01 0.00 4.83 5.30 3.08 5.70 0.00 7.51 7.80 0.00 0.00 7.44 7.67 8.11 0.00 3.91 7.43 8.95 5.62 0.00 0.00 4.62 0.00 3.27 3.78 3.92 5.46 6.24 3.10 3.37 15825110
4.46 3.00 3.99 5.71 4.68 5.32 0.00 5.59 0.00 7.46 7.85 0.00 0.00 7.49 7.67 8.01 0.00 3.81 6.74 9.13 5.68 0.00 0.00 4.57 0.00 3.32 3.81 3.65 5.43 6.30 3.11 3.40 15838200
4.53 2.99 3.99 0.00 5.07 5.28 0.00 5.51 0.00 7.59 7.82 0.00 0.00 7.48 7.66 8.02 2.35 4.04 7.07 9.13 5.66 0.00 0.00 4.60 0.00 3.00 3.75 4.32 5.43 6.36 3.08 3.42 15851290
4.48 3.02 4.00 0.00 4.64 5.35 3.48 5.78 0.00 7.54 7.84 0.00 0.00 7.41 7.69 7.95 2.04 3.92 6.96 9.10 5.51 0.00 0.00 4.63 0.00 2.91 3.76 3.55 5.46 0.00 3.17 3.49 15864380
4.61 3.03 4.03 0.00 4.68 5.48 4.03 5.63 0.00 7.53 7.82 0.00 0.00 7.48 7.66 7.95 0.00 4.21 6.91 9.14 5.58 6.87 0.00 0.00 0.00 2.80 3.80 3.67 5.47 6.27 3.12 3.45 15877470
4.35 3.01 3.94 0.00 4.72 5.32 3.35 5.68 0.00 7.58 7.84 0.00 0.00 7.46 7.62 7.97 2.70 4.00 7.28 8.96 5.48 6.62 0.00 5.16 0.00 3.32 3.74 3.73 5.47 6.21 3.09 3.44 15890560
4.41 3.01 4.05 0.00 4.66 5.29 3.62 5.45 5.50 7.54 7.84 0.00 0.00 7.42 7.64 7.97 2.13 3.93 6.75 9.11 5.85 0.00 0.00 4.54 0.00 3.28 3.77 3.67 5.45 6.20 3.09 3.50 15903650
4.25 2.99 4.03 5.76 4.66 5.31 3.81 5.52 0.00 7.54 8.10 0.00 0.00 7.42 7.57 7.95 2.05 4.31 6.82 8.81 5.62 6.67 0.00 4.32 0.00 2.68 3.77 3.79 5.46 6.29 3.60 3.48 15916740
4.28 3.02 4.09 0.00 4.69 5.57 3.25 5.60 0.00 7.54 7.85 0.00 0.00 7.46 7.60 7.99 2.11 3.85 7.13 8.46 5.80 6.72 0.00 4.55 0.00 2.68 3.71 3.67 5.52 6.57 3.20 3.50 15929830
4.34 3.02 4.02 0.00 4.71 5.34 3.37 5.45 5.15 7.56 7.81 0.00 0.00 7.42 7.66 8.04 2.50 3.99 7.12 8.49 5.57 7.34 0.00 4.60 0.00 2.82 3.73 4.03 5.55 6.22 3.31 3.41 15942920
4.35 3.01 4.00 0.00 4.60 5.41 3.41 5.42 5.21 7.56 7.85 0.00 0.00 7.45 7.70 8.08 0.00 4.24 6.50 9.11 5.82 0.00 0.00 4.33 0.00 3.29 3.80 3.90 5.44 6.42 3.15 4.11 15956010
4.43 3.01 4.04 6.08 4.83 5.40 3.68 5.61 5.47 7.50 7.81 7.95 0.00 7.52 7.64 7.97 2.25 4.02 7.08 8.76 5.70 0.00 0.00 5.07 0.00 2.68 3.70 4.26 5.47 6.24 3.12 3.43 15969100
4.63 3.00 4.10 0.00 4.24 5.17 3.39 5.53 0.00 7.56 8.28 0.00 0.00 7.45 7.53 7.87 2.04 3.83 6.86 9.06 5.76 6.80 0.00 4.58 0.00 2.63 3.77 3.91 5.48 6.34 3.15 4.01 15982190
4.47 3.02 4.03 0.00 4.46 5.02 0.00 5.54 0.00 7.69 7.82 0.00 0.00 7.45 8.08 7.90 2.02 3.84 6.73 8.88 5.59 0.00 0.00 4.61 0.00 2.67 3.76 4.14 5.46 6.31 3.16 3.37 15995280
4.36 3.01 4.06 0.00 4.17 5.06 3.40 5.63 0.00 7.60 7.93 7.93 0.00 7.46 7.55 7.97 2.93 3.84 6.97 8.50 5.70 6.67 0.00 0.00 0.00 2.65 3.75 4.23 5.49 6.34 3.15 3.36 16008370
4.77 3.01 4.13 0.00 4.29 5.05 3.29 5.50 5.49 7.50 7.94 8.25 0.00 7.46 7.52 8.11 3.08 3.78 6.67 8.39 5.74 0.00 0.00 4.61 0.00 2.67 3.80 3.66 5.50 6.33 3.16 3.59 16021460
5.13 3.02 4.16 5.84 3.97 5.11 3.40 5.63 0.00 7.13 7.82 7.95 0.00 7.47 7.54 7.95 2.13 4.00 0.00 8.29 5.59 0.00 0.00 4.69 0.00 2.68 3.73 3.98 5.49 6.28 3.14 3.51 16034550
4.37 3.00 4.18 0.00 4.16 4.72 3.59 4.48 5.71 7.58 7.98 0.00 0.00 7.37 7.62 7.90 2.03 4.01 6.68 8.41 6.30 0.00 0.00 4.62 0.00 2.66 3.76 3.95 5.45 6.44 3.19 3.64 16047640
4.63 3.00 4.11 0.00 3.57 4.52 2.99 2.17 0.00 5.62 7.81 0.00 0.00 7.38 7.65 7.80 3.19 4.04 6.74 8.19 6.14 6.71 0.00 4.55 0.00 2.73 3.76 3.81 5.46 6.40 3.14 3.47 16060730
4.40 3.00 4.42 0.00 3.25 4.57 3.49 5.49 5.22 6.49 7.78 8.13 0.00 7.90 8.23 7.78 2.95 3.85 7.39 8.51 5.60 0.00 0.00 5.00 0.00 2.70 3.76 3.79 5.60 6.36 3.13 3.58 16073820
4.39 2.99 4.27 0.00 3.53 4.25 2.90 5.53 5.22 7.64 7.86 7.97 0.00 7.36 0.00 7.83 2.10 4.00 7.14 8.33 6.00 0.00 0.00 0.00 0.00 3.01 3.76 4.66 5.45 6.27 3.15 3.45 16086910
4.38 3.01 4.21 0.00 3.49 3.90 2.77 5.37 5.25 7.53 7.84 7.91 6.67 7.35 7.50 7.62 2.94 3.84 6.85 8.73 5.54 0.00 0.00 5.30 0.00 2.68 3.81 4.27 5.77 0.00 3.37 3.41 16100000
4.63 2.99 4.36 0.00 2.86 4.06 3.38 5.60 0.00 7.61 7.82 7.74 0.00 7.36 7.61 7.90 2.04 4.06 6.97 8.21 6.03 6.93 0.00 5.20 0.00 2.70 3.79 3.54 5.50 6.24 3.20 3.41 16113090
4.45 2.98 4.36 0.00 3.26 3.33 2.67 0.00 5.24 5.11 7.90 7.93 0.00 7.33 7.53 7.55 2.20 3.90 7.03 8.18 5.84 0.00 0.00 5.40 0.00 2.84 3.79 3.74 5.57 6.35 3.23 3.61 16126180
5.02 3.02 4.42 0.00 2.87 2.93 4.00 3.94 0.00 5.34 7.88 7.75 6.53 7.25 8.34 8.10 2.02 4.00 7.02 8.25 5.70 6.88 0.00 4.63 0.00 2.80 3.79 3.83 5.55 6.30 3.19 3.50 16139270
4.54 3.01 4.48 0.00 2.98 3.80 3.71 5.42 5.29 7.74 7.95 7.98 0.00 7.16 7.54 7.34 2.11 4.16 7.46 8.20 6.41 6.97 0.00 4.80 0.00 2.71 3.80 3.66 5.74 6.30 3.17 3.44 16152360
4.67 2.96 4.74 0.00 2.75 3.81 3.75 4.76 5.39 5.37 7.86 0.00 6.10 7.19 8.24 7.46 3.10 4.20 6.87 8.33 5.73 0.00 0.00 5.15 0.00 2.68 3.82 3.72 5.48 6.27 3.18 3.55 16165450
4.72 3.01 4.51 0.00 2.59 3.56 0.00 4.87 4.93 7.57 7.89 7.71 6.67 7.17 7.46 7.41 2.52 4.23 7.22 9.27 5.85 0.00 0.00 5.46 0.00 2.81 3.88 3.77 5.73 6.35 3.33 3.49 16178540
4.89 2.99 4.54 0.00 2.60 3.28 0.00 5.38 5.19 7.61 7.92 7.86 6.47 7.31 7.32 7.38 0.00 4.19 7.03 8.36 5.88 0.00 0.00 0.00 0.00 3.13 3.77 3.63 5.53 6.42 3.23 3.41 16191630
4.55 3.00 4.51 2.79 2.53 3.25 0.00 5.31 5.25 7.80 8.04 7.71 6.42 7.00 7.52 7.20 2.65 4.15 6.93 8.45 5.92 6.85 0.00 0.00 0.00 2.82 3.80 3.94 5.60 6.40 3.23 4.15 16204720
4.67 2.99 4.54 3.05 2.67 3.01 3.57 5.35 0.00 7.74 7.90 7.81 6.70 6.88 7.30 7.04 2.57 3.91 7.01 8.55 5.87 6.83 0.00 5.33 0.00 2.84 3.77 3.64 5.65 6.33 3.41 3.49 16217810
4.54 3.03 4.88 2.83 2.67 2.99 0.00 5.16 0.00 8.34 7.91 7.64 6.30 7.00 7.21 7.10 2.06 3.88 6.86 8.27 5.87 0.00 0.00 4.59 0.00 3.26 3.79 3.85 5.57 6.30 3.16 3.39 16230900
0.00 3.02 4.66 0.00 2.63 3.02 3.72 5.28 0.00 7.62 8.02 7.78 0.00 6.70 7.13 7.22 2.03 4.14 6.80 8.36 5.86 7.06 0.00 0.00 0.00 2.82 3.84 4.26 5.57 6.36 3.14 3.41 16243990
4.68 3.01 4.46 0.00 2.69 2.93 3.46 5.34 0.00 7.87 8.00 7.81 0.00 6.99 7.18 7.17 2.06 3.88 6.86 9.14 6.07 7.08 0.00 0.00 0.00 2.82 3.79 3.87 5.54 6.31 3.19 3.50 16257080
4.66 3.01 4.60 0.00 2.69 2.95 3.74 5.19 0.00 7.39 7.98 0.00 0.00 6.72 7.11 7.06 2.15 4.03 6.73 8.26 6.14 0.00 0.00 5.79 0.00 2.89 3.94 4.39 5.43 6.40 3.16 3.48 16270170
4.59 3.00 4.55 3.02 2.75 2.88 0.00 5.36 0.00 7.68 7.92 7.69 0.00 7.00 7.46 6.94 2.08 4.09 6.61 0.00 5.92 7.55 0.00 4.52 0.00 2.91 3.93 3.89 5.57 6.31 3.17 3.46 16283260
4.59 3.00 4.55 0.00 2.81 2.89 0.00 5.20 0.00 7.80 8.06 0.00 6.46 6.99 7.15 7.03 2.03 4.05 7.00 8.67 0.00 7.00 0.00 0.00 0.00 2.82 3.87 3.58 5.59 6.32 3.36 3.43 16296350
4.74 3.00 4.53 0.00 2.54 2.82 0.00 5.32 0.00 7.73 7.91 0.00 6.39 7.13 7.10 6.88 0.00 4.06 6.84 8.20 5.90 0.00 0.00 5.46 0.00 2.85 3.90 3.56 5.53 6.36 3.15 3.41 16309440
4.64 3.00 4.56 0.00 2.60 2.88 0.00 5.61 5.23 7.63 7.94 0.00 6.43 6.92 7.01 7.15 2.03 3.86 6.80 8.48 5.94 0.00 0.00 5.45 0.00 2.87 3.92 3.50 5.58 6.35 3.19 3.47 16322530
4.66 3.01 4.56 0.00 2.50 3.10 0.00 5.17 0.00 7.66 7.90 7.58 0.00 7.06 6.99 6.98 2.02 4.25 6.79 0.00 6.07 6.85 0.00 4.63 0.00 2.89 3.89 4.05 5.60 6.32 3.18 3.43 16335620
4.74 3.01 4.55 0.00 2.45 2.88 0.00 5.24 0.00 7.64 7.90 7.64 0.00 6.99 7.12 7.11 2.12 4.02 6.72 0.00 5.93 7.07 0.00 4.63 0.00 2.93 3.78 3.83 5.59 6.31 3.24 3.47 16348710
4.69 2.99 4.53 0.00 2.42 2.83 3.27 5.18 0.00 7.78 7.87 7.63 6.41 6.78 7.48 6.85 2.05 4.12 6.76 0.00 0.00 6.90 0.00 0.00 0.00 3.07 3.82 4.10 5.73 6.29 3.21 3.52 16361800
4.63 3.01 4.52 3.19 2.41 2.90 0.00 5.12 0.00 8.36 7.95 7.54 6.37 6.67 7.03 6.91 2.11 4.43 6.71 8.23 6.61 0.00 0.00 4.50 0.00 2.97 3.87 4.13 5.66 6.42 3.31 3.46 16374890
4.77 2.99 4.57 3.23 2.40 2.72 3.32 5.25 0.00 7.65 8.02 7.52 0.00 6.70 7.01 7.20 2.10 3.91 6.67 8.17 6.10 7.00 0.00 0.00 0.00 2.92 3.78 3.94 5.47 6.43 3.20 3.39 16387980
4.71 3.00 4.57 3.24 2.42 2.71 3.31 5.62 5.35 7.77 7.88 7.63 0.00 6.66 7.14 6.75 2.03 4.20 6.71 8.37 5.87 6.98 0.00 4.46 0.00 2.93 3.84 3.65 5.52 6.45 3.16 3.99 16401070
4.81 3.00 4.85 3.07 2.47 2.67 0.00 5.09 0.00 7.68 7.91 7.57 6.29 6.86 7.20 6.90 3.05 4.03 6.81 8.68 6.47 7.02 0.00 4.41 0.00 2.88 3.88 3.99 5.55 6.36 3.22 3.45 16414160
4.73 2.95 4.60 3.21 2.44 2.69 0.00 5.16 0.00 7.70 7.89 7.58 6.56 6.65 7.11 6.73 2.96 4.04 6.94 8.66 6.05 7.08 0.00 4.51 0.00 2.84 3.78 3.60 5.51 6.63 3.23 0.00 16427250
5.32 2.96 4.64 3.22 2.45 2.64 0.00 5.11 5.22 7.65 0.00 7.60 6.47 6.56 6.91 7.08 2.27 3.99 6.75 8.34 0.00 0.00 0.00 4.64 0.00 2.84 3.79 3.56 5.51 6.37 3.35 3.47 16440340
4.78 3.00 4.80 3.21 2.48 2.70 4.00 5.08 0.00 7.63 7.95 7.59 6.30 6.63 7.53 6.86 2.04 4.09 7.27 8.83 0.00 0.00 0.00 4.65 0.00 2.84 3.91 3.92 5.57 6.39 3.15 3.46 16453430
4.95 3.00 4.51 3.21 2.43 2.65 0.00 5.05 0.00 7.69 7.81 7.82 0.00 6.59 7.10 6.84 2.05 3.97 6.77 8.43 6.08 0.00 0.00 4.64 0.00 2.81 3.79 3.57 5.54 7.04 3.16 3.42 16466520
4.60 2.98 4.58 3.02 2.49 2.65 0.00 5.18 0.00 7.79 7.93 0.00 0.00 6.79 0.00 7.06 2.08 4.22 6.79 8.53 5.98 0.00 0.00 4.63 0.00 2.79 3.78 3.69 5.55 7.05 3.28 3.39 16479610
4.80 2.97 4.54 3.21 2.47 2.69 3.52 5.05 0.00 7.66 7.85 0.00 6.52 6.66 6.79 7.21 2.03 4.18 6.77 8.42 6.12 7.12 0.00 4.53 0.00 2.80 3.80 3.84 5.62 6.33 3.24 3.53 16492700
4.75 3.00 4.54 3.10 2.47 2.78 3.29 5.08 5.14 7.75 7.83 7.59 6.35 6.47 6.85 7.03 2.80 4.19 6.74 8.39 0.00 0.00 0.00 4.57 0.00 2.78 3.78 3.69 5.59 6.35 3.19 3.42 16505790
4.69 2.99 4.75 0.00 2.48 2.76 0.00 4.82 0.00 7.59 8.56 7.75 6.31 6.75 6.81 7.16 2.06 4.22 6.71 8.81 6.56 0.00 0.00 4.66 0.00 2.78 3.77 3.59 5.56 6.33 3.18 4.11 16518880
4.75 2.97 4.50 3.20 2.48 2.75 0.00 4.93 0.00 7.66 7.86 7.78 6.42 6.47 0.00 6.85 2.04 4.22 6.66 8.30 6.10 0.00 0.00 4.57 0.00 2.77 3.77 3.70 5.57 6.33 3.20 3.50 16531970
4.78 3.00 5.26 3.23 2.59 2.70 0.00 5.40 0.00 7.78 7.84 7.55 6.09 6.70 6.63 6.82 2.16 4.79 7.23 8.48 0.00 6.98 0.00 5.35 0.00 2.77 3.78 4.12 5.59 6.39 3.17 3.49 16545060
4.75 2.98 4.58 3.22 2.48 2.65 0.00 5.21 0.00 7.69 7.87 7.56 0.00 6.81 6.95 7.12 2.10 4.05 6.84 8.23 5.92 6.89 0.00 5.17 0.00 2.77 3.80 3.77 5.51 6.36 3.18 3.41 16558150
4.75 2.98 4.56 0.00 2.56 2.61 0.00 4.84 5.23 7.74 7.85 0.00 0.00 6.69 6.69 7.12 2.02 4.25 6.78 8.67 0.00 6.95 0.00 5.29 0.00 2.77 3.77 3.72 5.57 6.41 3.22 3.45 16571240
4.72 3.00 4.58 0.00 2.46 2.63 0.00 4.77 0.00 7.70 7.92 0.00 6.35 6.58 6.78 7.14 2.48 3.98 6.71 8.31 6.07 0.00 0.00 5.33 0.00 2.77 3.82 3.67 5.52 6.34 3.18 3.62 16584330
4.86 2.99 4.54 0.00 2.52 2.66 0.00 5.08 0.00 7.62 8.03 0.00 0.00 6.51 6.90 0.00 2.20 3.99 6.77 8.30 6.03 6.90 0.00 5.31 0.00 2.78 3.78 4.14 5.46 6.34 3.16 3.40 16597420
5.17 3.00 4.52 0.00 2.54 2.63 0.00 4.75 0.00 7.81 7.82 7.53 6.64 6.67 6.78 6.88 2.16 3.97 6.72 8.87 6.08 6.88 0.00 5.30 0.00 2.79 3.80 4.05 5.89 6.40 3.18 3.41 16610510
4.73 2.99 4.67 0.00 2.52 2.67 0.00 4.48 0.00 7.70 7.85 7.62 6.70 6.56 6.66 0.00 2.28 3.97 6.69 8.73 5.96 6.88 0.00 5.28 0.00 2.79 3.78 3.53 5.70 6.34 3.30 3.48 16623600
4.84 3.01 4.56 0.00 2.65 2.59 3.80 5.06 0.00 7.76 7.85 7.53 6.90 6.55 6.73 7.05 2.28 3.96 6.79 8.50 6.01 6.88 0.00 5.28 0.00 2.78 3.89 3.52 5.53 6.32 3.15 3.44 16636690
5.24 2.97 4.63 0.00 2.75 2.64 0.00 4.59 0.00 7.73 7.85 7.74 0.00 6.50 7.43 6.92 2.24 4.02 6.79 8.50 6.01 6.93 0.00 4.50 0.00 2.78 3.77 3.61 0.00 6.34 3.16 3.52 16649780
4.69 3.00 4.62 0.00 2.50 2.61 3.75 4.42 0.00 7.67 7.87 8.28 0.00 6.53 6.78 6.84 2.22 3.94 7.06 8.67 6.12 6.92 0.00 5.27 0.00 2.77 3.79 3.74 5.59 6.31 3.14 3.43 16662870
4.83 3.01 5.28 0.00 2.54 2.71 0.00 4.75 0.00 7.65 7.87 0.00 6.11 6.49 6.93 6.95 2.18 3.90 6.78 0.00 6.16 6.89 0.00 5.29 0.00 2.77 3.80 3.60 5.64 6.32 3.17 3.45 16675960
4.81 3.00 4.60 0.00 2.50 2.64 0.00 4.34 0.00 7.67 7.92 7.62 6.38 6.49 6.99 6.90 2.18 4.16 6.71 8.52 6.59 0.00 0.00 5.30 0.00 2.80 3.77 3.56 5.54 6.35 3.18 3.46 16689050
4.75 2.99 4.62 0.00 2.54 2.68 4.00 4.61 0.00 7.90 7.89 8.26 6.11 6.82 6.72 6.65 2.15 3.97 6.70 8.27 5.85 0.00 0.00 0.00 0.00 2.80 3.79 3.52 5.60 6.33 3.25 3.57 16702140
4.81 2.98 4.75 0.00 2.58 3.32 3.95 4.39 5.41 7.70 8.02 7.60 6.51 6.41 6.71 7.11 2.23 3.97 7.13 8.60 6.18 6.94 0.00 0.00 0.00 2.79 3.79 3.98 5.49 6.35 0.00 3.50 16715230
4.74 2.99 4.62 0.00 2.51 2.64 0.00 4.65 0.00 7.64 7.92 7.70 6.55 6.38 0.00 7.12 2.15 3.96 6.96 8.74 6.19 6.95 0.00 0.00 0.00 2.81 3.81 3.73 5.65 6.35 3.16 3.52 16728320
4.98 2.95 4.65 0.00 2.53 2.66 0.00 4.45 0.00 7.68 7.95 7.61 6.85 6.38 6.74 6.80 2.23 3.97 6.63 8.43 5.98 0.00 0.00 0.00 0.00 2.81 3.80 3.79 5.65 6.36 3.16 3.47 16741410
4.76 3.00 4.62 0.00 2.98 2.70 0.00 4.29 0.00 7.69 7.86 8.04 6.37 6.39 6.71 6.89 2.20 3.94 6.68 9.30 5.91 6.93 0.00 0.00 0.00 2.80 3.86 3.66 5.93 6.36 3.17 3.45 16754500
4.74 3.00 4.60 0.00 2.73 2.75 3.67 4.17 0.00 7.70 7.90 7.67 6.33 6.40 6.75 6.80 2.16 4.16 6.89 8.46 0.00 6.97 0.00 0.00 0.00 2.80 3.84 3.67 5.80 6.35 3.15 3.66 16767590
4.67 3.01 4.59 3.21 2.47 2.71 0.00 4.17 0.00 7.67 7.88 7.64 0.00 6.45 6.71 6.69 2.23 3.99 6.63 8.35 5.91 0.00 0.00 0.00 0.00 2.79 3.85 3.61 5.51 6.35 3.21 0.00 16780680
4.66 2.98 4.67 3.26 2.56 2.65 3.30 4.53 5.21 7.93 8.64 7.63 6.38 6.39 6.75 6.60 2.27 0.00 6.60 8.61 6.33 0.00 0.00 0.00 0.00 2.82 3.80 3.59 5.49 6.35 3.21 3.49 16793770
4.71 2.98 4.58 0.00 2.50 2.69 0.00 4.24 0.00 7.76 7.82 7.63 6.64 7.00 6.96 6.59 2.38 4.06 6.81 8.49 6.28 6.93 0.00 0.00 0.00 2.84 3.92 3.60 5.62 6.32 3.18 3.42 16806860
4.79 2.98 4.64 0.00 2.52 2.71 0.00 3.61 0.00 7.83 7.90 7.66 6.62 6.88 6.55 6.71 2.05 4.19 6.78 9.10 6.31 6.94 0.00 0.00 0.00 2.81 3.81 3.83 5.48 6.34 3.20 3.45 16819950
4.80 2.96 4.57 0.00 2.46 2.65 3.74 4.07 0.00 7.69 8.15 7.61 6.40 6.33 6.73 7.33 2.44 4.03 6.72 8.33 0.00 6.99 0.00 0.00 0.00 2.82 3.92 3.79 6.12 6.34 3.19 3.49 16833040
4.68 2.99 4.71 0.00 2.58 2.68 0.00 4.26 0.00 7.59 7.91 7.62 6.07 6.46 6.55 6.86 2.23 4.05 6.81 8.45 6.20 6.95 0.00 0.00 0.00 2.80 3.89 3.72 6.15 6.39 3.18 3.45 16846130
5.16 2.99 4.62 3.24 2.55 2.65 0.00 4.13 5.23 7.68 7.97 7.59 6.50 6.47 6.67 6.58 2.15 4.27 6.81 8.47 0.00 0.00 0.00 0.00 0.00 2.82 3.90 3.70 5.51 6.38 3.21 3.64 16859220
4.78 2.99 4.64 0.00 3.01 2.63 0.00 3.95 0.00 7.67 8.00 8.26 6.58 6.50 6.80 6.90 2.17 3.98 6.77 8.80 6.04 0.00 0.00 0.00 0.00 2.81 3.82 3.66 5.73 6.41 3.84 3.51 16872310
4.87 2.98 4.60 0.00 2.50 2.64 0.00 3.89 0.00 7.72 7.85 7.59 6.50 7.24 6.54 6.61 2.16 4.21 6.67 8.40 6.09 7.06 0.00 0.00 0.00 2.82 3.79 3.78 5.64 6.34 3.20 3.58 16885400
4.75 2.99 4.73 0.00 2.49 2.54 3.73 3.82 0.00 7.70 7.97 7.69 6.57 6.42 6.55 7.47 2.16 4.26 6.87 8.49 6.12 7.12 0.00 4.79 0.00 2.82 3.82 3.80 5.61 6.40 3.22 3.42 16898490
4.79 3.01 4.70 0.00 2.48 2.61 0.00 4.08 0.00 7.76 8.50 7.58 6.20 6.38 6.43 6.68 2.16 4.28 6.68 8.29 6.28 7.11 0.00 0.00 0.00 2.82 3.82 3.84 5.54 6.42 3.41 3.46 16911580
4.84 3.00 4.62 0.00 2.47 2.71 0.00 4.08 0.00 7.62 7.88 7.56 6.22 6.32 6.42 7.24 2.15 4.25 6.68 8.30 6.10 7.15 0.00 0.00 0.00 2.81 3.82 3.72 5.51 6.42 3.21 3.45 16924670
4.76 2.99 4.61 0.00 2.55 2.56 0.00 3.78 0.00 7.77 8.04 7.51 6.06 6.36 6.54 6.68 2.15 4.25 7.00 8.45 6.00 7.06 0.00 0.00 0.00 2.81 3.83 3.80 5.44 6.33 3.23 3.51 16937760
5.26 3.00 4.67 0.00 2.45 2.54 0.00 3.75 0.00 7.68 7.89 7.53 5.99 6.26 6.65 6.97 2.16 3.96 6.74 8.43 6.17 7.04 0.00 0.00 0.00 2.82 3.83 4.10 5.56 6.31 3.33 3.39 16950850
4.78 2.99 4.73 0.00 2.45 2.52 0.00 3.75 0.00 7.74 0.00 8.21 6.20 6.44 6.57 6.77 2.15 3.97 6.88 8.81 6.06 7.03 0.00 0.00 0.00 2.82 3.83 4.25 5.62 7.16 3.19 3.43 16963940
4.87 2.99 4.84 0.00 2.46 2.61 0.00 3.78 0.00 7.65 8.05 7.48 6.22 6.29 6.49 7.02 2.15 3.92 7.08 0.00 6.12 7.03 0.00 0.00 0.00 2.81 3.81 3.68 5.47 6.43 3.21 3.49 16977030
4.99 2.98 4.55 0.00 2.45 2.61 4.00 3.83 0.00 7.80 7.97 7.76 5.95 6.41 6.54 6.64 2.15 4.05 6.78 9.03 6.02 7.14 0.00 0.00 0.00 2.82 3.82 4.36 5.53 6.42 3.21 4.11 16990120
4.91 2.93 4.67 0.00 2.57 2.51 0.00 3.91 0.00 7.70 7.89 7.85 5.97 6.29 6.64 6.70 2.17 3.94 6.74 8.54 6.26 7.08 0.00 0.00 0.00 2.82 3.82 3.63 5.48 6.34 3.23 3.41 17003210
4.70 3.00 4.78 3.22 2.46 2.60 0.00 3.83 0.00 7.70 7.85 7.61 6.02 6.16 6.88 7.11 2.18 4.18 6.71 8.44 6.05 0.00 0.00 0.00 0.00 2.84 3.82 3.74 5.54 6.39 3.23 3.44 17016300
4.94 2.99 4.70 0.00 2.53 2.56 3.30 3.69 0.00 7.73 7.93 7.65 6.49 6.27 6.60 6.76 2.09 4.16 6.68 8.55 6.17 7.07 0.00 0.00 0.00 2.82 3.77 3.81 5.67 6.32 3.19 3.40 17029390
5.00 3.00 4.58 3.00 2.51 2.56 0.00 3.66 0.00 7.71 7.88 7.58 6.28 6.26 7.08 6.64 2.06 4.10 6.64 8.52 6.15 7.11 0.00 5.36 0.00 2.81 3.78 3.71 5.76 6.33 3.23 0.00 17042480
4.78 3.00 4.76 0.00 2.52 2.71 0.00 3.60 0.00 7.82 7.89 7.58 6.20 6.20 6.43 6.75 2.02 4.29 6.78 8.80 6.34 7.15 0.00 5.42 0.00 2.83 3.80 0.00 5.58 6.33 3.21 3.39 17055570
5.23 2.99 4.94 0.00 2.60 2.60 3.72 3.39 0.00 7.61 7.97 7.69 6.24 6.24 6.42 6.56 2.03 0.00 6.77 8.79 6.79 6.95 0.00 5.51 0.00 2.78 3.75 3.93 5.52 6.35 3.19 3.63 17068660
4.79 3.01 4.77 0.00 2.58 2.64 3.29 3.95 5.24 7.67 8.47 0.00 6.24 6.18 6.64 6.70 2.05 4.02 7.08 0.00 6.21 0.00 0.00 0.00 0.00 2.81 3.90 3.88 5.88 6.37 3.42 3.38 17081750
4.84 3.01 4.89 0.00 2.55 2.63 4.05 3.74 0.00 7.69 8.25 7.47 6.32 6.06 6.50 7.01 0.00 4.02 6.94 8.83 6.56 7.58 0.00 0.00 0.00 2.82 3.78 3.64 5.65 6.42 3.20 3.37 17094840
4.86 3.02 4.80 0.00 2.57 2.58 2.11 3.18 0.00 7.65 7.87 7.52 6.35 6.01 6.27 6.47 2.21 3.92 6.78 8.52 6.16 7.23 0.00 0.00 0.00 2.86 3.76 3.79 5.59 6.44 3.16 3.45 17107930
4.84 3.00 4.96 3.11 2.55 2.60 0.00 2.38 0.00 7.67 8.01 7.56 6.26 6.24 6.22 6.60 2.15 3.95 6.82 8.55 5.94 7.01 0.00 5.25 0.00 2.86 3.82 3.71 5.74 6.49 3.20 3.42 17121020
4.89 2.98 4.98 0.00 2.57 2.61 3.31 3.42 0.00 7.77 8.06 7.47 6.04 5.95 0.00 6.54 2.02 3.89 6.98 8.64 5.93 6.98 0.00 5.37 0.00 2.85 3.82 3.71 5.54 6.36 3.28 3.42 17134110
5.02 2.99 5.25 0.00 2.58 2.58 0.00 3.33 0.00 7.17 7.88 0.00 5.95 5.87 6.24 6.31 2.05 4.05 7.04 8.53 6.03 7.05 0.00 0.00 0.00 2.95 3.81 3.69 5.61 6.57 3.27 3.48 17147200
4.94 3.02 5.07 0.00 2.51 2.60 3.45 3.45 0.00 7.56 7.86 7.94 6.14 5.83 6.25 6.36 2.02 3.82 7.10 8.82 6.10 6.95 0.00 4.66 0.00 2.86 3.88 0.00 5.57 6.39 3.23 3.43 17160290
4.87 3.01 5.16 0.00 2.56 2.57 2.43 3.26 5.40 7.71 7.99 7.43 5.97 5.86 6.19 6.31 2.03 0.00 6.92 8.61 6.13 7.06 0.00 5.12 0.00 3.34 3.85 0.00 5.71 6.31 3.22 3.44 17173380
4.91 3.00 5.12 3.09 2.67 2.61 3.55 3.31 4.98 7.66 8.13 7.44 6.21 5.72 6.22 6.42 2.21 4.34 7.01 9.05 6.24 7.04 0.00 0.00 0.00 2.87 3.80 4.36 5.69 6.35 3.31 3.45 17186470
5.17 2.99 5.17 0.00 2.82 2.62 0.00 2.63 5.61 7.70 7.91 7.86 5.82 5.69 6.21 6.27 2.15 4.14 6.87 8.54 6.40 0.00 0.00 5.72 0.00 2.79 3.81 0.00 5.55 6.40 3.28 3.39 17199560
4.88 3.01 5.10 0.00 2.59 2.63 0.00 3.26 5.18 7.72 7.85 7.29 5.85 5.64 6.20 6.25 2.03 3.85 7.00 8.81 6.15 7.04 0.00 5.34 0.00 2.81 3.78 4.16 5.57 6.43 3.25 3.39 17212650
4.99 2.97 5.23 3.19 2.60 2.66 0.00 3.27 5.31 7.78 7.90 0.00 5.72 5.64 6.26 6.20 2.08 3.76 6.82 8.98 6.20 7.05 0.00 5.51 0.00 0.00 3.82 4.08 5.55 6.34 3.23 3.41 17225740
4.98 2.82 5.24 3.10 2.59 2.69 0.00 3.29 0.00 7.68 8.25 7.19 0.00 5.60 6.16 6.21 2.03 3.79 7.02 8.83 6.27 7.06 0.00 5.32 0.00 0.00 3.77 3.75 5.46 6.43 3.24 3.39 17238830
4.87 2.99 5.09 3.14 2.59 2.67 2.98 3.15 5.24 7.66 8.02 0.00 0.00 5.60 6.49 6.28 2.76 3.97 7.10 8.95 6.14 0.00 0.00 4.54 0.00 2.74 4.03 4.09 5.54 6.45 3.27 3.38 17251920
0.00 2.99 5.19 0.00 2.57 2.61 3.74 3.28 0.00 7.62 7.88 7.52 5.66 4.65 6.33 6.21 3.13 4.09 6.68 8.87 6.33 7.11 0.00 0.00 0.00 2.71 3.88 4.05 5.68 6.47 3.30 3.41 17265010
4.88 3.00 5.28 0.00 2.54 2.59 0.00 3.17 5.13 7.75 7.89 7.35 6.34 5.72 6.37 6.24 2.06 4.08 6.86 9.37 6.27 7.27 0.00 4.70 0.00 2.70 3.85 3.90 5.53 6.46 3.32 3.39 17278100
5.08 3.02 5.28 0.00 2.55 2.65 3.69 3.16 5.10 7.77 7.88 7.30 5.65 5.63 6.29 6.71 2.81 3.82 6.77 8.63 0.00 7.28 0.00 4.53 0.00 2.69 3.84 4.30 5.53 6.52 3.35 3.41 17291190
4.90 3.02 5.19 3.13 2.49 2.53 0.00 3.04 0.00 7.76 7.95 7.23 5.82 5.61 6.20 6.25 2.81 3.74 7.07 8.86 6.33 7.22 0.00 4.59 0.00 2.70 3.86 3.79 5.62 6.49 3.33 3.36 17304280
4.87 3.03 0.00 0.00 3.00 2.49 0.00 3.03 0.00 7.72 8.09 0.00 5.60 5.50 6.89 6.28 2.92 3.77 7.27 8.98 6.33 0.00 0.00 0.00 0.00 2.70 3.84 4.30 5.58 6.40 3.87 3.40 17317370
5.13 2.99 0.00 3.22 2.72 2.51 0.00 3.41 0.00 7.63 7.93 7.36 5.57 5.61 6.20 6.34 2.09 4.05 7.08 8.82 6.22 0.00 0.00 0.00 0.00 2.71 3.77 4.04 5.58 6.41 4.02 3.39 17330460
4.95 2.98 5.10 3.22 2.50 2.61 3.71 3.09 0.00 7.69 7.92 7.20 5.58 5.52 6.27 6.29 2.02 3.86 0.00 8.80 6.52 0.00 0.00 0.00 0.00 2.73 3.77 3.95 5.60 6.44 3.29 3.43 17343550
5.55 3.00 5.20 3.13 2.58 2.56 0.00 3.08 0.00 7.75 7.93 7.16 5.63 5.54 6.26 6.36 2.17 3.72 6.90 8.88 6.16 0.00 0.00 4.51 0.00 2.70 3.76 4.27 5.46 6.40 3.31 3.33 17356640
5.29 3.00 5.18 3.08 2.53 2.55 0.00 3.22 0.00 7.89 7.82 7.16 5.49 5.48 6.22 6.32 2.16 3.85 7.19 8.93 0.00 0.00 0.00 0.00 0.00 2.68 3.86 4.76 5.63 6.47 3.34 3.45 17369730
4.89 3.08 5.40 0.00 2.72 2.48 0.00 3.04 0.00 8.10 7.84 7.27 5.42 5.48 6.23 6.38 2.07 3.74 7.60 8.82 6.35 0.00 0.00 5.37 0.00 2.70 3.86 4.17 5.75 6.42 3.31 3.33 17382820
4.94 3.02 0.00 0.00 2.60 2.57 0.00 2.87 0.00 7.64 7.89 7.28 5.70 5.55 6.16 6.23 2.11 4.10 0.00 8.80 6.34 0.00 0.00 5.36 0.00 2.69 3.81 3.86 5.68 6.41 3.37 3.41 17395910
5.08 3.02 0.00 0.00 2.52 2.61 0.00 3.36 0.00 7.70 7.85 7.25 5.60 5.66 6.15 6.27 2.08 4.43 6.94 8.80 6.42 0.00 9.95 4.87 0.00 2.69 3.78 3.98 5.66 6.60 3.33 0.00 17409000
4.95 3.02 0.00 0.00 2.53 2.58 0.00 3.10 0.00 7.69 8.62 7.50 5.63 5.51 6.33 6.32 2.50 3.75 7.11 8.84 6.36 0.00 0.00 0.00 0.00 2.68 3.78 3.83 5.61 6.43 3.32 3.64 17422090
4.96 3.01 0.00 0.00 2.52 2.56 0.00 2.91 0.00 7.70 8.08 7.84 5.29 5.57 6.20 6.29 2.33 3.69 0.00 9.40 0.00 7.01 0.00 0.00 0.00 2.69 3.79 3.87 5.64 6.44 3.32 3.48 17435180
4.93 3.03 0.00 0.00 2.57 2.59 0.00 2.99 0.00 7.79 7.83 7.25 5.66 5.57 6.17 6.40 2.36 3.64 0.00 8.83 6.43 0.00 0.00 4.85 0.00 2.68 3.79 4.30 5.54 6.51 3.39 3.48 17448270
5.17 3.02 0.00 0.00 2.54 2.61 3.32 3.05 0.00 7.75 7.88 7.35 5.78 5.51 6.21 6.45 2.08 3.73 0.00 8.95 0.00 7.04 0.00 5.43 0.00 2.68 3.80 4.23 5.57 6.48 3.32 3.38 17461360
5.10 3.04 0.00 0.00 2.55 2.58 0.00 3.11 0.00 7.67 7.89 7.32 5.60 5.76 6.24 6.33 2.07 4.40 7.19 8.95 6.13 7.19 0.00 5.48 0.00 2.69 3.81 3.97 5.60 6.45 3.32 3.62 17474450
5.09 3.02 0.00 0.00 2.67 2.56 5.62 3.41 5.23 7.68 7.83 7.25 5.53 5.51 0.00 6.36 2.09 0.00 0.00 8.92 0.00 0.00 0.00 5.51 0.00 0.00 3.81 4.06 5.62 6.42 3.39 3.48 17487540
5.48 3.01 0.00 0.00 2.68 2.54 0.00 2.97 0.00 7.70 7.82 7.26 5.65 5.53 6.22 6.35 2.10 3.68 0.00 8.92 0.00 7.23 0.00 5.48 0.00 2.68 3.82 0.00 5.50 6.40 3.36 3.43 17500630
4.96 3.04 0.00 0.00 3.17 2.54 5.39 3.17 0.00 7.67 7.87 7.24 5.84 5.51 6.20 6.36 2.07 4.02 7.21 8.90 0.00 7.13 0.00 5.48 0.00 2.71 3.82 0.00 6.15 6.45 3.33 0.00 17513720
5.45 3.02 0.00 0.00 2.62 2.58 0.00 3.12 0.00 7.67 7.91 0.00 5.74 5.66 6.27 6.33 2.09 4.05 7.23 8.91 6.45 7.21 0.00 5.53 0.00 2.69 3.82 4.28 5.62 6.45 3.31 3.43 17526810