3.54 3.07 4.96 0.00 4.00 3.57 0.00 5.40 4.33 5.88 6.86 0.00 4.49 5.02 5.85 6.47 0.00 3.96 6.62 0.00 5.80 0.00 0.00 4.98 0.00 3.58 3.57 5.91 6.26 6.45 4.91 5.05 1695052
3.52 3.09 4.98 0.00 3.99 3.56 0.00 5.41 4.34 5.90 6.86 0.00 4.47 5.01 5.88 6.48 0.00 3.96 6.60 0.00 5.81 0.00 0.00 4.97 0.00 3.39 3.56 0.00 6.27 6.46 4.89 5.04 1708142
3.54 3.09 4.96 0.00 4.00 3.57 0.00 5.41 4.34 5.90 6.86 0.00 4.49 5.02 5.88 6.46 0.00 3.97 6.60 0.00 5.81 0.00 0.00 4.97 0.00 3.39 3.56 0.00 6.27 6.45 4.90 5.06 1721232
3.52 3.08 4.96 0.00 4.00 3.57 0.00 5.40 4.34 5.89 6.85 7.73 4.48 5.02 5.89 6.47 2.11 3.97 6.60 0.00 5.80 0.00 0.00 4.97 0.00 3.40 3.56 0.00 6.28 6.45 4.89 5.05 1734322
3.50 3.10 4.94 0.00 3.99 3.57 0.00 5.40 4.34 5.89 6.89 0.00 4.48 5.01 6.38 6.47 2.13 3.97 6.64 0.00 5.80 0.00 0.00 4.98 0.00 3.38 3.55 0.00 6.27 6.44 4.88 5.04 1747412
3.51 3.09 4.94 0.00 4.00 3.57 0.00 5.39 4.33 5.91 6.88 0.00 4.47 5.01 0.00 6.46 2.11 4.12 6.60 0.00 5.79 0.00 0.00 4.99 0.00 3.36 3.56 0.00 6.27 6.43 4.92 5.07 1760502
3.51 3.09 4.93 0.00 3.99 3.57 0.00 5.40 4.35 6.00 7.41 0.00 4.48 5.02 0.00 6.46 2.09 4.13 6.87 0.00 5.80 0.00 0.00 4.98 0.00 3.38 3.58 0.00 6.26 6.44 4.88 5.04 1773592
3.52 3.09 4.93 0.00 3.99 3.56 0.00 5.39 4.33 5.92 6.94 0.00 4.48 5.02 0.00 6.46 2.17 4.15 6.58 0.00 5.81 0.00 0.00 5.00 0.00 3.38 3.56 0.00 6.27 6.46 4.84 5.04 1786682
3.51 3.08 4.89 0.00 4.00 3.59 0.00 5.34 4.34 5.86 6.93 0.00 4.48 4.96 0.00 6.47 2.19 4.02 6.52 8.57 5.81 0.00 0.00 5.00 0.00 3.38 3.54 0.00 6.28 6.49 4.84 5.01 1799772
3.51 3.08 4.91 0.00 3.92 3.52 0.00 5.29 4.59 5.99 6.86 7.69 4.47 4.93 6.16 6.45 2.15 4.02 6.75 0.00 5.81 0.00 0.00 5.03 0.00 3.37 3.58 0.00 6.27 6.48 4.83 0.00 1812862
3.52 3.10 4.96 0.00 3.92 3.59 0.00 5.41 4.45 5.92 6.94 7.68 4.45 5.26 5.67 6.45 2.22 4.02 6.47 0.00 5.81 0.00 0.00 5.01 0.00 3.29 3.59 0.00 6.33 6.41 4.83 5.27 1825952
3.55 3.09 4.93 0.00 3.92 3.56 0.00 5.30 4.45 5.96 6.97 7.68 4.46 4.90 5.79 6.46 2.24 4.32 6.49 8.31 5.77 0.00 0.00 0.00 0.00 3.37 3.56 0.00 6.35 6.53 4.83 5.09 1839042
3.67 3.09 4.93 0.00 4.01 3.56 0.00 5.31 4.58 5.87 0.00 7.68 4.49 5.00 5.78 6.47 2.02 4.25 6.56 9.07 5.80 6.31 0.00 5.00 0.00 3.33 3.59 6.00 6.30 6.45 4.83 5.12 1852132
3.62 3.07 5.35 0.00 3.95 3.57 0.00 5.42 4.48 5.98 6.90 7.66 4.49 4.96 5.83 6.45 2.04 4.01 6.47 9.04 5.75 6.30 0.00 5.04 0.00 3.55 3.69 0.00 6.32 6.53 4.87 0.00 1865222
3.43 3.07 5.18 0.00 3.99 3.74 0.00 5.33 4.47 6.04 6.88 7.69 4.51 4.96 5.78 6.36 2.07 4.04 6.49 8.55 5.78 0.00 0.00 5.39 0.00 3.64 3.55 5.96 6.31 6.44 4.81 5.04 1878312
3.55 3.06 5.36 0.00 4.01 3.56 3.97 5.82 4.49 5.93 6.90 7.69 4.51 4.92 5.70 6.38 2.40 4.32 6.52 8.38 5.79 0.00 0.00 4.69 0.00 3.78 3.62 0.00 6.34 6.51 4.82 0.00 1891402
3.73 3.07 5.17 0.00 4.02 3.51 0.00 5.38 4.42 5.90 7.15 7.69 4.72 4.91 6.42 6.47 2.16 4.13 6.50 8.42 5.81 6.28 0.00 0.00 0.00 3.40 3.62 0.00 6.30 6.76 4.94 5.09 1904492
3.54 2.91 5.24 3.19 3.95 3.57 0.00 5.29 4.79 5.96 6.91 7.69 4.47 4.90 5.84 6.53 2.10 3.96 6.59 8.29 5.90 0.00 0.00 4.02 0.00 3.31 3.62 0.00 6.60 6.65 4.85 5.24 1917582
3.42 2.95 4.94 2.78 3.95 3.56 0.00 5.33 4.66 5.94 6.86 8.06 4.52 4.96 5.80 6.48 2.25 3.96 6.51 8.78 5.65 6.28 0.00 0.00 0.00 3.29 3.60 6.18 6.84 6.47 4.92 4.98 1930672
3.81 2.95 0.00 0.00 3.95 3.50 0.00 5.24 5.02 5.97 6.82 7.71 4.65 4.93 5.77 6.44 2.36 3.92 6.56 8.33 5.64 0.00 0.00 0.00 0.00 3.39 3.68 6.23 6.32 6.39 4.92 5.05 1943762
3.60 2.94 5.11 0.00 3.95 3.51 0.00 5.34 4.51 6.06 6.80 0.00 4.48 4.95 5.80 6.43 2.19 4.01 6.38 0.00 5.66 0.00 0.00 4.51 0.00 3.29 3.70 5.97 6.62 6.55 4.86 5.12 1956852
3.54 3.07 5.46 0.00 0.00 3.54 3.31 5.44 4.47 6.05 6.84 7.78 4.66 4.98 5.82 6.41 2.03 4.18 6.64 8.88 5.73 6.50 0.00 4.48 0.00 3.43 3.60 0.00 6.29 6.50 4.91 5.09 1969942
3.70 3.06 0.00 0.00 4.07 3.57 3.72 5.20 4.94 6.01 6.78 7.69 4.54 4.90 5.84 6.39 3.01 3.98 6.66 8.43 5.71 0.00 0.00 0.00 0.00 3.33 3.64 5.92 6.46 6.67 5.07 5.04 1983032
3.41 2.98 4.91 3.45 3.95 3.51 0.00 5.23 4.64 6.00 6.88 7.73 4.53 4.86 5.93 6.41 0.00 4.30 6.60 8.67 5.71 6.34 0.00 0.00 0.00 0.00 3.65 0.00 6.33 6.61 5.27 5.08 1996122
3.24 2.95 5.29 0.00 4.05 3.56 2.98 5.23 4.63 6.02 6.85 7.66 4.55 4.91 5.70 6.42 2.01 4.13 6.78 8.25 5.56 6.38 0.00 0.00 0.00 3.94 3.66 0.00 6.31 6.58 4.96 0.00 2009212
3.48 2.94 5.15 0.00 4.07 3.51 0.00 5.36 4.63 5.99 6.94 7.73 4.75 4.94 5.76 6.52 2.18 3.88 6.69 8.29 5.70 0.00 0.00 4.59 0.00 3.41 3.75 5.86 6.33 6.40 4.93 5.41 2022302
3.45 2.97 5.29 0.00 3.94 3.88 3.32 5.16 4.52 6.10 6.96 0.00 4.64 4.96 5.72 6.52 3.12 3.87 6.62 8.39 5.67 6.37 0.00 0.00 0.00 3.53 3.69 6.01 6.37 7.05 4.94 5.14 2035392
3.24 2.95 5.34 0.00 3.94 3.51 0.00 5.39 4.77 5.99 6.97 7.84 4.62 4.97 5.84 6.61 2.24 3.93 6.61 8.22 5.65 0.00 0.00 0.00 0.00 3.39 3.66 0.00 6.35 6.52 5.05 5.01 2048482
3.44 2.92 5.19 0.00 3.95 3.53 0.00 5.23 4.92 6.15 6.83 7.77 4.49 4.91 5.71 6.57 2.04 4.19 6.56 8.91 5.66 6.36 0.00 0.00 0.00 3.42 3.72 0.00 6.42 6.43 5.02 5.15 2061572
3.62 2.90 4.91 0.00 3.92 3.56 0.00 5.20 4.53 6.07 6.83 7.67 4.58 4.85 5.67 6.54 2.24 4.26 6.53 8.47 5.70 0.00 0.00 0.00 0.00 3.42 3.75 0.00 6.44 6.39 4.97 5.35 2074662
3.36 2.95 4.96 0.00 4.07 3.59 3.32 5.20 4.67 6.08 7.14 7.65 4.52 4.90 5.81 6.52 2.12 3.87 6.69 8.47 5.75 0.00 0.00 0.00 0.00 3.39 3.75 0.00 6.44 6.66 4.94 5.21 2087752
3.45 2.94 5.19 0.00 3.96 3.47 0.00 5.50 4.61 6.07 6.96 7.76 4.59 4.89 5.89 6.61 2.14 3.99 6.59 8.23 5.82 0.00 0.00 4.81 0.00 3.38 3.72 6.02 6.38 0.00 4.94 5.42 2100842
3.36 2.93 5.14 0.00 4.07 3.50 0.00 5.36 4.61 6.13 6.89 7.71 4.61 4.95 5.84 6.52 2.14 4.07 6.57 8.34 5.84 6.29 0.00 4.51 0.00 3.57 3.85 0.00 6.40 6.48 4.93 5.08 2113932
3.38 2.91 4.94 0.00 4.02 3.60 0.00 5.17 5.01 6.04 6.83 7.65 4.62 4.96 5.89 6.59 2.08 3.95 6.68 8.49 5.70 6.27 0.00 0.00 0.00 4.11 3.70 6.16 6.30 6.50 5.63 5.17 2127022
3.25 2.89 5.07 0.00 3.96 3.51 0.00 5.36 4.66 6.05 6.91 0.00 4.51 5.04 5.76 6.60 0.00 3.88 6.64 8.41 5.74 6.30 0.00 0.00 0.00 3.40 3.74 0.00 6.35 6.49 5.03 5.09 2140112
0.00 2.89 5.08 0.00 4.21 3.56 0.00 5.38 4.58 6.18 7.39 7.68 4.52 4.93 5.90 6.53 3.14 4.03 7.11 8.67 5.98 6.55 0.00 4.22 0.00 3.42 3.73 0.00 6.32 6.50 5.11 5.47 2153202
3.21 2.96 4.89 0.00 4.04 3.50 0.00 5.36 4.70 6.10 6.84 7.66 4.43 5.01 5.71 6.53 2.03 4.07 6.62 8.42 5.77 6.27 0.00 0.00 0.00 3.53 3.75 6.24 6.40 6.53 5.05 5.17 2166292
3.26 3.04 5.13 0.00 4.00 3.51 0.00 5.30 4.68 6.04 6.85 7.69 4.44 4.91 5.98 6.61 2.28 3.96 6.65 8.58 5.95 6.31 0.00 0.00 0.00 3.57 3.73 0.00 6.34 6.44 5.02 5.17 2179382
3.15 3.03 5.22 0.00 4.79 3.49 0.00 5.45 4.87 6.21 6.95 7.66 4.43 4.88 5.86 6.57 2.17 3.89 6.56 8.25 5.82 0.00 0.00 5.63 0.00 3.44 3.75 0.00 6.34 6.45 5.06 5.28 2192472
3.31 2.94 5.09 0.00 3.97 3.51 0.00 5.33 4.61 6.12 6.82 7.67 4.46 4.88 5.73 6.61 2.35 3.96 6.61 8.71 5.76 6.49 0.00 4.34 0.00 3.77 3.82 0.00 6.33 6.48 5.08 5.15 2205562
3.21 2.92 5.25 0.00 4.03 3.60 0.00 5.39 4.72 6.09 6.90 7.72 4.47 4.91 5.71 6.51 2.34 3.89 6.57 8.63 5.82 6.39 0.00 4.37 0.00 3.47 4.08 0.00 6.34 6.66 5.15 0.00 2218652
3.14 2.93 5.12 0.00 3.99 3.51 0.00 5.39 4.66 6.10 6.95 7.63 4.52 4.90 5.98 6.51 2.14 3.89 6.59 8.42 5.80 0.00 0.00 4.40 0.00 3.43 3.83 0.00 6.38 6.44 5.13 5.18 2231742
3.25 2.90 5.17 3.26 3.99 3.49 0.00 5.22 4.63 6.13 6.84 7.62 4.53 4.94 5.75 6.57 2.09 4.34 6.77 0.00 6.26 0.00 0.00 4.41 0.00 3.55 3.80 0.00 0.00 6.64 5.26 5.10 2244832
3.19 2.87 5.24 0.00 3.98 3.52 0.00 5.21 4.73 6.15 6.94 7.80 0.00 4.88 5.66 6.66 2.10 3.93 6.59 8.66 5.72 6.26 0.00 4.96 0.00 3.50 3.79 0.00 6.41 6.59 5.37 5.12 2257922
3.19 2.89 5.15 0.00 3.99 3.51 0.00 5.19 4.68 6.16 6.94 7.69 4.55 4.88 5.89 6.68 2.15 3.85 6.68 9.00 5.81 6.25 0.00 5.00 0.00 3.52 3.85 6.02 6.41 6.66 5.14 5.26 2271012
3.16 2.98 5.14 0.00 4.03 3.53 0.00 5.18 4.85 6.15 6.91 7.71 4.58 4.93 5.88 6.63 2.09 3.93 6.65 8.87 5.77 0.00 0.00 4.69 0.00 4.24 3.92 0.00 6.39 6.59 5.12 5.13 2284102
3.17 2.91 5.05 0.00 4.09 3.55 0.00 5.25 4.74 6.12 7.18 7.64 4.47 4.93 5.68 6.68 2.91 4.11 6.62 8.25 5.76 6.49 0.00 0.00 0.00 3.52 3.89 0.00 6.42 6.64 5.06 5.16 2297192
3.30 2.93 5.15 0.00 4.05 3.52 0.00 5.18 4.74 6.20 6.96 8.24 4.49 4.94 5.73 6.53 2.87 4.05 6.68 8.46 5.73 6.27 0.00 4.66 0.00 3.51 3.88 0.00 6.39 6.56 5.11 5.15 2310282
3.18 2.92 5.25 0.00 3.99 3.50 0.00 5.18 4.73 6.24 7.09 0.00 4.51 4.90 5.68 6.63 2.08 3.97 6.66 8.48 5.69 6.25 0.00 5.25 0.00 3.58 3.93 0.00 6.34 6.61 0.00 5.17 2323372
3.21 2.94 5.19 0.00 4.84 3.55 0.00 5.19 4.78 6.17 6.99 7.82 4.41 4.87 5.80 6.54 2.08 3.85 6.72 8.27 5.70 6.28 0.00 4.62 0.00 3.55 3.91 0.00 6.33 6.54 5.17 5.20 2336462
3.14 2.87 0.00 0.00 4.05 3.49 3.71 5.46 4.89 6.29 6.98 7.83 4.60 4.91 5.70 6.62 2.30 3.82 6.58 8.51 5.82 6.30 0.00 5.27 0.00 0.00 3.95 0.00 6.41 6.52 5.09 5.50 2349552
3.23 2.86 0.00 0.00 4.10 3.70 0.00 5.35 4.94 6.19 6.98 7.59 4.41 4.95 5.85 6.63 2.31 3.91 6.85 8.65 5.76 0.00 0.00 4.46 0.00 3.64 3.91 0.00 7.11 6.59 5.64 5.33 2362642
3.23 2.87 5.25 0.00 3.98 3.57 0.00 5.43 4.84 6.28 7.06 7.92 4.49 4.96 5.77 7.29 0.00 3.90 6.73 8.46 5.69 0.00 0.00 5.00 0.00 3.53 3.94 6.41 6.41 6.64 5.07 5.18 2375732
0.00 2.91 4.80 0.00 3.98 3.55 0.00 5.62 5.08 6.18 7.01 0.00 4.38 4.92 5.72 6.56 0.00 0.00 6.59 8.36 5.73 0.00 0.00 0.00 0.00 3.55 3.95 0.00 6.39 6.65 5.12 5.92 2388822
3.20 2.95 0.00 0.00 4.00 3.53 4.13 5.36 4.77 5.84 7.02 7.62 4.43 4.97 5.99 6.70 0.00 4.00 6.59 8.35 5.72 0.00 0.00 4.50 0.00 3.53 3.97 6.15 6.46 6.58 5.15 5.43 2401912
3.09 2.83 0.00 0.00 3.99 3.62 0.00 2.75 4.81 6.09 7.04 7.59 4.41 4.98 5.73 6.63 0.00 3.75 6.72 9.36 5.92 6.26 0.00 4.85 0.00 3.53 4.09 6.26 6.44 0.00 5.17 5.25 2415002
3.41 2.81 0.00 0.00 4.00 3.56 4.07 5.27 4.72 6.12 7.07 7.81 4.42 4.91 5.70 7.22 0.00 3.74 6.71 8.95 5.73 0.00 0.00 4.96 0.00 3.56 4.04 0.00 6.39 6.54 5.25 5.31 2428092
3.10 3.28 0.00 0.00 3.99 3.58 3.93 5.28 4.74 6.11 6.99 7.59 4.60 5.00 5.77 6.60 0.00 4.05 6.70 8.48 5.68 0.00 0.00 4.98 0.00 3.61 4.06 0.00 6.42 6.58 5.12 0.00 2441182
3.09 2.89 5.34 0.00 4.06 3.58 3.76 5.32 5.01 6.16 7.08 7.62 4.40 4.93 5.92 6.63 2.78 4.01 6.62 8.69 5.70 6.29 0.00 4.50 0.00 3.53 4.01 6.18 6.44 7.30 5.10 5.38 2454272
3.17 2.79 0.00 3.26 4.04 3.72 0.00 5.33 4.72 6.18 7.15 7.56 4.34 5.05 5.99 6.59 2.23 3.95 6.62 8.83 5.81 0.00 0.00 0.00 0.00 3.55 4.02 0.00 6.52 6.56 5.21 5.26 2467362
3.13 2.81 5.31 0.00 4.00 3.58 3.77 5.22 5.48 6.21 7.24 0.00 4.37 5.03 5.75 6.62 0.00 4.04 6.86 8.67 5.72 6.31 0.00 4.46 0.00 3.56 4.04 0.00 6.46 7.35 5.18 5.22 2480452
3.41 2.84 4.86 0.00 4.02 3.60 0.00 5.38 4.86 6.21 7.18 7.59 4.43 4.94 5.81 6.57 2.96 3.69 6.76 8.40 5.66 6.29 0.00 4.37 0.00 3.66 4.05 0.00 6.56 6.64 5.32 5.88 2493542
3.24 3.26 5.61 0.00 3.99 3.54 0.00 5.20 4.87 6.41 7.11 7.57 4.50 4.98 5.74 6.82 0.00 4.22 6.67 9.43 5.80 6.26 0.00 4.45 0.00 3.77 4.05 0.00 6.50 6.53 5.25 5.33 2506632
3.34 2.77 4.97 3.11 4.02 3.52 0.00 5.60 4.89 6.39 7.06 7.63 4.36 5.04 6.09 0.00 2.83 3.66 6.73 8.49 6.30 0.00 0.00 4.46 0.00 3.66 4.03 0.00 0.00 6.76 5.20 5.36 2519722
3.18 3.43 0.00 0.00 4.03 3.59 0.00 5.30 4.94 6.38 7.08 7.59 4.53 4.95 5.76 6.70 2.79 3.63 6.75 8.47 5.74 6.28 0.00 5.32 0.00 3.59 4.08 0.00 6.71 6.63 5.55 0.00 2532812
3.19 2.80 0.00 0.00 4.00 3.52 0.00 5.31 4.97 6.32 7.07 0.00 4.44 5.12 5.82 6.80 2.13 3.62 6.67 8.61 5.99 6.28 0.00 0.00 0.00 3.60 4.16 0.00 6.58 6.57 5.31 5.39 2545902
3.18 2.84 5.17 0.00 4.43 3.53 0.00 5.45 5.02 6.44 7.05 7.65 4.41 5.07 5.90 6.87 0.00 3.42 6.71 8.52 5.79 0.00 0.00 4.43 0.00 4.00 4.11 0.00 6.53 0.00 5.23 5.50 2558992
3.31 2.79 5.27 0.00 4.22 3.56 3.32 5.71 4.98 6.39 0.00 7.56 4.37 5.06 5.76 6.75 2.05 3.40 6.79 8.48 5.84 6.40 7.76 5.27 0.00 3.68 4.13 0.00 6.56 6.60 5.28 5.27 2572082
3.24 2.81 0.00 0.00 3.97 3.65 3.71 5.25 5.01 6.40 7.10 7.56 4.37 4.99 5.81 7.31 2.01 3.36 6.71 8.45 5.83 6.32 0.00 4.83 0.00 3.73 4.12 0.00 6.79 6.60 6.12 5.50 2585172
3.13 2.80 0.00 3.11 4.13 3.65 0.00 5.59 4.97 6.58 7.11 7.62 4.37 5.24 5.84 7.47 2.54 3.47 6.79 8.58 5.85 6.39 0.00 4.50 0.00 4.22 4.16 0.00 6.94 6.68 5.31 5.36 2598262
3.19 2.79 5.06 0.00 4.07 3.58 3.31 5.66 5.11 6.53 7.83 7.44 4.51 5.18 6.08 6.92 0.00 3.47 6.97 8.63 5.81 6.31 0.00 4.96 0.00 3.76 4.26 0.00 6.66 7.48 5.38 5.33 2611352
3.24 2.79 5.20 0.00 4.06 3.53 3.53 5.45 5.00 6.44 7.19 7.42 4.46 5.18 6.00 6.79 2.02 3.53 7.00 8.84 5.84 6.18 0.00 4.48 0.00 3.91 4.24 0.00 6.66 6.55 5.30 5.45 2624442
3.27 2.80 5.32 3.09 4.06 3.55 3.42 5.53 4.98 6.47 7.25 7.43 4.57 5.30 6.02 6.71 2.12 3.58 6.82 8.68 5.85 0.00 0.00 4.43 0.00 3.88 4.25 0.00 6.65 6.61 5.38 5.34 2637532
3.30 2.84 5.17 0.00 4.09 3.55 0.00 5.28 5.24 6.30 7.58 7.53 4.39 5.24 6.08 6.86 2.79 3.42 6.91 8.75 0.00 0.00 3.57 5.27 0.00 3.72 4.24 0.00 6.83 6.61 5.41 5.34 2650622
3.30 2.86 5.03 0.00 4.17 3.59 3.87 5.49 5.59 6.65 7.26 7.53 4.38 5.32 6.29 6.74 2.06 4.12 6.94 8.77 6.17 6.91 0.00 4.66 0.00 3.81 3.91 0.00 6.75 6.58 5.40 5.95 2663712
3.33 2.86 5.17 0.00 4.01 3.61 0.00 5.33 5.27 6.60 7.45 7.40 4.39 5.23 5.92 6.77 0.00 3.55 7.14 8.88 6.35 6.63 0.00 4.77 0.00 3.79 4.28 0.00 6.78 6.55 5.47 5.66 2676802
3.22 2.82 0.00 0.00 4.21 3.58 3.50 5.62 0.00 6.55 7.33 7.27 4.56 5.31 6.67 6.79 2.39 3.99 6.87 8.65 6.01 6.19 0.00 4.73 0.00 3.79 4.30 0.00 6.77 6.59 5.44 6.08 2689892
3.37 2.82 5.36 3.04 4.03 3.59 0.00 5.36 5.15 6.72 7.21 7.47 4.50 5.56 6.06 6.81 0.00 3.62 6.86 8.86 5.90 6.40 0.00 4.51 0.00 3.98 4.33 0.00 6.85 6.62 5.39 5.44 2702982
3.14 2.86 5.29 3.39 4.02 3.57 3.98 5.26 5.02 5.27 7.38 7.42 4.57 5.38 6.18 6.92 2.92 3.56 7.18 8.87 5.81 0.00 0.00 4.48 0.00 3.81 4.41 0.00 7.00 6.68 5.41 5.51 2716072
3.18 2.79 0.00 2.68 4.06 3.56 0.00 5.40 5.17 6.78 7.37 7.29 4.45 5.45 6.05 6.82 2.35 3.68 7.01 8.79 6.08 6.30 0.00 0.00 0.00 3.87 4.44 0.00 6.79 6.56 5.41 5.66 2729162
3.17 2.79 5.71 0.00 4.06 3.56 3.73 5.42 0.00 6.58 7.39 7.34 4.47 5.37 6.05 6.83 0.00 3.58 0.00 8.95 5.95 6.32 0.00 4.49 0.00 3.89 4.39 0.00 6.80 6.71 5.44 5.46 2742252
3.22 2.90 5.90 0.00 4.06 3.61 3.99 5.39 0.00 6.68 7.32 7.31 4.36 5.53 6.16 6.82 2.14 3.79 6.97 8.68 5.77 6.48 0.00 5.08 0.00 3.97 4.44 0.00 6.79 6.92 5.50 5.78 2755342
3.34 2.74 0.00 0.00 4.04 3.52 3.75 5.34 5.48 6.74 7.33 7.22 4.52 5.42 6.22 7.03 0.00 3.64 7.44 0.00 5.98 6.23 0.00 4.97 0.00 3.95 4.45 0.00 7.00 0.00 5.42 5.55 2768432
3.24 2.79 0.00 0.00 4.03 3.54 0.00 5.41 0.00 6.70 7.33 0.00 4.54 5.42 6.52 7.00 2.87 3.71 7.70 8.70 5.97 0.00 0.00 4.41 0.00 4.03 4.47 0.00 6.87 6.70 5.47 5.48 2781522
3.13 2.79 5.10 3.45 4.10 3.64 3.39 5.22 0.00 6.86 7.36 7.22 4.53 5.39 6.08 6.84 2.30 3.67 7.38 8.73 5.96 6.21 0.00 5.27 0.00 3.95 4.43 0.00 6.97 6.62 5.47 5.59 2794612
3.58 2.78 5.44 0.00 4.08 3.61 0.00 5.32 5.80 6.83 7.32 0.00 4.64 5.46 6.22 6.84 0.00 3.58 7.17 8.80 5.91 6.19 0.00 4.12 0.00 3.93 4.46 0.00 6.99 6.68 5.46 5.56 2807702
3.08 2.83 5.30 0.00 3.99 3.63 3.35 5.41 0.00 6.75 7.31 7.12 4.50 5.41 6.20 6.91 2.93 3.58 0.00 8.71 6.10 6.22 0.00 5.26 0.00 4.01 4.54 0.00 6.94 6.71 5.57 5.48 2820792
3.13 2.77 5.12 3.22 4.21 3.58 0.00 5.87 5.40 6.73 0.00 7.16 4.49 5.52 6.05 6.95 2.31 3.81 0.00 8.88 5.89 6.02 0.00 4.30 0.00 4.01 4.57 0.00 6.94 6.75 5.47 0.00 2833882
3.08 2.75 5.33 2.69 4.18 3.60 3.32 5.56 0.00 6.78 7.28 7.25 4.46 5.50 6.13 7.01 2.10 3.58 7.03 0.00 5.86 6.27 0.00 4.93 0.00 4.03 4.49 0.00 7.40 6.75 5.45 5.59 2846972
3.06 2.81 0.00 0.00 4.06 3.59 3.31 5.40 5.13 6.72 7.26 7.14 4.52 5.51 6.16 6.95 2.02 3.73 0.00 9.01 5.85 0.00 0.00 4.79 0.00 4.01 4.49 0.00 6.94 6.63 5.47 0.00 2860062
3.18 2.88 0.00 0.00 4.05 3.61 3.71 5.39 5.16 6.79 7.23 7.17 4.72 5.54 6.09 6.84 0.00 3.60 7.51 9.30 0.00 6.30 0.00 0.00 0.00 4.12 4.80 0.00 6.94 6.67 5.54 6.16 2873152
3.14 2.74 0.00 0.00 4.08 3.57 3.33 5.70 5.00 6.88 7.43 7.30 4.51 5.86 6.18 6.92 2.86 3.51 0.00 8.81 5.90 6.13 0.00 5.21 0.00 0.00 4.63 0.00 7.11 6.69 5.54 5.54 2886242
3.15 2.73 0.00 0.00 4.07 3.62 3.37 5.44 5.18 6.72 7.27 7.26 4.70 5.76 6.15 6.84 0.00 3.89 0.00 8.88 6.05 6.28 0.00 4.36 0.00 4.08 4.72 0.00 6.93 6.86 5.54 5.61 2899332
3.21 2.76 5.27 2.94 4.15 3.55 0.00 5.42 5.13 6.98 7.31 7.12 4.64 5.66 6.26 6.88 0.00 3.64 6.99 8.92 6.19 6.24 9.91 4.69 0.00 4.05 4.72 0.00 6.93 6.94 5.49 5.77 2912422
3.15 2.84 5.30 2.95 4.12 3.63 0.00 5.57 5.84 6.94 7.71 7.09 4.66 5.65 6.29 6.92 2.04 3.55 6.97 8.88 6.69 6.09 5.94 4.74 0.00 4.47 4.76 0.00 7.17 6.89 5.69 5.63 2925512
3.23 2.76 5.37 2.90 4.08 3.58 3.55 5.43 0.00 6.96 7.77 0.00 4.87 5.64 0.00 7.04 2.43 3.52 0.00 8.94 6.20 5.76 2.47 4.70 0.00 4.15 4.79 0.00 6.35 7.06 5.53 5.64 2938602
3.17 2.79 4.71 3.20 4.25 3.65 3.22 5.36 2.51 6.96 7.40 7.65 4.65 5.67 6.43 7.10 2.02 3.69 0.00 8.82 0.00 5.93 4.11 5.49 0.00 4.31 4.96 0.00 7.11 7.00 5.64 5.64 2951692
3.06 2.80 5.15 3.09 4.29 3.72 3.33 5.46 5.16 7.02 7.09 7.01 4.71 5.81 6.35 7.03 2.21 3.59 6.81 8.89 5.99 6.13 5.50 3.96 0.00 4.35 4.96 0.00 6.09 7.00 5.59 5.68 2964782
3.17 2.84 0.00 0.00 4.15 3.69 3.65 5.61 5.42 5.29 7.42 6.91 4.74 5.71 6.40 7.11 2.32 3.48 0.00 9.05 6.09 5.48 0.00 0.00 0.00 4.36 5.05 0.00 7.09 7.00 5.63 5.71 2977872
3.26 2.83 5.28 3.40 4.21 3.63 3.46 5.96 5.14 7.10 7.48 7.10 5.24 5.75 6.53 7.17 2.02 3.41 0.00 9.08 6.16 5.54 0.00 3.40 0.00 4.36 5.22 0.00 7.24 6.96 5.66 5.66 2990962
3.32 2.86 5.94 3.34 4.16 3.68 3.14 5.57 5.32 4.76 7.48 7.09 4.72 5.84 6.66 7.08 2.03 2.90 0.00 9.03 6.30 5.38 4.32 4.39 0.00 4.53 5.33 0.00 6.78 6.91 6.26 5.75 3004052
3.21 2.85 4.91 3.21 4.25 3.75 3.41 5.55 4.71 3.22 7.41 7.16 4.83 5.63 6.62 7.24 2.66 3.77 6.80 9.04 6.13 5.43 0.00 3.93 0.00 4.66 5.42 0.00 3.86 7.01 6.41 5.79 3017142
3.28 2.85 5.00 3.27 4.20 3.70 3.38 5.71 3.98 4.76 7.42 7.03 4.97 5.28 6.42 7.24 2.14 3.50 0.00 8.97 5.85 5.10 3.28 4.20 0.00 4.49 5.54 0.00 7.26 3.56 5.32 5.89 3030232
3.27 2.82 5.20 3.04 4.18 3.74 3.61 5.37 5.43 3.52 7.45 6.97 4.98 5.95 6.52 0.00 2.67 3.58 6.80 8.90 6.21 5.23 3.58 3.90 0.00 4.57 5.56 0.00 6.41 6.88 5.84 5.81 3043322
3.53 2.76 5.26 2.76 4.19 3.71 3.67 5.46 5.15 6.43 7.57 7.80 5.10 5.99 6.66 7.27 2.35 3.57 6.93 0.00 5.94 0.00 2.22 5.19 0.00 4.65 5.63 0.00 7.23 6.00 5.76 5.86 3056412
3.29 2.77 5.07 3.30 4.42 3.80 0.00 5.95 5.22 7.35 7.55 6.90 5.19 6.33 6.55 7.32 2.54 3.77 4.77 8.98 6.25 5.11 5.00 4.74 0.00 5.16 5.17 0.00 7.20 6.96 5.84 5.74 3069502
3.33 2.87 5.39 2.99 4.19 3.77 3.47 5.47 2.90 6.17 7.58 6.82 5.08 5.45 6.74 7.46 2.65 3.80 0.00 9.60 6.04 5.50 0.00 4.26 0.00 4.62 5.69 0.00 5.35 7.05 5.81 5.80 3082592
3.23 2.72 0.00 3.32 4.84 3.78 3.11 5.50 5.42 3.52 7.58 6.91 5.15 6.17 6.52 7.58 3.05 3.65 7.16 9.13 5.90 4.90 0.00 4.47 0.00 5.33 5.77 0.00 7.07 6.91 5.92 5.67 3095682
3.25 2.80 5.18 2.63 4.25 3.74 3.44 5.45 5.39 5.89 0.00 6.89 5.31 6.04 6.94 7.54 2.01 3.68 7.23 9.21 5.91 5.12 5.22 4.98 0.00 4.64 5.73 0.00 5.49 7.02 5.89 5.78 3108772
3.21 2.77 0.00 3.01 4.24 3.74 3.81 5.36 5.24 7.45 7.58 6.91 5.32 6.38 7.06 7.47 2.12 3.87 7.16 8.98 5.85 5.02 4.05 4.10 0.00 4.97 5.86 0.00 7.23 6.98 5.89 5.76 3121862
3.12 2.75 5.42 3.27 4.25 3.83 3.67 5.41 0.00 4.79 7.49 0.00 5.41 6.12 6.62 7.48 2.07 4.03 0.00 9.04 5.85 4.82 0.00 4.62 0.00 4.65 5.89 0.00 7.23 7.01 5.84 5.95 3134952
3.04 2.75 5.18 0.00 4.27 3.81 0.00 5.52 5.25 7.51 7.59 6.91 5.22 3.95 7.20 8.00 2.25 3.70 7.19 9.01 5.86 4.87 0.00 4.54 0.00 4.65 6.04 0.00 7.49 6.98 5.87 5.81 3148042
3.08 2.98 5.21 3.16 4.24 3.88 4.02 5.39 5.17 5.82 7.49 7.07 5.20 6.12 6.49 7.48 2.11 3.63 6.95 8.96 5.94 0.00 3.34 4.52 0.00 4.93 6.03 0.00 7.23 6.99 5.84 5.82 3161132
3.14 2.77 0.00 2.98 4.47 3.79 3.35 5.56 4.97 7.63 7.46 6.98 5.07 6.21 6.72 7.64 2.36 3.85 7.61 9.04 5.76 0.00 0.00 3.99 0.00 4.78 6.11 0.00 7.53 7.01 5.91 5.78 3174222
3.12 2.87 5.18 2.98 4.31 3.85 3.42 5.21 5.22 7.46 7.50 7.09 5.15 6.16 7.32 7.73 2.27 3.72 7.45 9.60 5.76 5.01 6.62 4.01 0.00 4.91 6.53 0.00 7.47 7.12 5.91 5.81 3187312
3.11 2.76 0.00 0.00 4.39 3.84 3.46 5.19 5.22 7.52 7.51 7.00 5.92 6.25 6.82 7.54 2.03 3.77 0.00 8.94 5.73 4.79 0.00 4.70 0.00 5.58 6.19 0.00 7.64 7.05 6.38 0.00 3200402
3.16 2.77 5.25 0.00 4.29 3.82 3.62 5.13 0.00 7.47 7.53 7.10 4.96 6.23 6.91 7.66 2.03 3.69 7.63 9.04 5.70 4.79 0.00 5.54 0.00 0.00 6.24 0.00 7.23 7.72 5.85 5.73 3213492
3.11 2.84 5.36 2.83 4.41 3.91 3.40 5.21 0.00 6.92 7.55 7.02 5.47 6.19 6.89 7.80 2.40 3.86 0.00 9.64 5.79 4.83 0.00 0.00 0.00 5.08 6.30 0.00 7.27 7.03 5.76 5.97 3226582
3.07 2.81 0.00 0.00 4.28 3.96 3.55 5.32 5.48 7.51 7.54 7.03 5.36 6.28 7.00 7.80 2.07 3.74 6.99 9.18 5.87 5.21 0.00 4.97 0.00 5.52 6.36 0.00 7.38 7.01 6.09 0.00 3239672
3.14 2.78 5.37 2.88 4.40 3.83 4.02 5.32 0.00 7.55 7.54 7.00 5.55 6.19 6.91 8.17 2.81 3.84 6.61 9.10 5.62 4.98 0.00 2.65 0.00 5.11 6.39 0.00 7.32 7.25 6.51 5.76 3252762
3.25 2.77 5.29 0.00 4.39 3.87 0.00 5.39 5.25 7.56 7.58 7.00 5.71 6.38 7.38 7.86 2.70 3.82 6.89 9.17 5.97 0.00 4.59 5.33 0.00 5.26 6.49 0.00 7.30 7.04 5.79 6.15 3265852
3.26 2.80 0.00 0.00 4.45 3.87 3.55 5.29 0.00 7.58 7.59 7.03 5.38 3.18 7.17 7.97 2.18 3.71 6.45 9.08 5.61 0.00 0.00 3.86 0.00 0.00 6.52 0.00 7.26 6.96 5.79 6.38 3278942
3.19 2.83 4.98 0.00 4.38 3.94 3.28 5.47 5.42 7.10 7.68 6.89 5.59 6.40 7.36 8.34 2.08 3.65 6.78 9.22 5.53 4.86 0.00 4.28 0.00 5.38 6.55 0.00 7.31 7.04 5.66 5.97 3292032
3.16 2.91 0.00 0.00 4.46 3.94 3.70 5.31 5.12 7.07 7.71 7.00 5.40 6.31 7.30 0.00 2.78 4.30 6.22 9.00 5.55 0.00 0.00 4.83 0.00 5.62 6.62 0.00 5.68 6.96 5.83 5.72 3305122
3.28 3.50 5.15 3.29 4.46 3.89 3.30 5.71 4.82 7.62 7.75 6.77 5.56 6.44 7.44 8.20 2.19 3.76 7.01 8.97 5.26 4.88 0.00 4.44 0.00 5.39 6.64 0.00 7.22 6.99 5.75 5.94 3318212
3.21 2.88 5.31 3.23 4.52 3.95 3.38 5.17 5.21 7.55 7.74 7.36 5.38 6.40 7.36 0.00 2.06 3.69 6.73 9.10 5.18 4.89 3.19 4.72 0.00 5.34 6.72 0.00 5.94 6.96 4.20 5.73 3331302
3.20 2.79 0.00 2.93 4.38 3.95 3.31 5.35 5.02 7.65 7.75 7.17 5.63 6.49 7.77 7.77 2.85 3.49 6.74 9.09 4.97 4.94 4.95 3.92 0.00 5.47 6.80 0.00 7.81 6.93 5.43 5.74 3344392
3.16 2.88 0.00 2.75 4.47 3.99 3.40 2.83 5.12 5.31 7.79 7.35 5.55 5.46 7.86 0.00 2.12 3.60 6.41 9.30 4.86 0.00 3.84 3.96 0.00 5.70 6.57 0.00 5.01 6.38 5.04 5.88 3357482
3.56 2.86 5.09 2.98 4.48 4.23 3.53 5.22 5.03 6.51 8.06 6.80 5.99 5.33 7.74 0.00 2.09 3.52 6.82 0.00 4.98 4.85 4.93 3.37 0.00 5.57 6.58 0.00 5.80 7.00 5.72 5.77 3370572
3.19 2.87 5.26 2.65 4.54 3.28 3.26 5.29 5.48 3.56 8.25 6.66 5.82 6.45 7.89 0.00 2.06 3.79 6.33 9.08 4.74 5.00 3.03 2.96 0.00 0.00 6.49 0.00 5.77 6.91 5.08 5.91 3383662
3.30 2.85 5.13 3.22 4.48 4.06 3.39 5.14 3.22 4.05 7.86 6.71 5.80 6.14 7.69 0.00 3.10 3.97 6.42 9.03 4.69 4.72 2.95 4.00 0.00 4.17 6.72 0.00 6.46 6.58 5.82 2.56 3396752
3.34 2.85 5.18 2.26 4.54 3.99 3.62 5.08 5.23 5.44 7.82 5.12 5.66 5.47 6.97 0.00 2.17 3.42 7.22 9.14 4.41 4.82 2.22 5.16 0.00 5.24 7.03 0.00 8.04 7.21 5.88 5.66 3409842
3.26 2.89 5.02 2.30 4.53 4.05 3.73 4.03 5.30 5.15 7.92 6.66 5.84 5.77 7.70 0.00 2.02 3.71 7.16 9.15 4.55 4.78 4.20 3.53 0.00 4.74 7.43 0.00 7.53 6.88 5.69 5.65 3422932
3.20 2.99 0.00 3.27 4.61 4.09 0.00 5.23 2.81 7.11 7.42 6.72 5.81 5.88 7.65 0.00 0.00 3.54 6.85 9.04 4.42 4.86 2.09 4.29 0.00 4.25 6.30 0.00 5.44 6.80 5.31 5.62 3436022
3.24 2.88 5.08 2.91 4.47 4.02 3.27 5.26 5.23 2.69 7.83 6.85 5.53 6.54 8.03 0.00 2.91 3.56 6.92 9.19 4.46 5.08 0.00 0.00 0.00 5.66 4.90 0.00 6.59 6.89 6.20 5.88 3449112
3.24 2.94 0.00 2.75 4.52 4.08 3.09 5.36 3.02 7.77 7.84 6.80 5.49 6.53 7.91 0.00 2.03 3.73 6.66 9.10 4.52 4.75 2.18 4.43 0.00 5.44 7.52 0.00 7.39 7.02 5.62 5.71 3462202
3.24 2.89 0.00 2.73 4.52 4.07 3.32 5.16 4.91 5.09 8.01 6.70 5.74 6.70 7.86 0.00 2.56 3.77 6.77 8.99 4.34 5.16 4.76 4.25 0.00 5.47 2.58 0.00 7.35 6.81 5.43 5.56 3475292
3.22 2.91 5.35 3.99 5.13 3.96 3.44 5.29 5.79 6.08 7.99 0.00 5.67 6.59 7.54 9.86 2.11 3.83 3.75 8.94 4.31 4.90 0.00 4.48 0.00 5.86 7.01 0.00 7.33 6.86 5.76 5.72 3488382
3.29 2.92 0.00 2.94 4.55 4.41 3.24 5.66 4.76 4.54 7.90 6.70 5.74 6.56 7.53 0.00 2.22 3.86 6.69 0.00 4.29 4.82 0.00 4.52 0.00 6.14 6.97 0.00 7.30 6.90 5.57 5.55 3501472
3.29 2.90 5.30 3.16 4.56 4.22 0.00 5.24 5.67 4.94 6.99 6.58 5.68 6.81 7.63 0.00 2.46 3.65 7.17 9.09 4.16 0.00 3.00 4.72 0.00 6.26 6.79 0.00 7.05 6.89 5.51 6.12 3514562
3.27 2.91 5.23 2.75 4.60 4.18 3.29 5.40 2.81 6.80 8.13 6.61 5.58 4.90 7.67 0.00 2.06 3.90 7.24 9.26 4.29 4.89 0.00 4.73 0.00 5.97 7.08 0.00 7.41 6.32 5.67 5.62 3527652
3.44 2.91 0.00 3.25 4.67 4.27 0.00 5.70 5.17 7.55 7.84 6.83 6.15 6.55 7.52 9.79 0.00 3.87 6.95 9.07 4.08 4.83 0.00 4.35 0.00 5.84 6.82 0.00 0.00 6.87 5.58 5.47 3540742
3.36 2.92 0.00 2.98 4.61 4.12 3.32 5.30 5.14 6.54 7.93 6.56 5.66 6.57 7.64 0.00 2.06 3.77 6.96 9.00 4.11 4.93 6.13 4.35 0.00 6.00 7.15 0.00 7.48 6.78 5.66 5.57 3553832
3.38 2.87 5.15 0.00 4.74 4.25 2.96 5.14 5.07 6.83 7.82 6.62 5.58 6.64 7.63 0.00 2.78 3.69 0.00 9.00 4.09 4.99 0.00 4.39 0.00 0.00 7.12 0.00 6.37 6.76 5.59 5.51 3566922
3.30 2.90 5.35 0.00 4.72 4.17 3.31 5.14 5.15 6.82 7.92 7.27 5.49 6.50 7.54 0.00 0.00 3.80 7.07 9.08 4.11 4.92 0.00 4.90 0.00 0.00 7.22 0.00 7.61 6.75 5.58 5.45 3580012
3.30 2.93 0.00 0.00 4.60 4.21 3.27 5.07 0.00 7.59 7.79 6.72 5.53 6.59 7.47 0.00 2.61 3.74 7.13 0.00 4.19 4.84 0.00 3.81 0.00 5.92 6.99 0.00 7.32 6.75 5.57 5.46 3593102
3.44 2.97 5.30 2.79 4.62 4.20 3.18 5.01 5.24 4.01 7.77 6.71 5.67 6.50 7.49 0.00 2.13 3.78 0.00 9.00 4.13 4.97 0.00 4.56 0.00 5.92 6.93 0.00 7.23 0.00 5.59 5.43 3606192
3.33 2.93 5.36 0.00 4.71 4.27 3.75 5.11 5.20 7.63 7.85 6.56 5.39 6.54 7.45 0.00 2.44 3.79 7.41 9.02 4.12 4.83 0.00 4.56 0.00 0.00 7.03 0.00 7.49 7.23 5.61 5.45 3619282
3.44 2.88 0.00 3.21 4.71 4.20 3.50 5.00 0.00 7.70 7.89 6.69 5.60 6.58 7.42 9.71 2.06 3.97 7.43 9.20 4.20 4.89 0.00 4.60 0.00 5.74 7.14 0.00 7.08 6.64 5.50 5.43 3632372
4.00 2.88 5.21 2.94 4.70 4.20 3.58 4.98 0.00 7.66 7.86 6.48 5.50 6.64 7.49 0.00 0.00 3.87 7.03 9.53 4.15 4.81 0.00 4.74 0.00 0.00 6.98 5.18 7.07 6.72 5.49 5.51 3645462
3.38 2.92 0.00 2.67 4.67 4.25 3.41 5.06 0.00 7.71 7.83 6.75 5.64 6.56 7.42 0.00 2.14 4.01 7.21 9.00 4.17 4.96 0.00 0.00 0.00 5.89 7.20 0.00 7.09 6.87 5.56 5.53 3658552
3.35 2.88 0.00 2.74 4.64 4.32 3.43 5.32 5.24 6.32 7.97 6.58 5.57 6.53 7.62 8.40 0.00 3.91 0.00 9.02 4.19 4.84 0.00 4.26 0.00 5.68 7.15 0.00 7.06 0.00 5.47 5.42 3671642
3.34 2.92 5.23 3.00 4.73 4.21 3.54 5.46 5.21 7.87 7.92 6.60 5.37 6.58 8.03 8.26 2.97 3.85 7.40 0.00 4.17 4.83 0.00 0.00 0.00 5.79 7.19 0.00 7.21 6.75 5.48 5.47 3684732
3.43 2.88 0.00 0.00 4.80 4.26 4.02 5.22 5.25 7.78 7.89 7.29 5.71 6.61 7.39 8.23 2.70 3.74 7.25 9.02 4.08 0.00 0.00 4.84 0.00 5.92 7.08 0.00 7.05 6.61 5.52 5.44 3697822
3.84 2.81 5.32 0.00 4.77 4.20 3.27 5.00 0.00 7.70 8.01 0.00 5.39 6.59 7.54 8.18 2.06 3.89 0.00 9.00 4.25 4.86 0.00 4.45 0.00 6.20 7.02 0.00 7.06 6.59 5.54 5.42 3710912
3.38 2.89 5.38 0.00 4.69 4.43 3.69 5.04 5.29 7.72 7.91 6.56 5.55 6.74 7.41 8.19 2.74 3.84 6.70 9.12 4.17 4.95 4.95 4.62 0.00 5.82 7.04 0.00 7.19 7.46 5.47 5.73 3724002
3.35 2.98 5.29 0.00 4.87 4.27 3.79 4.92 0.00 7.63 8.33 0.00 5.54 6.63 7.41 0.00 2.04 3.77 0.00 0.00 4.44 4.86 0.00 5.17 0.00 6.16 7.11 0.00 7.18 6.76 5.60 5.40 3737092
3.41 2.94 5.37 3.07 4.76 4.27 3.99 5.02 0.00 7.67 8.00 6.52 5.50 6.62 7.36 8.78 2.55 3.98 0.00 0.00 4.26 4.88 0.00 4.34 0.00 5.53 7.13 0.00 7.09 6.67 5.50 5.41 3750182
3.35 2.93 0.00 0.00 4.77 4.27 0.00 4.98 0.00 7.68 7.87 6.57 5.45 6.59 7.37 0.00 2.70 3.82 7.92 0.00 4.13 4.97 0.00 4.98 0.00 5.73 7.13 0.00 7.05 6.64 5.60 5.43 3763272
3.36 3.00 0.00 0.00 4.70 4.28 0.00 5.01 5.18 7.71 7.94 0.00 5.37 6.46 7.36 8.04 2.83 3.80 7.83 9.04 4.29 0.00 0.00 5.28 0.00 5.71 7.11 0.00 7.06 6.65 5.60 5.44 3776362
3.39 2.90 0.00 0.00 4.93 4.24 0.00 4.93 0.00 8.02 7.86 6.56 5.35 6.53 7.35 0.00 0.00 3.94 7.51 9.11 4.19 5.47 0.00 5.08 0.00 5.91 7.12 0.00 7.11 7.00 5.20 5.48 3789452
3.50 2.99 0.00 0.00 4.74 4.24 0.00 5.10 0.00 7.76 7.94 6.50 5.36 6.55 7.40 9.38 0.00 3.85 6.99 0.00 4.15 4.95 0.00 4.43 0.00 5.81 7.25 0.00 7.19 6.59 5.58 5.48 3802542
3.63 2.86 5.26 2.89 5.17 4.27 3.56 5.19 0.00 5.89 8.00 6.47 5.54 6.55 7.32 9.56 2.91 3.84 7.20 0.00 4.12 5.05 3.52 0.00 0.00 5.68 7.11 0.00 7.08 6.68 5.47 5.46 3815632
3.53 3.00 5.18 2.96 4.73 4.23 3.30 5.04 0.00 7.75 7.95 6.46 5.48 6.48 7.39 8.21 0.00 3.75 0.00 0.00 4.12 4.96 0.00 4.64 0.00 5.72 7.06 0.00 7.08 6.71 5.55 5.45 3828722
3.39 2.95 0.00 0.00 4.82 4.25 3.11 5.22 5.18 7.56 7.94 6.64 5.37 6.47 7.33 8.17 0.00 3.91 7.16 9.05 4.15 0.00 0.00 4.30 0.00 5.95 7.09 0.00 7.09 6.57 6.11 5.46 3841812
3.40 2.81 0.00 0.00 4.90 4.44 0.00 4.93 0.00 5.46 7.92 0.00 5.46 6.51 7.34 0.00 2.03 3.89 6.91 9.06 4.10 4.98 4.92 4.59 0.00 5.67 7.06 0.00 7.07 6.70 5.79 5.48 3854902
3.39 2.91 0.00 0.00 4.75 4.29 3.63 5.15 0.00 7.72 8.14 6.48 5.49 6.43 7.44 0.00 2.95 3.80 7.24 8.97 4.10 4.82 0.00 0.00 0.00 5.69 7.05 0.00 7.20 6.77 5.49 5.41 3867992
3.39 3.01 0.00 3.12 0.00 4.31 3.53 5.11 5.21 7.65 8.50 6.62 5.26 6.24 7.29 0.00 2.02 3.65 7.44 9.01 4.14 5.51 0.00 3.89 0.00 5.80 7.05 0.00 6.98 6.77 5.51 5.44 3881082
3.44 3.02 0.00 0.00 4.73 4.31 3.67 4.98 5.22 7.68 7.85 6.53 5.32 6.59 8.07 0.00 2.66 3.51 7.15 9.34 4.16 4.81 0.00 4.45 0.00 5.76 7.08 0.00 6.99 6.89 5.43 5.42 3894172
3.40 3.04 5.35 0.00 4.81 4.31 4.16 4.96 0.00 7.69 7.94 6.42 5.29 6.11 7.29 8.08 0.00 3.41 7.11 9.02 4.16 0.00 0.00 5.23 0.00 5.85 7.09 0.00 6.94 6.79 5.50 5.44 3907262
3.41 3.04 0.00 3.01 4.79 4.32 3.47 5.08 0.00 6.58 7.98 0.00 5.43 6.13 7.43 8.09 2.03 3.65 7.06 9.12 4.19 0.00 0.00 0.00 0.00 0.00 7.24 0.00 7.05 6.56 5.52 5.42 3920352
3.47 2.99 5.43 0.00 4.74 4.29 3.57 4.96 0.00 7.69 7.94 6.65 5.33 6.06 7.34 8.04 2.08 3.58 6.97 9.03 4.20 4.83 0.00 0.00 0.00 5.67 7.15 0.00 7.00 6.75 5.46 5.55 3933442
3.43 2.92 0.00 0.00 4.87 4.39 3.46 5.21 5.31 6.77 7.97 6.60 5.33 6.01 7.21 8.30 2.04 3.58 7.30 9.09 4.18 4.84 6.39 0.00 0.00 5.91 7.24 0.00 6.95 6.56 5.55 5.19 3946532
3.55 2.87 0.00 0.00 4.86 4.38 3.22 5.16 5.23 7.69 7.95 6.50 5.34 5.99 7.26 7.94 2.64 3.59 7.24 9.11 4.16 0.00 0.00 4.94 0.00 5.92 7.12 0.00 7.08 6.69 5.70 5.74 3959622
3.47 2.99 0.00 3.23 4.86 4.35 3.26 5.12 0.00 3.32 7.95 6.71 5.35 5.79 7.10 7.97 2.18 3.90 7.19 9.05 4.31 4.96 4.93 4.51 0.00 6.10 7.01 6.10 6.80 6.60 5.92 5.30 3972712
3.49 3.01 0.00 0.00 5.01 4.34 3.30 5.27 5.21 7.52 7.98 6.77 5.60 5.13 7.07 8.63 2.48 3.52 7.05 9.00 4.28 0.00 0.00 3.82 0.00 5.90 6.88 5.62 6.77 6.52 5.42 5.27 3985802
3.40 2.95 0.00 0.00 4.86 4.28 3.56 5.10 0.00 7.68 8.08 6.60 5.36 5.87 7.15 7.89 0.00 3.45 6.77 9.18 4.26 0.00 3.62 2.87 0.00 0.00 7.05 5.54 6.55 6.56 5.42 0.00 3998892
3.42 3.00 5.14 0.00 4.85 4.38 3.48 5.36 5.22 7.57 7.93 6.42 5.20 5.76 6.77 7.97 2.14 3.72 7.05 9.01 4.41 4.83 2.76 4.25 0.00 5.78 6.84 6.32 6.41 6.67 5.19 4.69 4011982
3.64 3.03 0.00 3.33 4.83 4.32 3.28 4.97 3.88 5.90 7.83 6.29 5.34 5.29 6.97 7.52 2.01 3.63 6.57 9.04 4.21 4.85 0.00 4.73 0.00 6.33 6.97 5.48 6.55 6.53 5.29 4.63 4025072
3.52 2.78 0.00 2.88 4.97 4.36 3.68 5.28 0.00 7.69 7.81 6.49 5.16 5.77 6.81 7.51 2.08 3.49 7.28 8.97 4.24 4.94 9.74 0.00 0.00 6.03 7.05 5.92 6.74 6.69 3.38 4.57 4038162
3.57 2.94 5.45 0.00 4.91 4.29 3.48 5.23 0.00 4.01 8.12 6.27 5.23 5.74 7.56 7.60 2.14 3.74 7.01 9.04 4.30 4.80 3.96 5.01 0.00 5.86 4.91 5.40 6.44 6.50 4.92 4.67 4051252
3.48 3.07 0.00 0.00 4.82 4.44 3.01 5.33 5.17 7.53 7.93 6.64 5.14 5.77 6.61 7.58 2.02 3.61 6.82 9.47 4.40 4.91 0.00 2.68 0.00 5.94 7.18 5.79 6.49 6.03 5.04 4.56 4064342
3.54 3.00 5.83 2.73 4.93 4.40 3.19 5.35 5.24 5.62 7.90 6.33 5.19 5.82 6.47 7.01 2.12 3.95 5.43 8.97 4.23 4.91 3.08 4.18 0.00 5.79 6.82 5.19 6.22 6.34 4.14 4.46 4077432
3.55 3.01 5.41 2.96 4.89 4.36 3.44 5.32 5.50 6.34 7.94 6.30 5.00 5.72 6.68 6.79 2.04 3.58 0.00 9.13 3.38 5.03 3.16 4.70 0.00 5.99 6.20 5.45 5.82 6.31 4.56 4.55 4090522
3.57 2.94 5.41 0.00 4.85 4.41 2.97 5.20 5.21 7.29 7.86 6.36 5.05 5.60 7.05 6.73 2.60 3.46 7.31 9.12 4.29 0.00 4.82 0.00 0.00 5.75 6.80 5.60 5.78 6.52 4.73 4.05 4103612
3.58 3.03 5.33 2.69 4.99 4.36 3.40 5.09 5.22 7.29 0.00 6.38 4.98 5.61 6.54 6.64 2.05 3.46 2.03 9.03 4.29 0.00 2.49 4.49 0.00 6.04 6.80 5.29 5.33 6.34 4.43 3.73 4116702
3.50 2.97 0.00 2.92 4.90 4.40 3.92 5.28 5.20 6.87 8.03 6.36 5.00 5.51 6.55 6.43 2.02 3.41 0.00 8.98 4.45 5.29 4.42 0.00 0.00 0.00 7.02 0.00 5.78 5.84 4.41 3.93 4129792
3.52 2.98 0.00 3.16 5.03 4.54 3.44 5.17 5.43 5.63 7.96 6.71 4.88 5.48 6.29 6.40 2.05 3.55 6.16 8.98 4.22 0.00 0.00 4.54 0.00 5.75 6.85 5.25 6.00 6.48 4.40 3.85 4142882
3.46 2.91 5.04 3.01 4.88 4.38 3.53 4.97 0.00 7.35 8.31 6.40 5.04 5.47 6.34 0.00 2.90 3.66 6.05 8.95 4.25 5.38 0.00 2.93 0.00 6.05 6.69 5.24 5.56 6.17 4.35 4.11 4155972
3.71 2.90 0.00 0.00 4.91 4.56 3.15 5.33 4.99 7.64 7.89 6.28 4.86 5.36 5.88 6.52 2.04 3.51 7.25 9.05 4.31 0.00 5.32 3.60 0.00 6.16 6.70 0.00 5.64 5.63 4.28 3.67 4169062
3.64 2.99 5.16 0.00 4.99 4.43 3.38 5.04 0.00 7.48 7.90 6.44 5.21 5.32 6.07 6.08 0.00 3.48 0.00 9.02 4.52 5.02 3.85 3.20 0.00 5.83 6.87 5.16 5.49 5.63 4.52 3.60 4182152
3.52 2.88 0.00 0.00 5.03 4.64 3.42 5.34 0.00 5.53 7.85 6.76 4.84 5.34 5.94 6.25 2.02 3.50 7.23 9.71 4.29 5.16 0.00 3.95 0.00 5.68 6.72 5.23 5.55 5.59 4.25 3.99 4195242
3.64 2.90 5.31 2.90 4.90 4.44 3.89 5.07 5.20 7.24 0.00 6.27 5.06 5.29 5.90 6.02 2.05 3.52 0.00 0.00 4.53 5.05 0.00 5.30 0.00 6.05 6.84 5.69 5.85 5.70 4.07 3.42 4208332
3.61 2.92 5.18 3.26 5.00 4.54 3.50 5.10 5.23 7.68 7.97 6.42 4.89 5.26 5.92 6.14 2.65 3.60 7.41 0.00 4.37 5.09 0.00 5.08 0.00 5.84 6.81 5.77 5.65 5.45 4.07 3.41 4221422
3.59 2.95 5.01 0.00 4.92 4.40 0.00 5.15 5.22 7.69 8.01 6.35 4.74 5.38 5.79 6.03 2.02 3.53 7.21 8.94 4.48 5.08 0.00 4.82 0.00 6.14 6.74 5.46 5.44 5.51 3.84 3.38 4234512
3.61 2.90 0.00 0.00 5.08 4.54 3.74 4.99 5.22 7.72 8.19 6.52 4.86 5.22 5.85 6.05 0.00 3.80 0.00 9.03 4.35 5.03 0.00 5.54 0.00 5.68 5.91 5.60 5.63 5.25 4.06 3.55 4247602
3.60 2.95 5.35 0.00 4.98 4.54 4.06 5.49 5.24 7.61 8.02 6.27 4.69 5.33 5.96 6.06 0.00 3.85 0.00 8.97 4.48 0.00 0.00 4.47 0.00 5.60 6.85 5.47 5.60 5.41 3.76 3.65 4260692
3.59 2.97 0.00 0.00 4.96 4.50 3.38 5.00 5.25 7.64 8.06 6.44 4.56 5.34 5.98 6.05 0.00 3.66 0.00 9.04 4.38 5.21 0.00 4.40 0.00 0.00 6.50 5.34 5.54 5.21 3.83 3.41 4273782
3.58 3.04 0.00 2.80 5.43 4.45 0.00 5.03 0.00 7.67 6.80 6.35 4.63 5.32 5.89 6.15 2.09 3.51 7.33 9.04 4.39 0.00 0.00 0.00 0.00 5.52 6.63 6.02 5.43 5.48 3.78 3.38 4286872
3.67 3.05 0.00 0.00 0.00 4.49 3.69 5.03 5.22 7.31 8.18 6.61 4.58 5.29 6.00 6.14 2.06 3.50 7.21 8.93 4.40 4.98 0.00 4.70 0.00 0.00 6.67 5.48 5.38 5.40 3.73 3.52 4299962
3.58 3.03 0.00 0.00 4.94 4.53 3.40 5.02 0.00 7.66 8.01 6.40 4.67 5.25 6.01 6.08 0.00 3.53 7.17 0.00 4.45 5.07 0.00 4.65 0.00 5.75 6.67 5.06 5.30 5.38 3.57 3.42 4313052
3.54 2.88 5.26 2.81 4.98 4.58 3.20 5.21 5.16 7.67 7.98 6.47 4.99 5.30 6.06 6.17 2.11 3.43 7.27 8.91 4.59 5.36 0.00 4.72 0.00 6.16 6.68 5.14 4.96 4.98 3.56 3.65 4326142
3.56 2.87 0.00 0.00 5.26 4.54 3.45 5.32 0.00 4.74 7.99 6.71 4.47 5.35 5.94 6.19 2.86 3.66 7.24 8.94 4.49 5.04 0.00 4.47 0.00 5.80 6.59 5.16 5.08 5.43 3.60 3.41 4339232
3.56 3.02 0.00 0.00 5.02 4.57 3.56 5.13 5.71 7.77 8.14 6.56 4.41 5.17 6.07 6.18 2.75 3.62 6.83 8.96 4.65 0.00 5.73 5.41 0.00 5.46 6.51 5.37 5.11 4.70 3.32 0.00 4352322
3.64 2.94 5.20 0.00 5.27 4.38 3.25 5.31 5.47 7.66 8.19 6.79 4.32 5.30 6.09 6.23 2.09 3.60 6.90 9.01 4.42 4.98 7.11 4.46 0.00 4.12 5.37 5.01 4.90 4.61 3.48 3.48 4365412
3.90 3.01 5.19 3.03 5.04 4.46 3.26 5.33 5.25 6.06 8.06 6.58 4.31 5.27 6.10 6.44 2.33 3.52 7.40 8.94 2.26 5.06 0.00 0.00 0.00 5.50 5.48 5.20 4.36 5.11 3.41 3.47 4378502
3.59 2.84 5.17 0.00 5.04 4.70 3.25 5.25 0.00 4.05 8.14 6.54 4.15 5.16 6.16 6.27 2.28 3.45 6.88 9.04 4.46 0.00 3.85 0.00 0.00 4.90 5.53 4.97 4.66 4.54 3.39 3.53 4391592
3.60 2.87 0.00 0.00 4.99 4.52 3.54 5.10 0.00 5.08 8.14 6.72 4.08 5.35 6.19 6.38 2.08 3.68 7.23 8.98 4.55 5.28 4.27 4.23 0.00 5.33 5.48 4.68 4.52 4.61 3.34 3.51 4404682
3.72 3.06 0.00 0.00 5.07 4.50 3.32 5.39 0.00 3.21 8.13 6.81 4.16 5.52 6.21 6.38 2.03 3.53 6.85 9.33 4.48 5.17 2.95 3.46 0.00 5.33 5.14 4.62 4.48 4.42 3.33 3.56 4417772
3.87 2.91 5.43 3.18 4.97 4.22 3.49 5.11 3.99 5.98 7.69 7.11 4.07 5.59 6.28 6.32 2.11 3.55 6.39 9.07 4.82 5.24 2.87 4.78 0.00 4.92 5.52 5.12 4.20 4.43 3.37 3.58 4430862
3.73 2.97 0.00 2.46 5.15 4.06 3.35 5.13 5.19 5.14 7.94 6.67 4.17 4.72 6.30 6.41 2.09 3.53 7.37 8.99 4.47 0.00 2.58 3.92 0.00 5.06 4.72 4.69 4.05 4.40 3.42 3.62 4443952
3.65 2.89 5.32 0.00 5.09 4.54 3.37 4.96 4.59 4.10 6.15 6.88 3.99 5.38 6.42 6.60 2.06 3.68 6.13 9.06 4.53 0.00 0.00 3.53 0.00 5.12 5.35 4.33 3.83 4.29 3.56 3.78 4457042
3.71 2.94 0.00 3.88 5.06 4.51 3.56 5.14 5.05 2.31 7.70 6.77 4.15 5.51 6.55 6.58 2.05 3.63 6.64 9.68 3.81 5.31 2.56 4.53 0.00 5.05 5.42 0.00 3.85 4.47 2.87 3.57 4470132
3.68 2.87 5.07 0.00 5.01 4.71 3.18 5.02 3.43 3.70 6.78 6.10 3.94 3.67 6.53 6.65 2.11 3.71 6.53 9.31 4.53 5.46 3.41 2.93 0.00 0.00 5.39 4.03 3.87 4.37 3.45 3.56 4483222
3.69 2.93 5.09 2.95 5.05 4.58 3.20 5.22 4.48 3.22 7.09 6.83 4.15 4.56 6.56 6.99 2.09 3.86 7.23 9.33 4.32 5.35 3.39 3.15 0.00 4.97 4.69 4.39 3.32 4.35 3.34 3.98 4496312
3.67 2.94 4.50 2.33 5.19 4.67 3.40 4.96 4.04 3.58 7.02 6.52 4.25 5.57 6.75 6.90 2.11 3.50 6.79 9.08 4.21 0.00 4.37 3.64 0.00 5.02 5.88 3.73 3.51 4.19 3.40 3.89 4509402
3.76 2.66 5.20 2.97 5.25 3.53 3.64 5.00 4.23 3.27 5.54 3.55 3.96 5.79 6.71 6.84 2.12 3.66 7.14 7.62 2.77 5.25 3.18 3.71 0.00 5.44 5.51 3.44 2.60 4.35 3.51 3.56 4522492
4.00 2.48 0.00 3.08 5.10 4.62 3.18 5.35 2.98 3.92 6.76 5.44 4.10 5.32 6.91 2.86 2.17 3.74 5.79 8.96 3.89 5.27 2.14 2.32 0.00 5.09 4.53 2.80 3.01 2.49 3.40 3.78 4535582
3.82 2.84 4.90 2.60 5.20 4.14 3.45 5.10 4.86 3.36 5.87 6.58 4.10 2.58 6.88 7.03 2.04 3.81 7.04 9.37 3.02 5.65 2.99 3.81 0.00 5.30 5.06 3.34 3.82 3.95 3.48 3.82 4548672
3.74 2.85 4.92 2.82 5.11 3.77 2.97 5.08 2.39 2.76 5.10 5.78 4.38 3.96 6.96 7.00 2.13 3.73 4.77 9.17 2.62 0.00 5.01 3.49 0.00 5.07 6.36 3.02 3.11 4.29 3.55 3.70 4561762
3.71 2.85 4.88 3.07 5.15 3.17 3.43 5.20 5.23 3.87 6.34 6.17 4.24 3.53 7.14 7.03 2.97 3.83 6.34 0.00 2.93 5.34 3.35 3.77 0.00 5.79 6.23 3.18 3.68 4.46 3.02 2.57 4574852
3.90 2.84 4.05 2.80 5.27 4.62 2.58 5.12 3.50 2.67 5.69 5.50 4.21 5.72 7.14 7.82 2.06 3.62 7.06 9.09 3.66 5.34 3.13 4.43 0.00 5.29 3.88 3.17 3.65 4.04 3.43 3.72 4587942
3.76 2.80 5.21 2.34 5.38 4.51 3.37 5.14 3.92 2.86 5.37 5.80 4.54 4.75 7.09 7.64 2.09 3.85 4.64 9.10 4.34 0.00 2.49 4.93 0.00 5.31 4.78 3.09 3.15 4.38 3.49 3.74 4601032
3.76 2.84 5.13 2.66 5.29 4.65 2.31 3.97 4.95 2.43 5.94 5.22 4.56 3.52 7.22 5.02 2.07 3.51 4.43 9.18 3.11 0.00 3.10 4.47 0.00 5.59 2.32 3.05 2.83 4.30 3.45 3.78 4614122
3.96 2.79 5.17 2.69 5.34 2.99 3.47 4.68 4.78 3.23 5.69 5.55 4.26 3.23 7.25 7.20 2.07 3.16 6.81 8.88 2.87 5.35 3.00 3.79 0.00 5.43 5.32 2.96 3.71 4.34 3.68 3.77 4627212
3.82 2.73 4.81 2.56 5.33 4.66 3.22 3.28 3.02 2.85 5.59 5.61 4.50 4.45 7.22 3.25 2.20 3.11 3.90 9.34 4.13 0.00 4.23 3.19 0.00 5.69 6.25 3.06 3.37 4.39 3.21 3.81 4640302
3.77 3.04 3.35 2.82 4.43 4.68 2.84 2.54 2.19 2.61 4.32 4.51 4.52 4.91 7.74 7.27 2.24 2.79 6.99 9.22 2.35 0.00 2.16 3.74 0.00 6.19 5.35 3.19 3.58 3.56 2.90 4.16 4653392
3.88 2.89 4.23 2.59 5.47 4.56 2.81 3.13 3.10 3.41 5.25 5.58 4.32 4.55 5.64 6.73 2.09 3.60 5.03 9.47 2.15 0.00 3.21 4.11 0.00 5.51 3.79 3.09 3.12 4.31 3.14 3.93 4666482
3.84 2.91 4.88 3.24 5.49 4.73 2.82 5.00 3.33 2.58 4.62 5.42 4.62 3.72 7.56 4.78 2.08 3.84 4.78 8.90 5.00 5.51 3.08 3.51 0.00 5.82 5.84 2.98 3.79 3.08 3.80 4.23 4679572
3.80 2.67 4.76 3.13 5.53 3.13 3.03 2.53 3.31 3.19 5.02 5.04 4.74 2.77 7.57 7.28 2.11 3.80 7.80 0.00 4.92 5.87 3.75 4.28 0.00 5.86 4.71 2.95 2.31 4.38 3.70 4.21 4692662
2.99 2.91 4.12 2.42 5.40 2.76 3.23 4.35 2.89 3.81 4.77 5.14 5.11 2.95 6.91 7.76 2.06 3.63 6.87 2.65 2.96 0.00 2.60 4.71 0.00 5.87 6.41 3.19 3.87 4.45 3.82 4.05 4705752
3.86 2.92 4.87 2.80 5.44 4.78 3.24 5.76 4.15 2.18 4.27 5.19 5.33 4.40 5.57 6.07 2.30 3.74 3.58 3.98 2.63 5.80 3.54 2.82 0.00 5.94 3.00 3.55 3.24 4.13 3.48 4.38 4718842
3.83 2.80 5.03 2.91 5.97 3.50 3.11 5.21 4.36 3.05 4.04 4.70 4.60 3.23 7.78 7.62 2.09 3.60 6.14 8.90 2.69 0.00 3.26 3.86 0.00 3.28 5.33 2.96 3.92 4.44 3.81 4.13 4731932
3.84 2.87 5.05 2.98 5.62 4.80 3.14 3.56 2.60 3.10 4.53 4.73 4.73 6.04 7.73 7.45 2.08 3.70 3.48 3.46 4.33 5.66 3.47 2.61 0.00 5.93 2.92 3.23 3.92 2.95 3.73 4.53 4745022
3.81 2.93 3.72 2.47 5.65 2.36 3.52 3.75 3.61 2.47 4.31 4.45 4.70 2.55 8.23 6.19 2.62 3.14 3.59 0.00 2.91 5.73 2.72 3.30 0.00 6.29 3.50 3.24 3.31 2.95 3.71 2.64 4758112
3.88 2.84 4.45 2.66 5.56 2.81 3.35 5.31 3.07 3.01 3.50 4.68 4.02 3.07 7.78 7.61 2.07 3.47 5.39 8.96 4.96 5.79 3.69 4.46 0.00 5.93 6.41 3.21 3.54 4.53 3.55 4.06 4771202
4.05 3.03 4.20 3.06 5.55 4.93 2.91 4.60 3.55 3.38 4.00 4.84 4.77 5.10 6.74 8.05 2.09 3.57 4.16 8.90 2.33 0.00 2.68 0.00 0.00 5.80 3.24 3.44 3.43 3.94 3.82 4.34 4784292
3.69 2.88 5.03 2.36 5.62 4.98 3.22 5.05 2.94 2.52 4.43 4.97 5.13 6.67 7.80 7.65 2.09 3.62 6.39 8.95 5.17 0.00 2.93 4.12 0.00 5.59 6.28 3.21 3.84 2.76 3.51 4.42 4797382
3.88 2.79 4.81 2.67 5.61 4.33 3.47 4.87 2.41 3.36 4.33 4.59 4.92 2.70 7.83 7.49 2.06 2.94 2.80 8.92 4.06 5.59 4.06 4.89 0.00 0.00 5.25 3.24 3.27 4.51 3.96 4.51 4810472
3.95 2.90 5.24 2.69 4.08 3.95 3.29 3.76 4.20 2.77 4.31 4.63 5.12 4.94 7.96 7.92 2.09 4.08 6.75 8.94 4.62 5.66 3.37 2.66 0.00 5.55 5.13 3.19 2.82 2.98 3.97 4.40 4823562
3.93 2.79 5.31 2.49 5.73 4.76 3.25 4.92 2.53 3.37 4.31 4.64 4.91 5.51 7.87 0.00 2.05 3.33 7.00 8.88 5.10 5.76 3.47 4.38 0.00 5.86 4.83 3.38 2.81 3.75 4.05 4.41 4836652
4.15 2.68 5.18 2.75 5.93 5.11 2.49 4.77 4.34 3.18 4.27 4.67 4.96 6.24 7.98 7.70 2.25 3.74 7.06 8.89 5.37 5.79 3.63 0.00 0.00 6.07 4.12 3.30 3.16 3.84 3.58 4.49 4849742
3.96 2.91 5.02 2.84 5.91 5.22 3.19 3.72 3.54 2.59 4.26 4.81 5.02 6.94 7.91 7.56 2.35 3.82 6.46 9.00 5.43 0.00 0.00 4.48 0.00 5.75 7.00 3.38 4.24 3.40 4.13 4.36 4862832
3.99 2.89 5.06 2.83 5.86 5.23 3.18 4.93 2.94 3.59 4.16 4.80 5.30 3.69 8.12 7.83 2.07 3.66 6.64 8.98 4.56 5.75 2.34 4.40 0.00 0.00 7.09 3.28 4.12 3.63 4.24 4.38 4875922
3.92 2.94 5.07 2.67 5.76 3.65 3.41 4.99 5.79 3.67 4.50 4.78 5.07 6.91 8.61 7.63 2.12 3.82 6.87 9.10 5.34 5.76 4.89 0.00 0.00 6.24 7.11 3.33 4.31 4.75 4.25 4.49 4889012
4.12 2.96 5.11 2.79 5.91 5.24 3.34 5.24 0.00 2.36 4.18 4.75 4.91 6.90 7.89 7.70 2.16 3.62 7.10 8.94 5.51 5.97 2.12 4.49 0.00 5.71 7.18 3.58 4.54 4.63 4.22 5.13 4902102
3.97 2.99 0.00 2.58 5.91 5.27 3.22 4.95 5.13 4.07 4.24 4.76 5.07 6.84 7.95 8.14 0.00 3.80 7.15 8.91 5.21 0.00 6.56 0.00 0.00 5.96 7.06 3.30 4.25 4.67 4.25 4.53 4915192
3.91 2.90 5.45 3.39 5.80 5.30 3.38 4.78 5.28 2.82 4.31 4.77 5.06 6.50 7.94 8.22 2.19 3.57 5.24 8.95 5.38 5.93 0.00 4.77 0.00 5.78 7.05 3.52 4.31 4.64 4.24 4.51 4928282
4.02 3.00 5.03 2.49 5.84 5.40 3.46 4.85 5.33 4.16 4.41 4.70 4.82 3.80 8.61 7.90 2.53 4.23 7.01 9.08 5.36 0.00 0.00 0.00 0.00 5.75 6.46 3.55 4.30 4.74 4.24 4.79 4941372
4.05 2.89 5.26 3.39 5.92 5.36 3.34 4.84 5.36 4.13 4.38 4.76 5.33 6.96 7.99 7.61 2.07 3.93 7.40 9.11 0.00 0.00 0.00 4.64 0.00 5.76 7.14 3.51 3.84 4.66 4.27 4.49 4954462
4.07 2.97 5.49 3.40 5.79 5.33 3.35 4.93 5.11 2.68 4.28 4.78 5.26 7.05 8.20 7.63 2.03 3.88 0.00 9.04 5.31 5.84 0.00 0.00 0.00 0.00 7.03 3.49 4.28 4.76 4.26 4.50 4967552
4.02 2.97 5.16 0.00 5.78 5.35 3.35 5.04 4.68 3.05 4.28 4.87 5.19 7.07 7.94 7.64 0.00 3.94 7.06 0.00 5.50 6.04 0.00 4.82 0.00 5.71 7.06 3.95 4.30 4.72 4.41 4.57 4980642
3.95 2.89 5.31 3.21 5.78 5.43 3.28 4.98 5.60 4.19 4.56 4.78 4.81 6.96 8.08 7.82 2.04 3.68 7.24 9.16 5.27 5.84 2.61 4.76 0.00 5.69 7.26 3.52 4.36 4.70 4.30 5.23 4993732
4.49 3.10 0.00 0.00 5.90 5.41 3.30 4.89 5.19 4.22 4.29 4.91 5.00 6.93 8.00 7.67 2.04 3.55 0.00 0.00 5.28 5.92 0.00 4.42 0.00 6.13 7.14 3.43 4.46 4.72 4.44 4.72 5006822
4.01 3.01 5.24 0.00 5.79 5.38 3.35 4.97 5.18 3.90 4.41 4.81 5.01 7.02 7.96 7.62 2.03 4.06 0.00 9.06 5.32 0.00 0.00 0.00 0.00 5.66 7.08 3.87 4.29 4.38 4.30 4.55 5019912
3.96 2.96 0.00 0.00 6.15 5.37 3.34 4.95 5.48 4.26 4.30 4.83 4.85 7.11 8.00 7.66 2.02 3.62 0.00 9.05 5.30 5.98 0.00 4.20 0.00 6.21 7.11 3.50 4.24 4.75 4.29 4.59 5033002
4.03 2.97 5.10 0.00 5.89 5.37 3.36 4.80 5.13 4.15 4.26 4.82 5.90 6.99 7.98 7.61 2.03 3.57 0.00 9.05 5.57 6.51 0.00 4.61 0.00 5.94 7.13 3.58 4.30 4.76 4.31 4.58 5046092
4.12 2.99 5.14 0.00 5.78 5.41 3.64 4.84 5.09 3.98 4.31 5.42 4.89 7.03 7.95 7.79 2.03 3.69 0.00 9.05 5.41 6.24 0.00 0.00 0.00 5.86 7.13 3.60 4.34 4.93 4.32 4.61 5059182
4.00 3.00 5.08 0.00 5.78 5.46 3.26 5.00 5.15 4.09 4.25 4.86 4.93 7.08 8.02 7.78 2.04 3.71 0.00 9.07 5.35 0.00 0.00 4.70 0.00 6.22 7.03 3.56 4.32 4.71 4.42 0.00 5072272
4.04 3.07 5.29 0.00 5.79 5.40 3.23 4.88 5.17 4.12 4.23 5.11 0.00 6.94 8.07 7.76 2.07 3.60 0.00 9.07 5.38 6.00 0.00 4.21 0.00 5.80 7.07 3.56 4.34 4.71 4.30 4.73 5085362
4.63 3.00 5.21 0.00 5.86 5.54 3.26 5.02 5.30 4.25 4.24 5.01 5.07 6.99 8.09 7.81 2.23 3.69 0.00 9.00 5.34 0.00 0.00 4.75 0.00 5.78 7.08 3.65 4.41 4.85 4.31 4.58 5098452
4.14 3.02 5.24 0.00 5.75 5.50 3.35 5.03 5.38 4.12 4.30 0.00 5.41 7.17 8.09 7.73 2.05 3.86 0.00 9.06 5.61 6.24 0.00 4.83 0.00 5.69 7.08 3.91 4.30 4.78 4.36 4.63 5111542
0.00 2.93 5.50 0.00 5.73 5.48 3.34 5.01 5.58 4.12 4.22 4.84 0.00 6.96 8.05 7.60 2.05 3.69 0.00 9.06 5.32 0.00 0.00 3.88 0.00 6.07 7.11 4.28 4.38 4.73 4.40 4.65 5124632
3.91 2.97 5.45 0.00 5.85 5.45 3.38 4.87 5.21 4.23 4.21 4.85 5.44 7.13 8.07 7.67 3.07 3.83 0.00 9.09 5.53 6.21 0.00 4.36 0.00 5.77 7.26 3.65 4.42 4.84 4.30 4.70 5137722
3.96 2.99 5.31 0.00 6.01 5.55 3.29 5.05 5.31 4.12 4.33 4.83 5.60 7.02 8.02 7.77 2.02 3.61 0.00 9.71 5.42 6.06 0.00 3.88 0.00 5.66 7.01 3.72 4.43 4.81 4.36 4.63 5150812
3.97 2.96 0.00 0.00 5.82 5.50 3.26 5.03 5.22 4.19 4.31 4.92 5.15 6.98 8.06 7.74 2.25 4.03 0.00 9.08 5.43 0.00 0.00 3.89 0.00 5.68 7.07 3.91 4.43 4.99 4.31 5.26 5163902
3.92 3.01 5.13 0.00 6.51 5.60 3.24 4.94 5.23 4.22 4.30 4.91 4.98 7.18 8.11 7.60 2.19 3.68 0.00 8.90 5.39 0.00 0.00 3.96 0.00 5.64 7.04 4.23 4.39 4.78 4.36 4.59 5176992
3.89 3.07 0.00 0.00 5.81 5.49 3.25 5.08 5.23 4.17 4.41 4.92 5.27 7.12 8.05 7.70 2.03 4.27 0.00 9.03 5.56 0.00 0.00 4.13 0.00 5.69 7.04 3.69 4.43 4.78 4.39 4.58 5190082
4.04 3.00 5.22 0.00 5.77 5.53 3.23 5.07 5.22 4.15 4.39 0.00 5.08 7.13 8.07 7.69 2.00 4.05 0.00 9.02 5.39 0.00 0.00 3.90 0.00 5.69 7.06 3.65 4.39 4.73 4.31 4.63 5203172
4.01 3.01 5.70 0.00 5.78 5.47 3.23 5.08 5.28 4.22 4.19 4.86 5.02 7.14 8.00 7.68 2.01 4.05 0.00 9.08 5.38 0.00 0.00 3.92 0.00 5.74 7.30 3.65 4.38 4.90 4.31 4.69 5216262
3.95 3.00 5.29 0.00 5.81 5.44 3.24 5.08 5.31 4.29 4.30 4.89 4.97 7.10 8.04 7.66 2.01 3.72 0.00 8.95 5.60 0.00 0.00 3.91 0.00 5.72 7.25 4.23 4.47 4.83 4.30 4.62 5229352
3.94 2.99 5.25 0.00 5.81 5.44 3.26 5.10 5.28 4.29 4.25 4.99 5.05 7.04 8.19 7.63 2.02 3.69 0.00 9.11 5.56 6.15 0.00 3.95 0.00 5.69 7.25 3.63 4.42 0.00 4.46 4.80 5242442
4.05 2.99 5.27 0.00 5.79 5.48 3.21 5.12 5.30 4.18 4.23 0.00 4.99 6.98 8.07 7.60 2.01 3.63 0.00 9.08 5.49 6.06 0.00 3.95 0.00 5.71 7.14 3.63 4.37 4.75 4.40 4.86 5255532
3.98 3.01 5.50 0.00 5.82 5.64 3.19 5.11 5.28 4.20 4.30 4.98 4.90 7.64 8.09 7.58 2.02 3.85 0.00 8.82 5.43 6.09 0.00 3.91 0.00 5.73 7.99 3.61 4.32 4.76 4.50 4.67 5268622
4.19 3.01 5.26 0.00 0.00 5.52 3.20 5.03 5.28 4.23 4.27 0.00 5.77 7.20 8.03 7.61 2.02 3.81 0.00 9.05 5.52 5.97 0.00 3.91 0.00 5.72 7.24 3.63 4.37 4.73 4.45 4.58 5281712
3.92 3.04 5.21 0.00 5.85 5.48 3.19 5.04 5.27 4.31 4.30 4.95 4.89 7.19 0.00 7.60 2.03 4.25 0.00 9.10 5.49 6.05 0.00 3.88 0.00 5.72 7.25 4.37 4.46 4.81 4.29 4.60 5294802
4.64 3.02 5.26 0.00 5.90 5.49 3.22 5.05 5.23 4.39 4.29 5.66 5.17 0.00 8.11 7.63 2.02 4.10 0.00 9.11 5.52 6.22 0.00 3.88 0.00 5.72 7.24 3.96 4.51 4.86 4.32 0.00 5307892
4.64 3.01 5.26 0.00 5.78 5.60 3.21 5.05 5.22 4.30 4.26 4.88 5.35 7.16 0.00 7.59 0.00 3.66 0.00 9.10 5.63 6.09 0.00 3.87 0.00 5.71 7.99 3.77 4.52 4.81 4.32 0.00 5320982
4.65 3.01 5.26 0.00 5.79 5.55 3.22 4.99 5.25 4.25 4.29 4.90 4.88 7.08 8.44 7.59 2.01 3.69 0.00 9.09 0.00 6.41 0.00 3.87 0.00 5.73 7.91 3.61 4.70 4.73 4.35 0.00 5334072
3.91 3.01 5.72 0.00 5.79 5.61 3.23 5.04 5.24 4.25 4.28 4.89 5.37 7.05 8.16 7.63 2.01 3.83 0.00 9.07 0.00 6.22 0.00 3.88 0.00 5.73 7.58 0.00 4.42 4.81 4.29 4.62 5347162
3.92 2.99 5.12 0.00 5.79 5.56 3.23 4.97 5.24 4.28 4.33 4.90 5.62 7.06 8.13 7.60 0.00 4.05 0.00 9.10 5.35 6.22 0.00 3.89 0.00 5.72 7.56 3.62 4.40 4.75 4.34 0.00 5360252
3.92 2.99 5.76 0.00 5.85 5.51 3.23 4.97 5.24 4.32 4.31 4.93 5.05 7.07 8.06 7.63 2.01 3.68 0.00 9.08 5.32 6.05 0.00 3.91 0.00 5.74 7.57 4.20 4.45 5.40 4.33 4.61 5373342
3.94 3.00 5.74 0.00 5.85 5.52 3.24 4.96 5.24 4.30 4.30 4.89 4.93 7.04 8.15 7.66 2.01 3.84 0.00 9.08 5.63 6.05 0.00 3.88 0.00 5.75 7.58 3.64 4.45 4.70 4.40 0.00 5386432
3.96 2.99 5.89 0.00 5.84 5.56 3.23 4.94 5.21 4.32 4.32 5.76 4.94 7.07 8.11 7.60 2.78 3.66 0.00 9.08 5.54 0.00 0.00 3.88 0.00 5.74 7.57 3.70 4.39 4.72 4.45 4.68 5399522
4.03 3.01 5.03 0.00 5.83 5.60 3.23 4.93 5.22 4.23 4.27 5.23 5.55 7.07 8.17 7.60 2.84 3.66 0.00 9.06 5.43 6.26 0.00 3.88 0.00 0.00 7.58 3.76 4.41 4.75 4.41 4.66 5412612
4.16 2.99 0.00 0.00 5.82 5.56 3.23 4.95 5.21 4.22 4.30 5.25 0.00 7.07 8.05 7.61 2.84 3.65 0.00 8.79 5.44 6.08 0.00 3.90 0.00 5.75 7.56 4.30 4.44 5.00 4.37 0.00 5425702
4.15 3.01 0.00 0.00 5.79 5.56 3.22 4.95 5.21 4.23 4.25 5.19 0.00 7.10 8.04 7.60 2.78 3.59 0.00 9.09 5.64 6.03 0.00 3.90 0.00 5.75 7.56 4.33 4.54 4.72 4.36 4.88 5438792
3.95 3.00 0.00 0.00 5.79 5.54 3.23 4.94 5.21 4.21 4.29 5.33 5.19 7.11 8.06 7.60 2.83 3.70 0.00 8.97 5.45 0.00 0.00 3.88 0.00 5.74 7.56 3.73 4.39 4.73 4.37 5.28 5451882
3.90 3.00 4.99 0.00 5.81 5.56 3.22 4.94 5.22 4.23 4.30 0.00 5.23 7.10 8.02 7.59 3.03 3.93 0.00 8.97 5.43 6.05 0.00 3.90 0.00 5.74 7.55 0.00 4.59 4.74 4.36 5.31 5464972
4.02 3.01 5.30 0.00 5.79 5.46 3.26 4.95 5.21 4.24 4.35 0.00 5.23 7.39 8.15 7.55 2.42 3.64 0.00 8.98 5.99 6.01 0.00 3.90 0.00 5.73 7.53 4.03 4.45 4.72 4.39 5.01 5478062
3.91 3.01 4.93 0.00 5.80 5.49 3.26 4.94 5.20 4.19 4.31 0.00 0.00 7.44 8.05 7.57 3.04 3.86 0.00 9.00 5.97 6.03 0.00 3.89 0.00 5.71 7.53 0.00 4.62 4.71 4.41 5.30 5491152
3.93 3.00 4.95 0.00 5.81 5.51 3.26 4.93 5.18 4.29 4.29 0.00 5.83 7.17 8.04 7.57 3.06 3.85 0.00 8.97 5.96 6.01 0.00 3.95 0.00 5.94 7.40 0.00 4.92 4.70 4.60 5.26 5504242
3.90 2.99 4.95 0.00 5.83 5.49 3.26 5.06 5.19 4.21 4.35 0.00 5.18 7.24 8.04 7.60 3.03 3.86 0.00 8.93 5.67 6.05 0.00 3.88 0.00 5.77 7.40 0.00 4.34 4.71 4.43 4.99 5517332
3.89 3.00 4.97 0.00 5.82 5.53 3.27 4.95 5.20 4.20 4.29 0.00 5.26 7.20 8.04 7.59 3.03 4.03 0.00 8.98 5.57 6.02 0.00 3.89 0.00 5.93 7.40 0.00 4.36 4.71 4.39 4.60 5530422
3.97 3.01 4.97 0.00 5.84 5.52 3.24 4.94 5.19 4.21 4.27 0.00 4.86 7.17 8.06 7.58 2.52 4.01 0.00 8.92 5.52 6.04 0.00 3.89 0.00 5.75 7.39 3.75 4.34 4.72 4.36 4.64 5543512
4.62 2.99 4.96 0.00 5.85 5.51 3.26 4.95 5.18 4.21 4.51 5.33 5.21 7.20 8.08 7.57 2.83 3.72 0.00 8.87 5.51 6.11 0.00 3.87 0.00 5.95 7.38 0.00 4.36 4.72 4.42 4.61 5556602
3.89 3.00 5.00 0.00 5.83 5.47 3.24 4.95 5.18 4.19 4.38 5.28 5.32 7.07 8.04 7.55 2.01 3.73 0.00 9.08 5.54 6.39 0.00 3.89 0.00 5.73 7.39 4.12 4.39 4.71 4.35 4.58 5569692
3.89 3.00 5.00 0.00 5.78 5.53 3.24 4.94 5.18 4.21 4.28 5.57 5.10 7.07 8.18 7.55 2.01 4.00 0.00 9.02 5.70 0.00 0.00 3.91 0.00 5.73 7.39 4.30 4.36 4.72 4.33 4.61 5582782
3.89 3.00 5.10 0.00 5.92 5.42 3.26 4.94 5.18 4.20 4.31 5.21 4.89 7.01 8.18 7.55 2.02 3.70 0.00 8.93 6.03 6.69 0.00 3.89 0.00 0.00 7.39 3.82 0.00 4.71 4.37 4.63 5595872
3.89 3.02 5.15 0.00 5.85 5.51 3.23 4.95 5.18 4.21 4.26 5.37 5.60 7.09 8.19 7.55 2.02 3.67 0.00 9.10 5.83 0.00 0.00 3.93 0.00 0.00 7.40 4.37 4.66 4.72 4.49 4.60 5608962
3.86 3.06 5.18 0.00 5.94 5.73 3.24 4.93 5.20 4.22 4.22 4.93 5.03 7.12 0.00 7.54 3.07 3.71 0.00 9.11 0.00 6.26 0.00 3.95 0.00 0.00 7.40 3.88 4.38 4.71 5.21 4.62 5622052
3.87 3.03 0.00 0.00 5.82 5.55 3.23 4.93 5.19 4.24 4.35 4.91 4.87 7.03 0.00 7.60 0.00 3.72 0.00 9.11 5.72 0.00 0.00 4.65 0.00 0.00 7.40 3.88 4.44 4.72 4.32 4.65 5635142
3.88 3.04 0.00 0.00 5.93 5.55 3.23 4.94 5.19 4.22 4.35 4.91 5.25 7.28 8.09 7.53 2.86 3.70 0.00 9.01 5.63 0.00 0.00 3.93 0.00 0.00 7.38 0.00 4.70 4.72 4.41 4.59 5648232
3.92 3.00 0.00 0.00 5.84 5.49 3.25 4.95 5.23 4.10 4.26 5.39 0.00 7.23 8.03 7.57 2.63 3.80 0.00 9.10 5.61 0.00 0.00 4.44 0.00 0.00 7.39 0.00 4.38 4.71 4.41 4.83 5661322
3.92 2.99 0.00 0.00 5.84 5.56 3.26 4.94 5.22 4.12 4.27 4.92 5.42 7.16 8.02 7.60 2.84 3.69 0.00 9.10 5.73 0.00 0.00 3.97 0.00 0.00 7.39 0.00 4.48 4.71 4.38 4.58 5674412
3.93 2.99 0.00 0.00 5.98 5.48 3.23 4.94 5.26 4.18 4.34 4.90 4.99 7.11 8.01 7.60 3.05 3.72 0.00 9.10 5.49 6.59 0.00 3.95 0.00 0.00 7.39 0.00 4.37 4.69 4.39 4.63 5687502
3.95 3.02 5.88 0.00 5.84 5.51 3.24 4.96 5.29 4.25 4.27 4.90 4.95 7.16 8.00 7.60 2.85 3.99 0.00 9.12 5.60 0.00 0.00 3.94 0.00 0.00 7.38 4.36 4.37 4.71 4.38 4.77 5700592
3.95 3.02 0.00 0.00 5.81 5.49 3.25 4.95 5.32 4.16 4.24 4.90 4.88 7.15 8.03 7.60 3.05 3.74 0.00 9.12 5.63 6.18 0.00 3.97 0.00 0.00 7.39 0.00 4.36 4.71 4.46 4.65 5713682
3.92 2.99 0.00 0.00 5.79 5.50 3.25 4.94 5.30 4.16 4.25 4.92 5.01 7.17 8.06 7.58 2.84 3.72 0.00 9.11 5.61 6.15 0.00 3.94 0.00 0.00 7.39 0.00 4.34 4.73 0.00 4.60 5726772
3.90 3.00 0.00 0.00 5.82 5.50 3.26 4.95 5.29 4.15 4.30 4.93 5.10 7.16 8.04 7.58 2.83 3.71 0.00 9.00 5.60 6.74 0.00 3.97 0.00 0.00 7.39 0.00 4.39 4.71 4.34 4.66 5739862
3.94 3.01 5.08 0.00 5.82 5.55 3.25 4.94 5.26 4.14 4.30 4.92 0.00 7.16 8.09 7.56 2.63 3.69 0.00 8.86 0.00 6.71 0.00 3.95 0.00 0.00 7.38 0.00 4.49 4.71 4.30 4.60 5752952
3.90 3.00 5.04 0.00 5.79 5.52 3.26 4.94 5.23 4.14 4.31 4.92 5.17 7.70 8.11 7.54 2.69 3.67 0.00 9.00 5.78 0.00 0.00 4.65 0.00 5.51 7.39 3.74 4.45 4.75 4.31 4.59 5766042
3.93 3.01 5.87 0.00 5.80 5.53 3.26 4.94 5.25 4.26 4.30 4.93 5.02 7.14 8.11 7.54 2.02 3.68 0.00 9.16 5.61 0.00 0.00 3.93 0.00 0.00 7.42 4.36 4.35 4.69 4.35 4.61 5779132
3.93 2.99 5.75 0.00 5.81 5.51 3.25 4.93 5.20 4.22 4.27 4.93 5.04 7.11 8.12 7.57 2.84 3.68 0.00 9.38 0.00 0.00 0.00 3.93 0.00 0.00 7.53 4.37 4.33 4.72 4.31 4.69 5792222
3.90 2.96 5.73 0.00 5.83 5.84 3.27 4.94 5.20 4.23 4.26 4.94 5.18 7.14 8.11 7.55 2.42 3.68 0.00 9.09 0.00 0.00 0.00 0.00 0.00 0.00 7.44 4.36 4.51 4.73 4.39 0.00 5805312
3.93 2.97 5.16 3.13 5.90 5.46 3.28 4.93 5.33 4.10 4.26 4.94 4.77 7.16 8.12 7.56 2.44 3.68 0.00 9.12 5.70 6.17 0.00 3.96 0.00 0.00 7.55 0.00 4.46 4.73 4.38 4.61 5818402
3.94 3.01 5.15 0.00 5.87 5.46 3.30 4.93 5.08 4.07 4.28 4.96 4.96 7.15 8.11 7.55 2.43 3.70 0.00 9.13 5.74 6.20 0.00 0.00 0.00 0.00 7.56 0.00 4.78 4.70 4.35 0.00 5831492
3.92 2.99 5.11 0.00 5.81 5.47 3.28 4.92 5.34 4.34 4.23 4.96 5.28 7.12 8.12 7.57 2.63 3.70 0.00 9.11 5.46 6.14 0.00 3.94 0.00 0.00 7.56 3.73 4.51 4.88 4.44 0.00 5844582
3.89 2.98 5.12 0.00 5.89 5.56 3.28 4.95 5.33 4.34 4.34 4.97 4.83 7.17 8.10 7.61 2.02 3.79 0.00 9.09 5.48 6.16 0.00 4.26 0.00 0.00 7.14 3.85 4.38 4.79 4.43 4.74 5857672
3.90 2.99 5.12 0.00 5.90 5.47 3.27 4.93 5.30 4.24 4.32 4.95 5.05 7.13 8.11 7.62 2.02 3.73 0.00 9.11 5.51 6.13 0.00 3.95 0.00 0.00 7.03 4.13 4.48 4.68 4.43 5.34 5870762
3.91 2.99 5.12 0.00 5.78 5.46 3.27 4.92 5.27 4.24 4.37 4.97 5.31 7.14 8.11 7.60 2.02 3.69 0.00 9.12 5.61 6.36 0.00 3.95 0.00 0.00 7.27 4.30 4.48 4.70 4.45 0.00 5883852
3.89 3.00 5.12 0.00 5.79 5.61 3.27 4.91 5.10 4.18 4.45 4.97 5.15 7.15 8.13 7.60 2.02 3.70 0.00 0.00 5.59 6.25 0.00 3.94 0.00 0.00 7.56 0.00 4.45 4.72 0.00 4.59 5896942
3.88 2.99 5.06 0.00 5.82 5.76 3.29 4.92 5.27 4.22 4.29 4.95 5.25 7.15 8.11 7.56 2.03 3.71 0.00 9.11 5.58 6.12 0.00 3.97 0.00 0.00 7.03 4.28 4.51 4.75 0.00 4.61 5910032