4.25 3.03 5.19 3.49 3.38 3.45 2.89 4.92 0.00 7.29 6.48 6.76 5.01 5.79 6.62 6.34 2.15 3.80 0.00 9.05 4.07 5.08 0.00 4.65 0.00 0.00 5.72 2.45 3.26 3.86 5.58 5.84 276553
4.23 3.03 5.18 3.48 3.37 3.46 2.90 4.93 0.00 7.29 6.46 6.76 5.03 5.78 6.61 6.34 2.14 3.79 0.00 9.04 4.08 5.09 0.00 4.64 0.00 0.00 5.71 2.44 3.28 3.86 5.58 5.84 289643
4.24 3.03 5.17 3.50 3.36 3.46 2.89 4.91 0.00 7.29 6.46 6.76 5.04 5.78 6.62 6.34 2.14 3.80 7.26 9.05 4.07 5.08 0.00 4.64 0.00 0.00 5.72 2.45 3.26 3.87 5.57 5.85 302733
4.23 3.04 5.17 3.51 3.36 3.47 2.89 4.93 0.00 7.29 6.47 6.77 5.03 5.78 6.62 6.34 2.17 3.79 6.86 9.05 4.07 5.09 0.00 4.63 0.00 0.00 5.72 2.44 3.27 3.86 5.57 5.85 315823
4.24 3.04 5.17 3.48 3.36 3.46 2.89 4.70 0.00 7.28 6.46 6.76 5.04 5.78 6.62 6.34 2.18 3.82 0.00 9.05 4.06 5.09 0.00 4.64 0.00 0.00 5.72 2.45 3.25 3.87 5.57 5.85 328913
4.23 3.03 5.16 3.48 3.37 3.48 2.89 4.86 0.00 7.29 6.47 6.76 5.03 5.79 6.62 6.35 2.15 3.83 7.28 9.05 4.08 5.10 0.00 4.64 0.00 0.00 5.72 2.45 3.27 3.86 5.58 5.85 342003
4.24 3.03 5.18 3.48 3.38 3.46 2.88 4.71 0.00 7.28 6.46 6.77 5.02 5.80 6.61 6.32 2.16 3.85 7.22 9.04 4.07 5.09 0.00 4.63 0.00 0.00 5.72 2.44 3.25 3.86 5.58 5.86 355093
4.24 3.03 5.70 3.49 3.37 3.46 2.88 5.10 0.00 7.30 6.47 6.75 4.97 5.98 6.61 6.32 2.17 3.78 6.97 9.05 4.08 0.00 0.00 4.60 0.00 0.00 5.72 2.45 3.26 3.86 5.58 5.87 368183
4.27 3.03 5.70 3.51 3.39 3.43 2.89 4.83 0.00 7.30 6.46 6.76 4.86 5.71 6.61 6.33 2.08 3.76 6.96 9.05 4.07 0.00 0.00 0.00 0.00 0.00 5.74 2.40 3.29 3.89 5.58 5.84 381273
4.22 3.03 5.70 3.46 3.47 3.43 2.89 5.12 0.00 7.29 6.47 6.75 4.82 6.02 6.61 6.43 2.08 3.75 6.93 9.04 4.08 5.09 0.00 0.00 0.00 0.00 5.73 2.36 3.32 3.88 5.57 5.85 394363
4.30 3.02 5.68 3.31 3.28 3.44 2.88 5.10 0.00 7.28 6.47 6.75 4.79 5.74 6.61 6.34 2.03 3.79 6.97 9.02 4.10 0.00 0.00 4.54 0.00 0.00 5.73 2.38 3.33 3.89 5.58 5.84 407453
4.33 3.03 5.67 3.50 3.25 3.45 2.89 4.99 5.33 7.28 6.48 6.77 5.07 5.76 6.61 6.35 2.02 4.36 0.00 9.06 4.09 4.51 0.00 4.60 0.00 0.00 5.74 2.59 3.34 3.85 5.58 5.85 420543
4.44 3.03 5.31 3.50 3.29 3.44 2.88 5.02 5.27 7.29 6.50 6.76 5.06 5.80 6.61 6.46 2.04 4.04 6.87 9.06 4.10 4.30 0.00 4.64 0.00 0.00 5.74 2.39 3.37 3.87 5.68 5.83 433633
4.24 3.02 5.27 3.50 3.32 3.45 2.89 4.72 0.00 7.28 6.49 6.76 5.01 5.91 6.62 6.42 2.01 3.73 6.79 9.04 4.07 4.51 0.00 4.94 0.00 0.00 5.73 2.34 3.37 3.84 5.67 5.86 446723
4.29 3.03 5.24 3.29 3.22 3.42 2.89 4.74 0.00 7.29 6.51 6.80 4.77 5.72 6.62 6.42 2.02 3.77 7.22 9.05 4.07 0.00 0.00 0.00 0.00 0.00 5.74 2.29 3.17 3.91 5.58 6.28 459813
4.34 3.04 5.24 3.54 3.26 3.46 2.89 4.73 5.32 7.28 6.59 6.81 4.80 5.85 6.61 6.34 2.03 3.75 7.54 9.06 4.06 4.63 0.00 0.00 0.00 0.00 5.71 2.35 3.28 3.97 5.61 6.61 472903
4.48 3.02 5.24 3.41 3.31 3.39 2.87 4.60 0.00 7.28 6.50 6.81 4.87 5.78 6.59 6.34 2.02 3.76 6.98 9.05 4.10 4.68 0.00 0.00 0.00 0.00 5.72 2.28 3.22 3.88 5.60 5.90 485993
4.31 3.04 5.58 3.48 3.30 3.38 3.03 4.58 0.00 7.26 6.51 6.82 5.06 5.73 6.61 6.40 2.02 3.87 6.95 9.06 4.12 4.64 0.00 0.00 0.00 0.00 5.73 2.31 3.23 4.06 5.57 5.83 499083
4.34 3.01 5.47 3.35 3.37 3.45 2.87 4.63 0.00 7.26 6.55 6.82 4.81 5.71 6.59 6.42 2.02 3.82 6.97 9.04 4.14 4.31 0.00 0.00 0.00 0.00 5.71 2.32 3.24 3.88 5.58 5.89 512173
5.01 3.01 5.88 3.24 3.29 3.39 2.86 4.74 5.27 7.27 6.52 6.60 5.63 5.65 6.59 6.33 2.02 3.88 0.00 9.04 4.08 0.00 0.00 0.00 0.00 0.00 5.73 2.25 3.23 4.23 5.57 5.84 525263
4.40 3.03 5.58 3.28 3.33 3.29 2.98 4.82 0.00 7.25 6.50 6.61 4.80 5.75 6.62 6.30 2.02 4.08 6.77 9.04 4.11 4.54 0.00 0.00 0.00 0.00 5.73 2.31 3.21 3.94 5.57 5.85 538353
4.81 2.89 5.08 3.24 3.39 3.26 2.87 4.56 5.27 7.25 6.69 0.00 4.90 5.80 6.61 6.45 2.82 3.77 6.95 9.07 4.12 4.32 0.00 0.00 0.00 0.00 5.70 2.33 3.22 3.92 5.56 6.22 551443
4.37 2.90 5.65 2.98 3.33 3.34 2.93 4.24 5.42 7.29 6.54 6.65 4.92 5.78 6.61 6.33 2.27 3.84 7.04 9.05 4.08 4.51 0.00 5.68 0.00 5.06 5.75 2.47 3.20 4.11 5.57 6.24 564533
4.38 3.02 5.15 3.23 3.54 3.30 2.99 3.18 2.88 7.27 6.50 6.64 4.81 5.72 6.65 6.37 2.02 3.68 7.31 9.07 4.08 4.48 0.00 4.59 0.00 4.35 5.73 2.33 3.36 3.90 5.59 5.73 577623
4.28 3.05 4.98 3.28 3.42 3.25 2.83 4.70 0.00 6.74 6.61 6.63 4.96 5.64 6.65 6.40 2.01 3.76 6.96 9.06 4.07 4.36 0.00 4.70 0.00 0.00 6.18 2.30 3.28 3.98 5.55 5.71 590713
4.35 3.00 4.60 3.43 3.55 3.34 2.76 4.25 0.00 2.81 6.56 6.74 4.80 5.75 6.63 6.50 2.04 3.84 7.02 9.04 4.09 4.46 0.00 4.79 0.00 4.93 5.76 2.35 3.31 3.97 5.66 5.71 603803
4.40 3.01 5.25 3.41 3.65 3.04 2.81 4.74 5.21 6.34 6.91 6.69 4.96 5.83 6.70 6.36 3.05 3.98 6.74 9.04 4.02 4.38 0.00 4.42 0.00 4.38 5.92 2.38 3.31 3.94 5.51 5.75 616893
4.28 2.99 5.07 3.19 3.75 3.48 2.73 3.79 5.28 5.43 5.37 6.61 4.85 5.02 6.87 7.06 0.00 3.66 7.05 9.08 4.42 4.34 0.00 5.18 0.00 4.55 5.91 2.62 3.32 4.21 5.52 5.65 629983
4.42 2.88 4.67 3.32 3.71 3.51 2.63 4.60 4.97 3.88 6.23 6.60 4.98 5.81 6.65 6.36 0.00 3.47 0.00 9.06 4.19 4.58 0.00 0.00 0.00 4.26 5.94 2.35 3.27 3.94 5.52 5.68 643073
4.72 3.02 4.07 2.96 3.66 3.47 2.69 4.77 2.68 2.84 5.61 7.00 4.90 5.66 6.74 6.45 2.83 3.46 7.02 9.09 4.07 4.48 0.00 4.22 0.00 4.40 5.77 2.38 3.26 3.92 5.48 5.63 656163
4.64 2.98 3.55 3.62 3.91 3.58 2.75 4.25 5.17 6.46 5.72 6.53 5.00 5.62 6.67 6.51 2.83 3.46 7.39 9.10 4.15 0.00 0.00 5.09 0.00 4.25 5.75 2.40 3.31 3.98 5.53 5.74 669253
4.73 2.83 3.53 3.49 3.86 3.76 2.71 2.74 5.12 2.92 6.48 5.15 4.72 4.76 6.72 6.48 2.78 3.44 6.85 9.07 4.14 4.32 0.00 3.59 0.00 4.25 5.73 2.63 3.28 4.09 5.47 5.68 682343
4.81 2.95 3.35 2.97 4.05 3.42 2.63 3.39 5.24 4.38 6.11 6.09 5.06 5.68 7.04 6.45 2.17 4.27 6.84 9.06 4.09 4.22 0.00 5.00 0.00 4.39 5.70 2.41 3.44 4.06 5.43 5.78 695433
4.68 2.92 3.38 2.83 4.20 3.80 2.54 4.46 5.33 2.71 4.18 6.04 4.82 5.77 0.00 6.49 2.05 3.42 6.92 9.08 3.27 4.35 4.74 4.86 0.00 4.41 5.59 2.33 3.31 4.09 4.33 5.74 708523
4.62 3.03 3.35 3.06 4.14 3.87 2.65 3.23 4.67 3.08 4.90 5.97 4.74 5.76 6.75 6.57 3.12 3.53 6.57 9.10 4.09 4.29 3.19 4.76 0.00 4.44 5.68 2.35 3.23 4.11 5.44 5.66 721613
4.77 2.97 3.29 3.15 4.37 4.15 2.69 4.34 5.20 3.40 4.70 5.77 4.81 5.93 6.94 6.52 3.00 3.55 6.75 9.11 4.10 4.42 5.78 4.66 0.00 4.28 5.66 2.34 3.43 4.15 4.78 5.72 734703
4.64 2.97 3.38 3.20 4.50 4.43 2.76 3.77 5.42 2.67 4.59 5.97 4.71 3.34 6.84 6.90 2.73 3.51 3.19 9.31 4.24 4.59 0.00 5.29 0.00 4.26 3.79 2.49 3.50 4.10 4.64 5.59 747793
4.63 2.88 3.39 2.99 4.79 4.73 2.56 3.83 2.38 2.48 5.19 5.85 4.80 4.03 6.89 6.66 2.40 3.47 6.50 9.20 4.12 4.33 4.03 4.22 0.00 4.37 5.45 2.42 3.46 3.35 5.07 5.44 760883
4.94 2.84 3.32 3.49 3.05 4.67 3.12 3.06 5.28 2.78 4.19 5.94 4.70 4.98 6.86 5.83 2.13 3.40 7.10 9.04 3.86 4.28 5.17 4.62 0.00 4.27 5.40 2.48 3.64 4.28 4.87 5.34 773973
4.59 3.00 3.40 2.72 4.89 4.85 2.41 3.06 3.18 2.40 5.17 5.70 5.04 5.84 6.90 6.62 2.07 3.73 7.29 0.00 3.55 4.35 3.92 3.28 0.00 4.14 5.61 2.53 3.47 4.35 5.24 0.00 787063
4.96 3.02 3.37 2.89 4.79 4.57 2.63 3.76 2.90 3.19 5.05 5.62 4.76 2.56 6.97 6.67 2.19 3.56 7.57 8.98 3.98 4.36 2.45 4.81 0.00 4.06 5.50 2.51 2.88 4.26 5.14 5.06 800153
5.13 2.81 3.38 3.41 4.78 2.84 2.97 3.32 3.79 2.55 4.37 5.47 4.58 3.21 7.01 5.77 2.06 2.82 3.16 8.96 4.12 4.16 3.30 4.68 0.00 4.74 5.56 2.67 3.76 3.75 4.98 4.62 813243
5.31 2.68 3.45 2.54 5.03 3.70 2.46 3.10 2.88 2.54 4.63 4.90 4.54 2.93 7.11 6.88 2.07 3.45 6.96 9.31 2.57 4.21 2.24 2.86 0.00 4.66 4.97 2.55 3.55 4.46 4.17 4.33 826333
5.29 2.96 3.35 2.97 5.36 5.09 2.34 3.42 2.75 2.80 4.61 4.97 3.38 3.04 6.86 6.80 2.15 3.53 6.99 5.97 3.24 4.29 2.85 5.07 0.00 3.89 5.49 2.71 3.13 4.45 4.11 3.74 839423
5.42 2.95 3.65 2.73 3.92 4.28 3.22 5.57 2.63 2.93 3.28 2.98 3.71 3.68 7.15 6.82 3.08 3.63 5.62 9.11 2.17 4.28 2.34 2.82 0.00 4.22 4.35 2.62 3.90 4.43 3.63 4.14 852513
4.92 2.82 3.50 2.75 2.80 4.94 2.62 3.11 3.12 2.49 3.53 4.78 3.30 2.18 7.17 2.40 2.09 3.03 5.98 9.13 3.67 4.38 4.11 2.66 0.00 4.13 4.17 2.97 3.85 4.58 3.54 4.04 865603
0.00 2.87 3.82 2.47 6.26 4.04 2.62 2.18 2.58 2.49 3.50 4.83 3.58 3.00 7.24 4.21 2.11 3.65 6.39 8.89 2.29 4.46 2.60 3.61 0.00 3.90 3.90 2.83 3.58 3.77 3.74 3.55 878693
0.00 2.97 3.72 3.12 4.77 3.72 2.97 2.26 2.58 3.14 3.16 4.44 4.13 2.78 2.89 5.19 2.56 3.25 6.35 9.11 2.40 0.00 3.12 3.47 0.00 4.05 3.89 3.06 2.75 4.46 3.51 3.73 891783
3.08 2.68 3.95 2.20 3.89 2.86 2.98 2.59 3.01 2.57 4.38 4.75 5.11 2.49 6.15 6.01 2.53 3.50 2.76 6.45 3.11 4.76 2.27 2.07 0.00 3.99 3.82 2.91 3.60 2.94 2.97 3.82 904873
5.52 2.57 2.82 2.69 4.30 2.64 2.91 4.36 2.76 2.40 2.92 4.66 4.42 4.01 8.06 3.80 2.14 3.58 2.33 9.46 2.98 4.68 2.95 3.03 0.00 3.83 3.93 3.11 3.59 4.42 3.41 3.70 917963
5.44 2.95 3.90 2.55 4.83 3.99 2.93 3.17 2.71 2.46 2.86 3.78 4.05 3.78 7.43 3.93 2.09 2.63 3.20 2.36 2.24 4.76 3.50 2.17 0.00 2.33 4.13 3.44 2.68 4.64 3.06 3.07 931053
3.77 2.67 3.72 2.49 2.81 2.98 2.94 2.60 2.66 2.52 3.88 4.08 3.11 2.66 7.42 7.21 2.09 2.85 4.64 2.53 3.35 4.77 2.46 3.42 0.00 4.12 4.03 3.28 2.67 2.31 3.45 3.66 944143
2.41 2.51 3.80 2.46 3.93 3.47 2.26 3.73 2.70 2.72 3.90 5.53 3.46 2.38 6.09 7.11 2.15 3.16 2.79 9.11 3.05 5.01 3.22 3.62 0.00 3.97 4.22 3.43 3.49 2.71 2.89 3.76 957233
5.65 2.69 4.01 2.87 4.04 3.48 3.20 2.70 2.48 2.21 2.78 5.67 5.05 2.43 2.75 6.40 2.15 3.34 2.15 3.39 2.95 2.72 2.46 2.36 0.00 3.78 2.48 3.54 2.74 3.49 2.94 3.59 970323
2.23 2.90 3.96 2.23 2.91 2.62 3.04 3.11 4.84 2.46 2.68 2.87 2.96 2.64 3.40 2.80 2.15 3.42 2.63 6.43 3.58 5.09 2.43 2.23 0.00 0.00 3.69 3.78 2.97 3.73 3.14 3.85 983413
5.37 2.39 4.13 2.50 4.44 2.26 2.84 2.68 2.36 2.64 2.51 3.25 2.93 2.08 5.92 3.80 2.15 3.05 3.45 4.46 3.89 4.83 2.29 2.12 0.00 3.55 3.78 4.12 2.74 2.54 2.82 3.82 996503
0.00 2.99 4.18 2.38 4.15 3.22 3.03 3.57 2.12 2.26 3.03 6.23 2.47 2.49 3.42 4.94 2.06 2.76 2.98 2.69 2.69 5.53 2.25 2.60 0.00 3.60 3.08 0.00 2.52 2.74 2.11 3.53 1009593
0.00 2.78 4.21 2.22 3.98 3.23 2.82 3.66 3.28 2.98 3.67 6.51 2.31 2.79 8.18 3.86 2.98 3.51 5.08 4.93 3.62 5.04 2.45 2.21 0.00 3.27 3.87 4.05 2.83 2.63 2.83 3.90 1022683
3.59 2.77 4.01 2.31 5.29 2.87 2.65 3.63 2.49 2.27 2.58 2.31 3.68 2.45 5.43 5.94 2.30 3.36 3.00 6.49 3.20 4.93 2.48 2.24 0.00 3.32 2.54 3.86 2.39 3.31 2.84 3.77 1035773
4.86 2.80 3.87 2.59 3.62 2.40 2.66 3.64 2.46 2.28 3.02 6.49 2.49 2.50 8.07 3.14 2.07 2.28 2.79 6.91 2.17 0.00 2.86 2.46 0.00 3.65 3.08 4.04 2.96 2.94 2.16 3.68 1048863
0.00 2.54 4.25 2.51 4.32 2.62 2.67 3.31 2.07 2.19 2.93 4.45 5.91 3.45 8.29 8.21 2.29 2.43 4.76 8.86 2.30 5.44 2.24 2.92 0.00 2.92 2.90 3.92 3.45 2.52 2.75 2.40 1061953
4.50 2.61 4.09 2.71 4.47 3.16 2.77 4.23 3.73 2.50 3.78 6.59 2.55 2.94 8.54 6.39 2.88 3.12 5.51 8.75 4.17 5.21 3.28 2.69 0.00 3.22 3.06 4.23 3.94 3.74 2.56 3.73 1075043
0.00 2.84 4.27 2.45 4.61 3.27 2.94 3.08 3.34 2.44 2.67 5.44 4.40 2.21 8.46 4.25 2.11 3.13 3.66 7.34 4.09 5.09 2.48 2.19 0.00 2.60 3.14 4.51 3.54 4.47 2.69 3.47 1088133
3.46 2.40 4.14 2.62 5.36 3.44 2.53 4.03 3.20 2.65 5.09 6.78 5.71 2.35 8.46 3.71 2.11 3.54 3.49 8.74 3.57 0.00 3.29 3.68 0.00 2.69 3.03 4.29 4.68 4.26 3.59 3.71 1101223
0.00 2.91 4.15 2.46 5.21 3.99 2.78 2.99 3.71 2.21 4.97 6.68 2.89 3.70 7.36 0.00 2.15 3.50 2.14 8.77 3.42 5.76 2.50 2.22 0.00 2.77 3.07 4.39 3.12 5.01 3.58 3.77 1114313
0.00 2.54 4.17 2.69 4.56 2.56 2.88 4.57 2.89 2.38 5.50 7.04 5.68 2.57 7.39 3.41 2.10 3.51 2.76 8.80 3.96 5.32 2.98 2.13 0.00 2.74 3.08 4.65 4.06 4.45 2.62 3.79 1127403
5.71 2.91 4.17 2.57 3.28 3.85 2.84 4.55 3.56 3.37 5.36 6.83 6.14 4.60 8.44 7.80 2.13 3.53 2.65 8.88 4.21 5.36 3.11 4.94 0.00 2.62 3.02 4.64 4.35 5.07 3.43 3.69 1140493
0.00 2.89 4.15 3.02 4.33 3.98 2.22 4.44 3.67 2.37 5.91 7.02 3.18 5.79 4.68 4.61 2.09 3.62 2.34 9.12 3.75 5.34 3.50 3.88 0.00 2.70 3.13 4.51 4.58 3.18 3.47 3.97 1153583
0.00 3.02 4.03 2.15 3.97 3.42 3.07 4.00 2.47 2.43 5.94 7.58 6.29 2.09 8.35 6.30 2.28 3.30 6.57 8.83 3.71 5.66 2.83 4.26 0.00 2.77 3.20 4.68 5.19 5.26 3.63 3.81 1166673
0.00 2.66 4.07 2.60 4.02 3.90 3.23 5.15 3.15 2.71 5.33 5.71 6.28 6.64 8.21 2.43 2.22 3.34 5.26 9.52 4.92 5.39 3.45 3.68 0.00 2.84 3.01 0.00 5.37 4.60 3.61 3.83 1179763
0.00 2.98 4.12 2.94 3.98 3.74 3.20 5.26 3.44 2.16 2.52 7.13 6.38 4.47 8.59 0.00 2.22 3.56 2.50 5.81 4.92 5.39 3.64 4.35 0.00 2.88 3.34 4.76 4.07 3.31 3.51 3.89 1192853
0.00 2.95 3.94 2.57 3.80 4.19 3.14 5.38 3.63 3.37 5.08 7.14 0.00 3.10 8.42 0.00 2.08 3.87 2.46 8.93 4.41 5.49 3.76 5.19 0.00 2.99 3.42 5.03 5.37 5.27 3.84 3.82 1205943
0.00 2.99 4.02 2.85 3.89 4.50 3.42 5.49 3.67 2.44 6.54 7.18 6.74 2.51 8.16 0.00 2.23 3.44 0.00 9.23 4.34 5.53 0.00 4.23 0.00 3.06 3.47 5.66 5.98 5.35 3.70 3.69 1219033
0.00 2.87 3.97 2.68 3.90 4.00 3.20 5.37 3.77 2.57 6.34 7.19 6.08 6.83 8.24 0.00 2.16 3.34 4.77 8.95 4.97 0.00 4.03 5.12 0.00 2.99 2.49 5.14 5.58 4.74 3.09 3.76 1232123
0.00 2.82 3.99 2.92 4.07 4.26 3.26 5.31 3.68 2.58 2.45 7.28 3.23 3.79 8.20 0.00 2.25 3.44 6.66 8.79 4.18 5.61 4.50 4.20 0.00 2.99 3.61 4.83 4.95 5.46 3.72 3.81 1245213
0.00 2.79 3.97 3.37 4.14 4.24 3.70 5.41 3.75 3.10 6.45 7.27 0.00 6.94 8.28 0.00 2.06 3.56 6.72 8.89 5.00 0.00 3.80 4.57 0.00 3.08 3.59 4.84 3.26 5.30 3.78 3.88 1258303
0.00 2.98 4.07 2.95 4.17 4.37 3.51 5.55 3.75 2.94 6.60 7.27 4.88 7.17 8.02 0.00 2.09 3.55 7.27 8.74 3.99 5.54 0.00 4.59 0.00 3.43 3.67 5.21 4.21 5.28 3.70 3.75 1271393
0.00 3.00 4.02 3.05 4.21 4.30 3.20 5.62 3.79 3.44 6.35 7.29 2.08 7.23 8.22 0.00 2.05 3.92 5.44 8.83 5.18 5.83 2.26 4.19 0.00 2.99 3.76 4.98 4.91 5.44 3.54 3.76 1284483
0.00 2.92 3.99 3.54 4.19 4.23 3.50 5.44 3.82 3.21 6.71 7.22 0.00 7.18 8.06 0.00 2.05 3.60 6.43 8.76 4.07 6.19 4.61 5.19 0.00 3.08 3.58 5.32 5.80 5.32 3.74 3.78 1297573
0.00 2.96 3.99 2.92 4.26 4.41 3.47 5.50 3.82 4.45 6.52 7.26 0.00 4.93 8.22 0.00 2.31 3.55 7.13 0.00 4.96 6.21 0.00 4.68 0.00 3.06 3.66 5.03 5.81 5.27 3.70 3.77 1310663
0.00 2.97 4.07 3.22 4.41 4.62 3.34 5.45 3.20 4.52 6.84 7.24 6.08 6.74 8.13 0.00 2.09 3.51 7.36 8.96 5.53 0.00 3.42 4.64 0.00 3.17 3.62 5.30 5.76 5.43 3.79 3.73 1323753
0.00 3.04 4.48 2.40 4.40 4.67 3.63 5.56 3.75 3.33 6.52 7.34 0.00 7.16 7.97 8.22 2.22 3.50 6.62 8.89 5.33 0.00 0.00 5.24 0.00 3.26 3.58 5.62 5.21 5.27 3.81 3.81 1336843
0.00 3.06 4.01 2.50 4.51 4.76 0.00 5.67 3.74 3.00 6.70 7.25 6.20 7.04 8.04 0.00 2.44 3.71 7.05 8.83 5.06 6.43 4.11 5.22 0.00 3.02 3.57 5.40 5.89 5.53 3.83 3.72 1349933
0.00 2.98 3.98 2.80 4.51 4.74 3.60 5.58 3.89 4.39 6.73 7.45 6.13 5.56 7.89 0.00 2.15 3.54 6.93 0.00 5.06 5.78 3.73 4.95 0.00 3.04 3.63 5.39 5.72 5.35 3.85 3.73 1363023
0.00 3.01 4.17 3.20 4.38 4.71 3.27 5.66 3.88 2.35 6.94 7.39 0.00 7.10 8.23 0.00 2.16 3.43 6.63 8.94 5.39 5.96 3.76 4.87 0.00 3.11 3.62 5.37 5.89 5.38 3.85 3.74 1376113
5.47 2.99 4.24 3.85 4.39 4.69 0.00 5.70 3.78 4.47 6.75 7.30 0.00 6.60 7.91 0.00 2.14 3.58 6.43 0.00 4.38 5.84 2.84 4.00 0.00 3.30 3.67 5.75 4.49 5.39 3.94 3.91 1389203
0.00 2.96 4.13 3.34 4.45 4.75 0.00 5.76 3.76 2.89 3.66 7.45 6.23 7.20 8.03 0.00 2.18 3.50 0.00 9.57 5.32 6.08 2.98 4.67 0.00 3.42 3.76 5.72 5.90 5.45 3.91 3.73 1402293
0.00 3.08 4.09 3.18 4.35 4.56 3.68 6.26 3.69 4.84 7.12 7.42 6.40 7.18 8.17 0.00 2.00 3.32 0.00 8.97 5.31 0.00 6.54 4.69 0.00 3.20 3.86 5.58 5.98 5.60 3.93 3.94 1415383
0.00 2.98 4.20 2.29 4.35 4.37 3.25 5.95 4.32 2.33 7.01 3.34 3.33 3.50 8.09 8.18 2.08 3.29 3.25 9.01 3.58 0.00 0.00 4.75 0.00 3.14 3.90 5.47 5.97 6.01 3.97 3.77 1428473
0.00 2.89 4.17 3.34 4.35 4.31 3.09 6.08 3.86 3.06 3.35 7.48 6.21 4.49 8.05 8.00 2.16 3.50 6.34 8.85 4.86 6.06 0.00 4.79 0.00 3.58 3.97 5.50 6.00 5.37 4.46 3.94 1441563
0.00 2.91 4.08 3.22 4.30 4.48 3.19 6.05 3.48 2.56 6.54 7.99 6.41 2.57 8.44 7.82 2.13 3.52 6.80 8.84 4.08 6.33 5.66 3.94 0.00 3.23 4.00 5.67 6.08 5.45 4.02 3.85 1454653
0.00 2.80 4.21 3.17 4.23 4.66 2.54 3.70 3.56 2.93 6.08 7.48 6.16 3.89 8.03 2.89 2.10 3.51 6.86 8.99 4.26 0.00 0.00 4.79 0.00 3.20 4.01 5.68 6.08 5.34 3.88 4.43 1467743
0.00 2.89 4.23 3.34 4.05 3.81 3.18 4.66 3.15 3.11 4.34 7.51 6.32 5.18 7.19 7.99 2.07 3.47 6.39 9.20 5.39 6.15 0.00 0.00 0.00 3.18 3.93 6.13 6.20 5.38 4.05 3.98 1480833
0.00 2.96 4.27 3.08 3.04 3.26 3.26 4.37 4.06 2.45 6.52 7.62 5.47 4.93 7.83 7.80 2.14 3.48 6.85 9.01 4.02 6.16 3.29 5.50 0.00 3.09 3.91 0.00 6.08 5.46 3.99 3.80 1493923
0.00 2.96 4.21 3.26 3.10 4.36 3.27 5.53 2.98 3.52 5.18 2.29 6.05 5.87 7.78 7.73 2.11 3.69 6.75 9.02 5.37 6.32 2.37 4.05 0.00 3.23 3.86 0.00 6.06 5.49 3.56 4.10 1507013
0.00 2.98 4.04 2.65 3.57 3.04 3.07 5.79 3.46 3.32 5.50 7.62 6.06 6.69 2.52 7.98 2.14 3.44 6.44 8.90 4.77 0.00 4.27 4.54 0.00 3.41 3.97 5.78 5.06 5.63 4.11 4.03 1520103
0.00 2.95 4.59 3.18 3.29 3.54 2.78 4.25 4.13 2.59 6.07 6.92 5.01 5.63 7.68 7.54 2.36 3.54 6.68 9.34 4.88 6.32 2.80 5.15 0.00 3.29 3.87 5.78 5.85 5.61 4.16 4.47 1533193
0.00 2.96 4.33 3.16 3.14 3.35 2.96 5.56 2.19 2.96 4.10 2.08 5.77 4.32 7.85 0.00 2.14 3.22 6.68 9.00 2.74 0.00 3.81 4.60 0.00 3.18 3.75 0.00 6.18 4.82 4.23 4.25 1546283
0.00 2.92 4.38 2.85 3.11 3.44 2.68 5.48 3.90 2.31 2.25 4.03 5.87 5.60 7.36 7.67 2.06 3.50 4.97 9.04 3.14 0.00 0.00 4.43 0.00 3.19 3.41 0.00 6.28 5.74 4.22 4.47 1559373
0.00 3.01 4.52 2.82 3.06 3.17 3.69 4.89 3.81 2.29 6.84 2.26 5.36 4.08 7.16 6.42 2.34 3.53 3.24 8.95 5.49 0.00 3.67 4.11 0.00 3.11 3.87 5.98 6.34 5.60 4.12 4.40 1572463
0.00 2.87 4.45 2.45 3.04 3.15 3.32 4.30 4.14 2.21 3.25 7.71 4.56 4.89 4.97 6.94 2.19 3.87 5.11 9.00 3.70 0.00 3.11 5.70 0.00 2.76 4.37 0.00 3.92 5.53 4.37 4.56 1585553
3.37 2.86 4.42 2.44 3.13 3.16 3.00 2.96 3.39 2.92 3.43 6.40 5.46 3.88 6.33 5.38 2.09 3.43 4.66 9.02 2.17 0.00 3.60 2.09 0.00 3.08 5.18 2.77 6.51 5.47 3.57 4.52 1598643
5.56 2.84 4.77 3.48 3.19 3.13 2.85 3.05 2.59 2.47 3.17 7.78 5.72 3.38 6.13 2.31 2.07 3.45 3.75 9.31 2.22 6.42 7.63 2.80 0.00 2.68 4.82 0.00 6.15 2.91 4.29 4.77 1611733
0.00 2.97 4.34 2.34 3.15 3.14 2.83 2.87 3.39 2.51 3.34 3.65 4.67 2.39 5.97 5.88 2.15 3.48 4.07 8.92 4.19 6.50 3.96 2.82 0.00 2.40 3.57 0.00 2.17 5.51 2.84 4.69 1624823
4.84 2.93 4.55 2.66 3.23 3.27 2.19 2.73 2.42 2.24 5.88 3.11 4.40 3.32 6.16 3.91 2.02 3.41 6.64 9.02 2.56 6.55 3.71 2.32 0.00 2.48 3.72 2.02 6.35 4.61 2.91 4.73 1637913
0.00 2.80 4.43 2.34 3.18 3.38 2.81 2.96 2.34 2.50 2.67 4.58 4.45 3.46 5.89 5.71 2.16 3.47 5.55 8.95 3.28 0.00 2.62 2.66 0.00 3.69 4.58 0.00 3.34 4.08 2.70 4.12 1651003
5.40 2.77 4.66 2.53 3.26 2.91 3.35 3.15 2.46 4.89 3.96 8.10 3.13 2.80 5.90 5.80 2.12 3.48 3.17 5.89 3.35 0.00 4.98 3.33 0.00 4.08 2.73 0.00 3.49 2.80 4.55 4.77 1664093
4.10 2.92 4.27 2.23 3.37 3.21 2.48 3.09 2.44 2.46 5.07 6.25 4.26 3.36 5.91 5.78 2.13 3.63 4.83 9.03 2.10 0.00 2.65 4.32 0.00 3.00 2.89 2.41 5.15 5.71 3.75 4.79 1677183
5.26 2.84 4.22 2.20 3.31 2.59 2.99 2.73 2.68 3.40 5.30 6.55 3.36 3.94 5.05 4.42 2.11 3.49 3.45 9.12 4.52 6.68 2.94 5.15 0.00 3.51 3.45 0.00 4.48 4.20 2.37 0.00 1690273
4.38 2.85 4.69 2.99 3.21 3.25 3.21 3.04 2.65 2.51 4.84 2.75 4.19 3.60 3.95 5.12 2.18 2.91 4.18 2.95 2.35 6.55 2.63 2.46 0.00 3.41 3.33 0.00 5.67 5.75 3.65 4.94 1703363
5.24 2.94 4.80 2.20 3.32 3.10 2.54 2.73 2.41 2.61 7.13 3.95 3.92 2.43 5.90 5.98 2.02 2.97 2.50 2.61 2.52 6.45 5.21 0.00 0.00 3.30 2.67 0.00 4.71 3.13 3.35 5.01 1716453
5.11 3.01 4.96 2.59 3.37 3.19 3.23 3.18 4.38 2.99 3.48 4.24 2.90 2.61 6.05 5.91 2.03 3.38 3.86 9.29 2.17 6.57 3.16 3.22 0.00 3.53 4.00 2.46 2.98 3.54 4.12 4.95 1729543
4.93 2.85 4.74 2.79 3.17 3.26 2.92 2.98 5.17 3.24 7.00 6.29 3.34 3.21 6.03 5.90 2.04 3.61 5.35 9.10 2.52 6.54 3.62 4.07 0.00 3.25 4.42 0.00 2.33 3.88 3.65 4.95 1742633
5.26 3.02 4.80 2.67 3.36 3.26 2.71 3.01 4.43 3.02 4.23 6.76 4.27 3.04 4.53 5.90 2.25 3.48 3.57 9.11 4.52 0.00 3.02 3.10 0.00 3.30 4.17 6.06 4.06 5.04 4.46 5.03 1755723
0.00 2.97 4.65 2.70 3.36 3.29 2.64 3.11 3.91 3.62 6.10 6.15 2.29 4.16 6.24 5.91 2.06 2.92 5.33 8.93 6.01 6.54 3.88 4.85 0.00 3.22 4.49 0.00 4.21 5.72 5.02 5.01 1768813
5.15 2.91 4.77 3.12 3.39 3.29 3.40 2.97 5.25 2.82 6.12 6.09 3.91 4.96 6.14 6.10 3.05 3.44 6.88 8.99 5.25 0.00 3.34 4.66 0.00 3.19 4.60 0.00 6.94 5.93 3.99 5.04 1781903
4.84 2.96 4.71 2.63 3.39 3.40 3.23 3.08 2.57 3.46 4.18 6.87 4.45 4.01 6.19 5.97 2.16 2.76 7.17 8.95 5.85 0.00 4.14 3.59 0.00 3.20 4.57 0.00 5.69 6.02 5.10 5.17 1794993
4.58 2.98 4.74 2.12 3.34 3.32 2.81 3.04 5.07 3.89 3.38 5.86 4.28 4.58 6.11 6.04 2.05 3.48 7.25 8.78 4.14 0.00 4.61 4.52 0.00 3.31 4.50 0.00 7.10 5.93 5.15 5.21 1808083
4.62 2.99 4.74 3.00 3.47 3.34 3.15 3.09 5.25 3.92 6.63 0.00 3.96 4.26 6.18 6.13 2.03 3.70 3.62 8.90 4.99 6.71 3.35 2.82 0.00 3.13 3.90 0.00 7.03 5.71 5.57 5.28 1821173
4.52 2.95 4.71 3.02 3.29 3.34 2.62 2.93 2.57 5.27 6.70 6.64 4.27 4.52 6.38 6.10 2.13 3.86 5.76 8.92 5.79 6.70 3.08 4.98 0.00 3.04 4.45 2.23 6.97 5.87 5.16 5.07 1834263
4.47 3.00 4.77 0.00 3.23 3.26 3.19 3.03 3.38 2.96 6.65 6.74 3.99 5.56 6.78 6.38 2.07 3.77 6.22 8.86 5.84 6.74 4.35 4.52 0.00 2.96 4.37 0.00 6.88 5.97 5.26 5.30 1847353
4.49 2.95 4.72 3.47 3.25 3.30 2.54 3.15 5.27 3.80 6.81 6.70 4.10 3.03 6.15 6.15 2.08 3.62 3.57 9.10 5.89 6.72 6.08 4.55 0.00 2.88 4.42 0.00 6.99 6.01 5.09 5.19 1860443
4.41 2.94 4.85 3.39 3.23 3.22 2.26 3.18 4.46 5.94 6.74 6.65 3.99 5.55 6.32 6.22 2.21 3.57 0.00 9.04 6.18 6.68 4.01 4.77 0.00 2.86 4.30 0.00 6.88 5.95 5.20 5.31 1873533
4.33 3.02 5.03 2.87 3.23 3.17 3.31 3.12 3.24 4.07 6.72 6.76 4.80 3.25 6.88 6.14 2.06 3.75 6.20 0.00 3.85 6.67 3.96 4.55 0.00 3.03 4.13 0.00 6.94 5.94 4.99 5.50 1886623
3.96 2.96 4.79 2.79 3.21 3.23 3.36 3.29 0.00 4.96 6.92 6.98 3.94 5.60 6.27 6.11 2.10 3.84 6.93 8.86 5.77 7.06 0.00 4.41 0.00 2.65 4.36 0.00 6.27 6.01 5.14 5.23 1899713
4.18 3.03 4.77 3.25 3.25 3.11 3.25 3.17 5.17 5.13 6.82 6.69 4.08 5.13 6.26 6.13 2.09 3.74 2.17 8.86 3.85 6.93 4.85 4.12 0.00 2.70 4.30 0.00 6.82 6.00 4.37 5.41 1912803
3.96 3.03 5.05 3.20 3.22 3.12 2.48 3.36 5.17 3.38 6.78 6.78 3.99 3.41 6.26 6.29 2.07 3.45 6.97 0.00 5.33 6.79 0.00 4.02 0.00 2.57 4.40 0.00 5.45 5.94 5.28 5.33 1925893
3.89 3.00 4.82 2.99 3.22 3.10 3.18 3.48 4.43 2.36 5.62 6.70 4.37 5.06 6.46 6.26 2.08 3.42 6.83 8.87 2.37 6.92 3.22 4.08 0.00 2.87 4.10 0.00 6.82 5.92 5.21 5.35 1938983
3.58 2.89 4.85 2.90 3.20 3.29 3.13 3.33 3.84 2.81 6.78 6.37 4.18 2.55 6.51 6.58 2.12 3.36 6.55 9.01 6.09 5.77 0.00 3.40 0.00 2.50 4.25 0.00 5.26 5.84 4.90 5.69 1952073
3.91 3.03 4.74 2.89 3.17 2.98 2.81 3.45 3.84 2.15 4.22 3.35 4.14 4.20 6.50 6.68 2.19 3.55 6.70 9.00 6.05 0.00 3.94 4.85 0.00 2.42 4.34 0.00 6.34 3.93 5.09 5.50 1965163
3.94 2.98 4.81 2.73 3.17 2.99 2.82 3.45 2.34 2.37 2.95 5.29 4.14 2.55 6.42 3.90 2.06 3.49 5.04 9.05 4.75 0.00 6.15 4.83 0.00 2.56 3.98 0.00 6.90 5.86 5.48 5.59 1978253
3.87 2.68 4.89 3.51 3.21 3.05 3.08 3.57 3.07 2.33 3.15 2.72 3.75 3.03 6.49 4.25 2.06 3.55 4.40 9.11 5.16 0.00 2.70 4.41 0.00 3.17 2.33 3.22 6.54 4.95 5.44 5.72 1991343
3.95 3.05 4.95 2.91 3.24 2.99 2.82 3.64 2.79 2.96 3.44 3.77 4.67 3.49 6.53 5.72 2.04 3.58 5.75 7.59 5.90 0.00 2.43 4.95 0.00 0.00 3.70 5.16 5.84 4.11 5.20 5.71 2004433
3.89 2.99 5.13 2.64 3.11 2.93 2.28 3.67 2.55 2.15 4.84 2.79 4.05 2.71 5.04 2.19 2.06 3.69 6.64 8.89 5.81 6.20 2.44 2.14 0.00 2.48 3.48 5.77 5.65 4.82 5.38 5.84 2017523
3.97 2.87 5.29 2.40 3.25 2.96 3.01 3.99 3.84 2.19 2.64 3.10 4.10 2.05 0.00 6.86 2.15 3.08 3.47 9.08 3.24 5.80 4.84 4.27 0.00 2.64 3.32 5.99 3.48 3.77 3.46 5.81 2030613
3.91 3.02 4.67 2.88 3.25 3.19 3.03 3.89 2.26 2.98 2.78 3.66 2.28 2.37 6.80 7.05 2.09 3.26 3.53 9.02 2.74 0.00 4.14 3.00 0.00 2.65 3.47 6.32 4.32 4.74 3.34 5.94 2043703
4.00 2.78 5.05 2.60 3.44 3.23 2.23 4.09 3.58 2.67 2.45 2.77 3.84 2.83 6.95 4.21 2.08 3.60 5.46 2.82 4.90 2.06 3.37 2.91 0.00 2.70 3.21 5.74 2.50 4.27 2.94 6.27 2056793
4.02 2.82 4.89 3.06 2.33 2.54 2.41 3.94 2.22 2.25 2.93 3.49 2.26 2.87 2.58 2.75 2.05 3.49 3.16 7.73 3.61 4.74 2.57 2.60 0.00 3.00 3.18 5.39 3.27 3.75 4.21 6.45 2069883
3.86 2.76 4.68 2.48 3.25 2.47 2.66 4.12 3.10 2.43 2.30 3.86 2.97 4.14 6.00 2.42 2.05 3.47 2.64 2.04 2.42 4.58 3.26 2.36 0.00 2.68 2.80 4.67 2.70 3.88 5.20 2.28 2082973
4.17 2.70 5.01 2.35 3.21 2.46 2.50 3.88 2.69 2.44 2.72 4.25 2.77 3.63 3.46 3.46 2.03 2.55 5.45 2.34 3.16 4.29 3.42 2.41 0.00 2.74 3.43 3.79 3.14 2.60 3.10 6.88 2096063
4.08 2.98 4.88 2.66 3.65 3.09 2.14 3.46 2.80 2.24 2.59 3.64 2.60 2.36 3.57 5.27 2.76 3.62 3.81 4.00 3.30 3.19 2.19 4.71 0.00 2.62 3.01 4.83 2.80 3.58 3.47 0.00 2109153
3.50 2.51 4.27 2.59 2.58 2.56 2.71 2.97 2.54 2.24 2.48 4.26 2.16 2.32 2.06 2.31 2.10 2.89 2.51 3.35 2.19 4.44 2.47 2.51 0.00 2.48 3.21 4.64 2.44 3.91 2.74 2.25 2122243
2.42 2.66 3.67 2.48 2.63 2.33 2.74 2.23 2.56 2.38 2.73 2.74 4.43 2.86 3.67 2.45 2.13 2.88 2.27 2.40 2.98 3.06 2.20 2.41 0.00 2.66 3.66 2.90 3.18 2.95 2.76 3.21 2135333
4.04 2.65 2.57 2.60 3.31 2.64 2.58 3.51 2.33 2.21 2.48 4.06 2.16 2.48 6.74 2.08 2.36 2.19 2.41 2.27 2.12 0.00 2.72 3.11 0.00 2.92 3.17 3.64 2.63 4.04 3.27 6.47 2148423
2.98 2.48 2.83 2.39 3.79 2.52 3.08 2.53 2.20 2.32 2.93 2.38 3.59 2.52 2.78 2.47 2.55 2.36 2.72 2.43 3.24 4.29 2.79 2.30 0.00 2.86 2.34 2.97 2.67 3.62 2.48 2.79 2161513
4.15 2.64 3.13 2.23 3.33 2.51 2.45 4.45 2.40 2.67 3.04 3.51 2.83 2.66 2.78 2.49 2.27 3.67 3.50 4.65 2.49 0.00 2.70 2.89 0.00 2.65 2.56 3.42 2.53 3.16 2.49 2.62 2174603
4.94 2.49 4.01 2.76 4.17 3.27 2.69 2.27 2.29 2.59 3.02 2.63 4.46 2.96 3.01 2.98 2.08 2.58 3.51 4.29 2.54 4.45 3.30 2.45 0.00 2.90 2.76 3.41 2.53 2.55 2.87 2.16 2187693
4.53 2.68 3.27 2.17 2.11 2.93 2.77 2.43 2.97 2.85 2.99 4.45 2.59 2.21 2.74 2.59 2.03 3.61 2.56 2.58 2.94 0.00 2.61 2.49 0.00 3.06 2.33 3.05 2.67 2.67 2.71 2.51 2200783
4.89 2.49 3.39 2.68 2.33 2.92 3.11 4.13 2.32 2.49 2.72 4.72 2.63 2.19 2.87 2.80 2.21 3.17 2.88 2.39 2.78 3.30 2.37 2.42 0.00 3.03 3.22 2.29 2.72 2.60 2.43 2.58 2213873
2.61 2.37 4.84 2.28 3.47 2.33 2.40 3.84 2.85 2.31 3.56 4.33 4.02 2.19 5.71 2.58 2.61 2.48 3.06 3.41 2.54 0.00 3.21 2.75 0.00 3.45 2.74 3.24 2.19 4.21 2.35 2.16 2226963
5.11 2.60 4.11 2.28 4.08 2.28 2.34 3.43 2.21 2.78 3.58 5.07 5.03 2.15 3.43 2.69 2.11 3.26 3.59 9.19 2.29 4.63 2.26 2.14 0.00 3.61 2.98 3.14 3.46 3.48 2.74 3.92 2240053
2.41 2.67 3.98 2.21 3.80 2.59 2.98 4.31 2.26 2.51 3.19 5.22 2.32 3.49 2.17 2.47 2.19 3.33 4.32 4.99 2.51 5.12 2.77 2.08 0.00 2.72 2.34 3.35 2.80 2.79 3.26 3.09 2253143
4.38 2.36 5.12 2.66 2.70 2.49 2.42 3.70 2.74 2.54 3.59 5.57 4.00 3.04 2.58 3.07 2.20 2.81 3.45 3.02 3.35 4.59 2.38 2.92 0.00 3.78 2.66 2.99 3.07 2.89 2.58 2.98 2266233
2.45 2.71 4.99 2.42 3.10 2.38 2.48 4.65 2.52 2.18 2.72 2.62 3.43 2.78 8.18 2.15 2.42 3.66 2.75 2.51 2.22 4.90 2.18 2.54 0.00 3.34 3.23 3.15 3.20 3.63 3.11 3.29 2279323
3.92 2.85 5.26 2.94 3.42 2.23 2.97 3.81 2.67 2.24 3.06 4.54 2.89 2.29 6.19 2.24 2.15 2.57 3.92 2.29 2.38 4.56 3.42 3.03 0.00 3.26 3.60 2.55 2.91 3.61 2.98 4.57 2292413
4.79 2.48 3.05 2.40 3.78 3.27 2.94 4.60 2.60 2.31 2.84 5.58 2.21 3.53 7.34 4.76 2.11 3.07 3.39 7.58 3.04 0.00 3.36 3.05 0.00 3.31 2.69 3.15 3.32 3.26 2.83 2.76 2305503
4.51 3.01 5.12 2.17 4.31 3.16 3.27 2.56 2.40 2.65 2.86 4.75 4.99 2.41 7.97 2.39 2.04 3.80 2.90 3.00 2.43 0.00 2.54 2.22 0.00 2.84 2.27 3.16 3.21 3.48 2.52 3.72 2318593
4.60 2.74 5.34 2.38 4.43 2.56 3.35 3.38 2.58 2.62 4.44 4.95 4.29 4.45 5.54 2.64 2.11 3.84 3.78 0.00 2.95 4.59 2.16 2.67 0.00 2.88 3.18 3.08 2.80 3.77 2.53 6.36 2331683
5.16 2.94 5.03 2.97 3.90 3.50 3.28 3.42 2.43 2.53 3.69 5.89 3.79 3.39 7.87 8.01 2.15 3.48 2.52 2.85 3.64 4.65 3.23 4.78 0.00 2.93 2.61 3.20 2.97 3.89 4.30 5.41 2344773
5.02 2.87 4.95 2.49 4.98 3.55 2.47 4.01 2.39 2.54 2.48 5.94 6.04 2.87 4.25 3.13 2.19 3.93 3.03 8.08 3.66 4.85 2.52 2.39 0.00 3.15 3.23 3.12 3.37 3.95 4.64 6.00 2357863
4.52 2.97 5.07 2.91 4.68 4.16 2.74 4.90 2.28 2.39 2.86 6.15 4.45 2.43 8.19 6.73 2.11 3.85 2.26 9.04 3.45 0.00 2.52 4.81 0.00 3.15 3.91 3.07 2.97 3.92 5.70 5.62 2370953
5.26 2.85 5.06 3.01 4.65 3.98 3.16 4.51 2.40 2.46 4.50 5.91 2.73 3.41 7.59 6.17 2.07 3.63 4.06 9.64 2.68 4.67 2.90 2.28 0.00 3.53 4.03 3.11 2.58 3.69 3.89 5.84 2384043
5.14 2.90 4.67 2.98 4.80 4.07 3.18 4.50 2.34 3.04 4.50 6.52 5.91 5.06 5.33 7.98 2.20 3.57 5.41 7.80 3.96 4.70 2.23 4.42 0.00 3.57 3.76 3.07 3.47 3.85 3.32 6.52 2397133
5.23 2.67 4.96 2.30 4.59 2.53 3.14 4.43 2.13 3.08 4.81 6.03 5.93 4.02 7.31 7.90 2.02 3.23 6.09 8.78 3.34 4.62 4.35 0.00 0.00 3.67 4.21 2.99 2.55 4.10 4.51 5.83 2410223
5.18 3.02 4.56 2.89 4.77 4.26 2.81 4.86 2.24 3.09 2.86 3.61 5.82 3.15 4.83 5.69 2.08 3.62 5.24 9.10 3.80 4.87 3.82 4.42 0.00 3.72 4.33 2.99 3.22 3.79 3.96 5.90 2423313
5.12 2.99 4.95 2.55 4.70 4.34 2.67 4.87 2.24 2.56 3.49 6.41 5.96 5.51 7.36 8.18 2.05 3.65 6.27 2.90 3.20 4.84 3.60 4.76 0.00 3.81 3.53 3.03 3.46 4.17 6.06 5.78 2436403
5.13 2.74 5.10 2.86 4.77 4.36 3.44 4.65 2.33 2.56 4.16 6.15 5.96 5.36 7.05 7.73 2.23 3.77 6.45 8.92 3.72 4.76 4.70 3.62 0.00 3.82 4.02 3.30 3.52 2.47 5.73 5.79 2449493
5.37 2.87 5.05 2.55 4.70 4.40 3.21 4.29 2.16 3.31 3.14 6.43 4.11 5.66 7.05 7.29 2.05 3.76 2.44 9.25 3.85 5.12 0.00 5.05 0.00 3.91 4.58 3.10 3.45 4.13 4.14 5.89 2462583
5.27 3.03 5.12 3.28 4.82 4.37 3.03 5.10 2.34 3.42 4.75 6.91 6.01 5.74 6.74 6.81 2.09 3.79 6.95 8.86 3.41 4.61 0.00 5.13 0.00 3.58 4.28 3.10 3.06 4.14 5.80 5.74 2475673
5.47 3.09 5.01 3.11 4.83 4.50 3.12 4.91 2.23 3.44 3.19 6.40 5.80 5.64 6.30 6.33 2.03 3.94 3.19 9.05 3.80 4.66 3.34 0.00 0.00 3.67 4.13 3.05 3.54 4.15 4.92 5.79 2488763
5.59 3.00 4.95 2.62 4.94 4.62 3.27 4.37 2.50 2.84 4.68 6.38 4.61 4.47 6.09 6.09 2.10 3.75 5.51 8.88 3.76 4.59 0.00 5.25 0.00 4.36 4.95 3.36 3.50 4.28 5.64 5.73 2501853
5.38 2.98 5.12 3.34 4.95 4.60 3.17 4.88 2.54 2.97 4.85 6.37 5.53 4.98 5.83 6.16 2.12 4.01 7.18 9.11 3.77 4.82 0.00 4.66 0.00 3.73 5.16 3.05 3.30 4.11 5.63 5.67 2514943
5.50 2.84 4.99 3.43 5.00 4.69 3.10 5.13 2.38 3.33 4.81 6.46 5.22 4.97 6.04 6.13 2.05 3.76 0.00 9.02 3.82 4.71 4.11 4.17 0.00 3.75 5.06 2.99 3.48 4.18 5.11 5.77 2528033
5.24 2.91 4.86 3.07 4.99 4.74 3.11 4.93 2.47 3.38 4.79 6.36 5.04 4.59 5.76 6.15 2.24 3.97 6.95 8.90 3.80 0.00 0.00 4.54 0.00 4.11 5.84 3.17 3.42 4.25 5.76 5.69 2541123
5.34 2.89 5.05 3.23 4.93 4.69 3.19 4.97 2.51 3.54 4.96 6.44 4.86 4.87 5.73 6.10 2.31 3.83 4.55 9.00 3.79 4.82 0.00 0.00 0.00 4.08 5.68 3.16 3.48 4.16 5.55 5.67 2554213
5.24 3.01 4.60 2.68 4.98 4.71 3.21 4.88 2.51 2.94 5.03 6.43 4.75 4.70 6.04 6.17 2.09 4.24 7.50 8.99 3.82 5.07 9.57 4.71 0.00 3.90 5.51 2.98 3.56 4.20 4.60 6.16 2567303
5.44 3.25 4.30 3.12 5.35 4.74 3.20 5.12 2.62 3.76 5.13 6.46 4.77 3.32 5.94 6.47 2.12 3.99 4.29 8.78 3.31 4.93 0.00 5.21 0.00 3.87 5.52 3.06 3.51 4.32 5.57 5.59 2580393
5.54 2.93 4.14 3.01 5.12 4.78 3.08 4.96 2.68 3.79 4.63 6.86 4.42 5.04 5.99 6.20 2.06 4.45 2.48 8.88 3.80 4.79 0.00 0.00 0.00 3.98 5.50 3.08 3.64 4.32 5.56 0.00 2593483
6.00 2.97 4.13 2.89 5.09 4.74 3.31 4.87 2.71 3.64 4.94 6.61 4.91 5.11 6.06 6.33 2.08 3.81 0.00 8.97 3.74 5.39 0.00 5.23 0.00 3.91 5.61 3.00 3.59 4.17 5.55 5.52 2606573
5.46 2.97 4.01 3.24 5.14 4.81 3.32 5.01 2.72 2.87 5.04 6.46 4.44 4.90 6.17 6.45 2.07 3.91 6.00 8.83 3.72 4.75 0.00 4.85 0.00 4.02 5.39 3.30 3.30 4.31 6.10 5.51 2619663
5.27 2.95 4.08 3.41 5.25 4.86 3.22 4.75 3.11 2.65 5.18 6.54 4.19 5.22 6.31 6.49 2.08 3.99 2.65 8.89 3.74 4.66 0.00 4.59 0.00 3.98 5.69 3.02 3.80 4.24 5.51 5.23 2632753
0.00 2.97 3.80 3.05 5.26 4.88 3.06 4.82 3.04 4.15 5.22 6.53 4.27 5.39 6.28 6.64 2.09 3.85 6.34 9.33 3.77 4.83 8.01 0.00 0.00 4.17 5.87 3.12 3.71 4.29 5.11 5.41 2645843
5.60 2.97 3.79 3.09 5.32 4.99 3.12 3.89 2.66 2.35 4.67 0.00 4.12 5.62 6.41 6.76 2.08 3.94 7.32 8.89 3.78 4.70 0.00 0.00 0.00 4.26 5.47 3.67 3.60 4.32 5.49 5.54 2658933
5.69 2.96 3.74 2.78 5.41 5.00 3.37 5.10 3.26 3.81 5.32 6.29 4.16 5.71 6.41 6.76 2.07 3.68 2.96 9.35 3.83 5.39 8.08 4.96 0.00 4.31 6.03 3.14 3.63 4.49 5.63 4.87 2672023
0.00 3.03 3.81 2.95 5.43 4.94 3.20 4.76 3.05 3.83 5.44 6.38 4.31 5.40 6.39 7.02 2.14 3.81 0.00 9.05 3.81 4.98 0.00 5.41 0.00 4.13 5.69 3.13 3.56 4.38 5.01 4.82 2685113
5.66 2.86 3.71 3.35 5.49 5.20 3.25 4.76 3.27 3.61 5.50 6.58 4.25 6.01 6.68 7.08 2.09 3.68 7.37 8.97 3.82 4.90 0.00 5.35 0.00 4.16 4.83 0.00 3.53 4.34 5.00 4.73 2698203
5.41 3.05 3.73 3.43 5.47 5.49 3.13 4.74 4.08 3.29 5.52 6.45 4.32 3.40 6.90 7.39 2.16 3.75 7.13 8.92 3.82 4.87 4.63 4.33 0.00 4.03 4.64 3.27 3.54 4.32 5.06 0.00 2711293
5.78 2.98 3.74 2.87 5.67 5.58 3.12 3.54 2.47 2.43 5.51 6.81 4.20 3.82 7.00 7.19 2.07 3.62 7.47 8.98 3.95 4.85 0.00 5.15 0.00 4.05 5.54 3.14 3.66 4.38 4.83 4.18 2724383
0.00 2.85 3.65 2.84 5.80 5.73 3.17 2.73 3.82 2.78 5.70 6.22 3.59 6.20 7.23 7.38 2.08 3.58 0.00 9.57 3.79 5.06 3.87 3.81 0.00 4.57 5.84 3.09 3.48 4.36 5.02 4.23 2737473
5.28 2.89 4.21 3.25 6.07 5.89 3.13 4.86 4.34 3.22 4.77 6.25 4.48 3.36 7.27 7.74 2.11 3.80 5.85 9.01 3.85 0.00 3.46 0.00 0.00 4.74 5.79 3.08 3.48 4.40 4.51 4.14 2750563
0.00 2.55 3.54 2.94 6.15 6.04 3.37 5.03 4.27 3.94 3.91 6.24 4.60 2.33 5.66 7.85 2.19 3.53 7.41 0.00 3.85 5.09 8.37 4.85 0.00 4.25 5.37 3.01 3.49 4.35 4.60 4.38 2763653
5.38 2.95 3.43 3.43 6.24 4.89 3.00 4.92 3.25 2.99 5.33 6.03 4.56 5.24 7.88 7.95 2.14 2.92 7.05 9.01 3.92 5.26 3.34 4.66 0.00 4.28 5.77 2.89 3.51 4.40 3.82 3.61 2776743
0.00 2.98 3.85 2.92 6.34 6.58 3.08 4.91 2.68 3.81 5.99 6.08 4.51 2.76 7.92 7.74 2.28 3.43 2.59 9.04 3.74 5.04 5.74 4.04 0.00 4.33 4.72 2.66 3.46 4.20 4.36 3.59 2789833
0.00 2.78 3.89 2.68 6.52 6.49 3.02 5.01 3.66 3.21 2.36 6.17 4.70 2.62 8.30 5.64 2.35 3.52 6.28 9.03 3.91 5.00 2.28 2.98 0.00 4.22 5.61 2.66 3.34 4.27 3.85 3.57 2802923
0.00 2.90 3.90 2.46 6.08 4.11 2.38 4.94 4.23 2.84 6.15 6.58 4.72 4.40 8.01 2.81 2.13 3.53 5.81 6.65 4.07 4.95 3.63 4.39 0.00 3.85 5.39 2.53 3.09 4.21 2.87 3.56 2816013
0.00 3.00 3.86 2.95 6.88 6.97 3.00 5.16 4.41 3.80 5.52 6.12 4.85 3.62 8.16 2.55 2.12 3.52 2.63 5.24 4.06 5.50 3.14 3.04 0.00 4.52 5.35 2.64 2.50 4.24 4.01 3.60 2829103
0.00 2.80 4.13 2.68 3.54 5.37 2.84 5.04 3.51 2.35 5.63 6.06 4.25 4.64 7.93 7.84 2.16 3.45 5.01 8.98 4.13 5.31 2.68 2.52 0.00 4.38 3.30 2.63 3.52 4.31 3.30 3.34 2842193
3.21 2.53 3.99 2.94 7.42 7.45 3.01 2.20 4.28 3.25 5.52 6.26 5.08 5.44 5.51 2.48 2.18 3.36 6.85 8.90 3.99 5.35 2.85 2.27 0.00 4.19 5.90 2.65 3.45 4.07 3.77 3.47 2855283
4.78 2.73 3.89 2.29 5.89 3.19 2.75 3.30 2.91 2.33 5.31 6.09 4.12 3.21 7.68 4.88 3.03 3.07 3.38 9.06 3.52 5.50 3.43 4.29 0.00 3.92 2.41 2.66 3.20 4.10 2.56 3.28 2868373
0.00 2.77 3.99 2.17 6.44 6.13 3.20 4.17 3.00 2.32 5.87 5.42 4.35 3.24 3.78 2.73 2.11 3.37 4.20 5.60 3.73 0.00 3.46 3.64 0.00 4.19 4.75 2.85 3.88 3.28 2.96 3.32 2881463
2.44 2.87 3.80 2.35 6.90 5.38 2.47 5.07 2.73 2.94 5.55 6.48 4.65 3.36 5.04 2.40 2.14 3.45 4.46 9.02 4.36 5.54 4.11 2.26 0.00 3.27 4.11 2.81 3.99 4.00 2.84 3.14 2894553
3.51 2.71 4.12 2.46 7.24 6.99 2.56 5.27 5.03 2.57 4.13 2.85 3.88 3.35 4.81 6.98 2.75 3.65 6.07 8.96 4.54 5.49 2.72 3.29 0.00 3.88 2.88 3.21 3.97 2.95 2.89 3.19 2907643
0.00 2.88 4.12 2.86 8.25 6.21 3.24 5.84 2.78 3.24 5.19 6.16 2.70 2.63 4.01 7.04 2.29 3.43 4.92 8.96 4.58 5.57 2.69 4.19 0.00 3.59 4.55 3.04 2.15 4.33 3.06 3.16 2920733
3.35 2.32 4.25 2.22 8.18 6.39 3.23 5.46 5.13 2.98 4.61 5.89 4.40 2.62 6.45 4.04 2.17 2.57 4.77 4.58 4.75 0.00 3.44 4.79 0.00 3.78 4.72 3.28 4.35 3.78 2.85 3.24 2933823
0.00 3.00 4.08 3.13 8.43 7.26 3.10 4.27 3.61 2.53 5.58 5.35 3.19 4.64 6.84 5.28 2.15 3.71 6.55 2.89 3.26 5.62 3.23 4.69 0.00 3.81 4.24 3.14 4.55 4.84 2.82 3.14 2946913
5.75 2.78 2.97 2.65 8.07 5.21 3.15 5.51 2.27 2.52 6.15 6.16 3.54 2.49 6.62 3.97 2.06 3.18 5.93 8.73 4.26 0.00 4.02 4.04 0.00 3.78 4.87 3.33 3.32 4.86 2.52 3.29 2960003
3.50 2.99 4.03 2.15 7.91 3.02 3.02 5.74 5.24 2.72 4.78 6.07 3.89 3.44 6.01 7.01 2.06 3.64 6.15 8.78 3.70 5.83 2.86 4.15 0.00 3.99 4.08 3.32 3.58 3.96 2.86 3.21 2973093
0.00 2.93 4.11 2.69 8.16 7.18 3.29 5.11 4.34 4.10 2.94 6.18 3.97 2.95 6.54 7.01 2.11 3.28 4.58 0.00 4.80 0.00 3.35 5.44 0.00 2.94 3.99 3.53 4.68 4.83 2.90 3.25 2986183
5.40 2.93 4.01 2.89 2.23 5.70 2.92 5.22 4.95 3.01 6.02 5.64 3.88 3.81 6.59 7.06 2.07 3.34 6.37 8.73 4.42 5.76 4.21 4.32 0.00 3.51 2.90 3.80 4.57 3.46 2.89 3.22 2999273
5.53 2.93 4.11 2.78 8.09 8.22 3.25 5.85 2.95 2.28 5.60 6.01 4.06 2.91 6.54 6.97 2.19 3.35 2.34 8.84 4.83 0.00 2.65 4.79 0.00 3.70 5.04 3.42 4.85 4.94 2.89 3.21 3012363
0.00 2.86 4.03 3.15 8.20 8.20 3.32 5.96 2.90 3.34 4.32 6.10 3.84 4.40 6.64 6.90 2.14 3.55 7.11 9.06 3.21 0.00 3.15 4.70 0.00 3.65 4.97 3.51 4.72 5.04 2.91 3.26 3025453
0.00 2.88 4.10 2.61 7.91 8.22 2.78 5.81 4.43 3.54 5.41 6.03 4.00 3.09 6.76 7.05 2.21 3.51 6.62 8.75 4.31 5.72 0.00 3.85 0.00 3.60 4.81 3.59 4.79 5.14 2.94 3.25 3038543
0.00 3.05 4.12 2.68 8.03 8.24 3.39 6.62 5.03 5.60 5.32 5.97 3.72 3.90 6.98 7.06 2.12 3.71 5.41 8.74 5.08 6.03 0.00 4.94 0.00 3.71 4.79 4.14 5.57 5.12 2.86 3.12 3051633
0.00 2.89 4.03 3.24 7.72 8.24 3.50 6.05 5.28 5.90 5.75 5.93 3.51 4.99 6.96 7.08 2.10 2.85 7.12 8.94 5.28 5.89 2.53 4.31 0.00 3.39 5.07 3.68 4.77 5.12 2.88 3.20 3064723
0.00 2.93 3.96 2.66 7.98 8.24 3.31 0.00 4.46 3.97 5.46 5.92 3.37 4.95 6.81 7.04 2.15 3.77 0.00 8.76 5.13 5.83 0.00 0.00 0.00 3.42 4.93 3.72 4.74 5.02 2.86 3.57 3077813
0.00 2.86 4.07 2.91 8.36 8.24 3.42 6.27 5.38 4.77 5.80 5.84 3.44 5.01 6.88 7.06 2.13 3.88 7.04 0.00 5.15 5.73 7.30 0.00 0.00 3.36 5.10 3.75 4.71 5.09 3.03 3.28 3090903
0.00 2.98 4.02 3.27 7.79 6.27 3.32 5.84 5.24 5.50 5.69 5.89 2.87 4.93 6.86 7.08 2.04 3.91 0.00 8.85 5.18 5.70 7.89 5.21 0.00 3.30 4.91 3.82 4.66 5.06 2.85 3.21 3103993
0.00 2.93 3.97 3.18 8.03 8.21 3.14 5.92 4.58 6.02 5.61 5.81 3.39 5.06 6.83 7.13 2.07 4.12 7.25 8.84 5.23 5.83 9.99 4.71 0.00 3.34 4.77 3.74 4.83 5.14 2.91 3.29 3117083
0.00 2.98 3.98 3.02 7.65 8.23 3.22 5.74 5.15 3.83 5.72 5.88 3.53 5.05 6.86 7.19 2.07 3.97 7.04 8.80 5.16 0.00 9.88 0.00 0.00 3.35 4.95 3.76 4.70 5.10 2.90 3.19 3130173
0.00 2.98 4.00 3.38 7.88 8.24 3.71 5.94 5.16 5.53 5.60 5.76 3.44 5.04 6.74 7.14 2.12 4.22 5.78 8.84 5.32 5.79 9.89 0.00 0.00 3.29 5.04 3.83 4.72 5.17 2.91 3.21 3143263
0.00 2.99 4.07 3.39 7.99 8.24 3.86 5.76 5.18 2.39 5.46 5.74 3.51 5.02 6.89 7.11 2.13 3.98 6.37 8.80 5.11 5.82 0.00 0.00 0.00 3.49 4.97 3.79 4.71 5.12 2.91 3.35 3156353
0.00 3.01 4.03 3.56 8.13 8.14 3.29 5.55 5.21 5.47 5.58 5.89 3.58 4.87 7.27 7.07 2.06 4.25 6.92 9.37 5.40 5.85 9.90 4.45 0.00 3.44 4.91 0.00 4.79 5.14 2.91 3.35 3169443
0.00 3.01 4.03 3.26 8.15 8.23 3.19 5.70 5.32 5.14 5.69 5.73 3.34 4.98 6.83 7.32 2.08 4.05 6.80 9.52 5.16 5.84 9.96 0.00 0.00 3.48 4.82 0.00 4.79 5.05 2.86 3.28 3182533
0.00 3.01 4.10 5.13 7.86 8.25 0.00 6.03 5.07 5.57 5.82 5.71 3.37 5.07 7.17 7.19 2.11 4.54 6.48 0.00 5.42 5.97 0.00 0.00 0.00 3.37 4.74 4.01 4.62 5.07 2.89 3.24 3195623
0.00 2.84 4.17 2.68 7.85 8.22 3.45 5.64 5.19 5.65 5.70 5.69 3.25 4.95 6.89 7.30 2.11 3.96 0.00 0.00 5.21 0.00 9.87 0.00 0.00 3.60 4.97 0.00 4.63 5.04 2.75 3.16 3208713
0.00 3.01 4.10 3.52 7.95 8.24 3.40 5.71 5.23 5.30 5.51 5.68 3.51 5.43 6.94 7.26 2.04 4.04 6.56 9.35 5.13 6.02 9.92 4.43 0.00 3.48 4.99 3.89 4.07 5.18 2.75 3.24 3221803
0.00 2.94 4.07 3.49 7.85 8.22 3.25 5.75 5.66 5.33 4.80 5.71 3.46 5.20 6.82 7.65 2.11 3.73 6.19 8.89 5.19 6.04 0.00 0.00 0.00 3.33 4.89 3.77 4.16 5.08 2.82 3.31 3234893
5.43 3.08 4.08 2.86 7.40 8.23 3.30 5.80 5.07 5.19 5.42 5.63 3.37 5.22 6.83 7.26 2.12 3.90 6.06 8.87 5.37 0.00 0.00 0.00 0.00 3.32 4.89 0.00 4.11 4.83 2.80 3.32 3247983
0.00 2.95 4.18 3.24 8.22 8.25 3.27 5.90 5.10 4.43 5.31 5.60 3.35 4.29 7.12 7.20 2.05 3.79 6.42 8.90 5.44 6.17 9.99 5.35 0.00 3.38 5.05 4.01 3.99 4.85 2.75 3.31 3261073
0.00 2.97 3.99 3.22 7.43 8.19 3.33 0.00 4.31 3.94 4.47 5.51 3.52 5.43 7.08 7.20 2.07 3.92 6.56 9.02 5.25 0.00 9.52 0.00 0.00 0.00 4.96 3.84 4.00 4.92 2.74 3.55 3274163
0.00 2.64 4.02 3.45 7.57 8.24 3.52 5.96 4.94 4.89 5.29 5.55 3.75 3.59 7.12 7.25 2.04 3.84 6.82 9.44 5.39 6.02 0.00 5.26 0.00 3.11 4.87 3.91 3.96 4.93 2.78 3.56 3287253
0.00 3.02 3.96 3.13 8.22 8.23 2.76 5.90 4.68 4.60 5.27 5.45 3.52 5.22 7.27 7.18 2.06 3.86 6.77 0.00 5.92 0.00 0.00 0.00 0.00 3.33 4.93 3.94 3.95 4.94 2.78 3.67 3300343
0.00 3.07 4.05 3.09 7.54 8.26 3.66 5.38 4.21 3.64 4.94 5.62 3.66 2.60 7.19 7.22 2.60 3.79 6.65 8.90 5.42 0.00 0.00 4.70 0.00 3.40 4.95 3.48 4.01 4.81 2.90 3.37 3313433
0.00 3.03 4.09 3.27 7.45 7.75 3.37 5.58 4.49 3.56 4.92 5.37 4.01 5.57 7.18 7.37 2.01 3.99 0.00 8.94 5.35 6.11 0.00 4.95 0.00 3.39 4.89 3.20 4.00 4.85 2.86 3.36 3326523
0.00 2.90 4.17 3.35 7.48 8.23 3.32 5.94 4.22 2.65 4.95 5.32 3.61 4.98 7.37 7.40 2.18 3.70 7.20 8.92 5.53 6.44 0.00 4.32 0.00 0.00 4.27 3.24 4.02 4.80 2.85 3.27 3339613
0.00 2.95 4.13 2.82 7.45 6.01 3.23 6.00 4.27 2.29 4.90 5.29 3.64 3.21 7.43 7.53 2.13 3.80 6.26 9.01 5.83 0.00 9.99 4.68 0.00 3.53 4.73 3.27 4.11 4.81 2.86 3.17 3352703
0.00 2.86 3.97 3.46 7.55 7.03 3.36 5.69 3.94 2.78 4.19 3.49 3.94 5.32 7.66 7.56 3.04 3.57 6.61 8.91 5.42 0.00 3.02 4.60 0.00 3.07 4.49 3.14 4.04 4.95 3.00 3.03 3365793
0.00 2.37 3.73 2.98 7.86 8.13 3.28 5.98 3.57 3.32 4.17 4.38 4.03 2.26 7.59 7.44 2.10 3.52 7.72 9.05 5.41 6.26 2.61 4.53 0.00 3.51 4.43 3.16 4.08 4.98 3.06 3.05 3378883
0.00 2.89 4.65 2.11 7.42 5.70 3.12 4.25 3.55 2.57 3.98 4.00 4.05 2.17 7.58 7.30 2.04 3.40 5.08 9.26 5.47 6.34 2.56 4.32 0.00 3.11 4.37 3.06 4.13 4.94 2.68 3.56 3391973
5.75 2.80 4.16 2.74 6.69 5.96 2.71 5.97 3.10 2.94 3.77 4.49 4.05 2.65 0.00 6.76 2.15 3.37 6.04 0.00 5.66 6.54 3.59 4.54 0.00 3.14 4.39 3.43 4.12 5.03 3.10 3.05 3405063
5.22 2.90 4.18 2.63 6.10 7.58 3.06 5.01 3.25 2.45 3.75 3.88 3.98 2.73 7.54 8.07 2.15 3.41 3.74 8.98 2.84 0.00 4.64 5.11 0.00 3.42 4.42 3.07 4.05 5.13 3.08 3.05 3418153
5.09 2.91 4.39 2.60 7.22 7.78 3.00 5.20 3.64 2.84 3.69 3.36 4.00 3.15 7.79 7.50 2.07 3.52 4.62 9.51 4.82 0.00 4.94 4.63 0.00 3.29 3.88 3.10 4.19 4.70 3.11 3.06 3431243
5.29 2.90 3.43 2.57 3.83 4.22 3.63 5.11 3.70 3.14 2.74 3.64 3.50 2.30 7.65 7.64 2.10 3.06 3.34 9.11 3.39 6.60 9.68 5.52 0.00 3.74 3.42 3.21 3.77 4.73 2.93 3.15 3444333
3.50 3.02 4.31 3.28 6.49 5.79 2.80 4.81 3.35 2.64 3.57 3.41 4.04 2.57 7.64 7.51 2.11 3.40 6.71 8.93 5.81 0.00 2.72 3.67 0.00 3.08 3.95 3.14 3.19 5.16 2.70 3.10 3457423
4.47 2.72 4.43 2.74 5.51 4.26 3.51 5.57 3.33 2.83 3.61 3.50 2.17 2.88 7.63 7.64 2.06 2.95 4.93 5.88 4.04 0.00 3.76 3.48 0.00 2.96 4.12 3.27 4.34 5.02 3.11 3.26 3470513
2.05 2.89 4.38 2.92 3.83 3.00 3.41 3.86 2.88 2.70 3.75 3.65 4.36 2.73 5.48 7.68 2.07 2.99 3.80 9.12 5.98 6.76 2.50 2.89 0.00 3.04 4.15 3.03 3.47 5.18 3.02 3.24 3483603
4.31 2.87 4.33 2.68 7.31 6.68 3.11 5.70 2.91 2.26 3.62 3.43 3.93 2.36 7.88 5.21 2.06 3.31 2.33 7.80 6.10 0.00 2.20 3.43 0.00 2.69 3.23 3.24 3.31 5.18 3.17 3.15 3496693
0.00 2.86 4.45 3.25 3.51 3.32 2.57 2.49 3.48 2.82 3.88 3.78 3.51 2.66 2.37 7.87 2.04 3.70 5.21 0.00 4.95 0.00 4.83 4.93 0.00 2.78 3.83 3.33 2.49 4.06 2.97 3.23 3509783
4.00 2.96 4.47 2.71 2.68 3.47 2.89 4.85 3.16 2.62 3.91 3.93 2.52 2.34 4.75 6.81 2.20 3.48 5.63 9.09 6.08 6.87 2.82 4.49 0.00 2.79 3.91 3.26 4.28 5.21 3.16 3.44 3522873
3.60 2.80 4.53 2.82 6.30 3.76 2.10 5.30 2.74 2.81 3.82 3.94 2.77 2.83 8.09 2.58 2.16 3.38 3.53 4.95 2.26 0.00 3.12 4.37 0.00 2.77 2.97 3.30 2.31 5.26 3.14 3.24 3535963
5.05 2.95 4.57 2.46 3.71 4.12 2.38 2.78 2.65 2.40 3.81 4.05 4.28 2.58 4.79 2.02 2.14 3.77 3.17 9.10 2.67 0.00 2.97 3.35 0.00 2.99 3.71 3.23 4.50 4.78 3.10 3.31 3549053
4.66 2.72 4.56 2.66 6.13 4.82 3.01 5.09 2.92 2.96 3.96 4.02 2.71 2.47 3.14 4.68 2.07 3.55 2.89 9.33 2.27 0.00 2.96 4.69 0.00 2.72 3.63 3.41 3.50 4.84 3.01 3.28 3562143
5.71 2.84 4.08 2.90 6.35 4.19 2.70 4.23 2.51 2.72 3.57 4.24 3.10 2.78 6.83 5.70 2.06 3.00 4.49 9.10 3.58 0.00 3.06 2.97 0.00 2.74 3.90 3.67 4.57 3.34 3.03 3.32 3575233
5.34 2.76 4.70 3.00 6.28 4.22 3.21 4.07 3.24 2.83 4.26 3.51 4.31 2.64 4.64 7.84 2.08 3.52 5.61 9.44 5.46 7.07 3.50 3.01 0.00 2.75 3.84 3.56 4.56 4.00 2.99 3.26 3588323
5.82 2.98 3.67 2.66 5.92 2.98 3.52 4.12 2.28 3.06 4.23 4.13 4.11 2.31 6.49 8.11 2.18 3.35 4.43 8.96 4.15 0.00 2.85 3.81 0.00 2.84 2.95 4.32 3.92 4.52 3.03 3.51 3601413
5.69 2.84 4.56 2.39 6.26 4.69 2.81 3.80 2.47 2.19 4.41 4.38 5.77 3.66 3.38 2.59 2.14 3.17 5.33 2.32 2.65 0.00 3.50 3.08 0.00 2.85 3.33 3.89 2.69 3.52 2.62 3.26 3614503
2.47 3.04 4.60 2.43 6.80 7.18 3.07 4.03 2.17 2.98 4.29 4.57 5.85 3.20 6.26 3.22 2.04 3.49 2.85 0.00 2.47 0.00 3.76 4.04 0.00 2.64 3.11 4.08 3.38 5.19 3.06 3.19 3627593
5.50 2.94 4.87 2.78 6.29 6.71 2.90 3.77 2.63 2.79 4.36 4.58 5.04 4.46 8.32 2.22 2.12 3.83 7.00 8.31 4.45 0.00 3.74 2.40 0.00 2.71 3.63 4.28 4.19 5.31 3.05 3.25 3640683
5.36 2.80 4.53 2.17 5.40 6.12 2.20 3.48 2.97 2.68 4.56 4.60 6.11 4.78 8.66 4.51 2.27 3.15 2.71 8.04 4.65 0.00 2.76 4.72 0.00 2.29 3.96 4.36 4.75 4.81 2.95 3.23 3653773
5.37 2.87 4.61 2.71 0.00 5.51 3.43 3.22 2.63 3.19 4.58 4.74 6.15 2.79 8.55 0.00 2.07 3.77 4.18 8.10 5.71 7.38 3.16 3.60 0.00 2.55 3.59 0.00 4.80 5.34 2.65 3.01 3666863
4.94 2.91 4.64 2.76 6.33 4.44 3.68 3.97 2.69 3.40 4.47 4.80 6.19 4.93 6.83 8.22 2.16 3.78 3.33 8.18 5.83 0.00 3.88 4.00 0.00 2.32 3.33 4.14 4.73 4.31 3.08 3.20 3679953
5.13 2.99 4.49 3.18 6.17 6.91 3.28 3.38 2.85 3.29 4.49 4.79 0.00 4.09 0.00 3.86 2.14 3.69 3.06 8.16 2.14 0.00 0.00 4.39 0.00 2.24 3.39 4.77 4.80 5.22 3.26 3.17 3693043
5.24 2.96 4.55 3.30 6.60 7.07 3.36 3.42 3.00 3.32 4.54 4.84 6.20 3.87 8.29 0.00 2.13 3.75 6.01 8.27 6.14 7.31 3.44 5.14 0.00 2.15 3.36 4.28 4.86 5.41 2.92 3.15 3706133
5.04 2.97 4.59 3.28 6.48 6.90 3.24 3.50 3.06 2.88 4.61 5.04 6.30 3.27 8.24 8.38 2.66 3.86 4.81 8.37 5.89 7.59 5.46 5.03 0.00 2.17 3.40 5.02 4.77 5.67 3.16 3.14 3719223
5.25 2.59 4.61 2.92 6.54 6.46 3.26 3.23 3.45 3.13 4.67 5.09 6.51 5.32 8.29 0.00 2.18 3.75 6.33 8.07 5.78 0.00 3.23 4.15 0.00 2.62 3.52 4.94 4.92 5.45 3.11 3.37 3732313
5.16 2.99 4.58 2.98 6.55 7.08 3.12 3.20 2.99 3.07 4.49 4.93 0.00 5.19 8.11 5.07 2.09 3.72 6.06 7.89 0.00 7.21 2.49 5.71 0.00 2.32 3.64 4.61 4.80 4.22 3.09 3.35 3745403
5.09 2.99 4.68 3.18 6.33 6.97 3.40 3.17 2.96 3.26 4.58 4.91 0.00 6.23 8.08 0.00 2.22 4.23 6.02 7.70 0.00 0.00 3.80 0.00 0.00 2.35 3.37 4.61 4.89 5.39 3.11 3.14 3758493
4.95 2.89 4.71 3.40 6.48 6.95 3.29 3.01 3.16 3.24 4.57 5.02 0.00 4.59 8.13 0.00 2.28 3.88 6.29 8.25 0.00 0.00 0.00 5.17 0.00 2.31 3.43 4.57 5.02 5.52 3.09 3.23 3771583
4.82 3.05 4.60 3.24 6.44 6.79 3.18 3.11 3.00 2.49 4.56 4.93 0.00 6.56 7.94 0.00 2.15 3.86 6.28 7.55 0.00 0.00 0.00 4.70 0.00 2.16 3.53 5.10 4.92 5.48 3.13 3.10 3784673
5.64 3.04 4.58 3.27 6.34 6.82 3.20 3.06 3.05 3.15 4.65 4.96 0.00 5.61 7.97 0.00 2.16 3.90 5.55 7.40 6.23 0.00 4.48 4.44 0.00 2.75 3.42 4.73 5.04 5.37 3.16 3.08 3797763
5.20 2.95 4.57 3.28 6.29 7.03 3.21 3.20 3.07 3.24 4.63 5.10 0.00 7.40 7.78 0.00 2.11 3.97 6.19 7.50 2.90 7.24 2.28 4.82 0.00 2.29 3.25 5.20 5.00 5.41 3.13 3.24 3810853
5.22 2.97 4.54 3.00 6.43 6.74 3.20 3.10 2.74 3.16 4.74 5.15 2.46 5.41 7.77 0.00 2.12 3.99 6.45 8.10 0.00 7.28 0.00 4.59 0.00 2.55 3.34 4.64 4.97 5.07 3.17 3.62 3823943
4.72 2.98 4.59 3.47 6.08 6.79 3.14 3.03 2.92 3.12 4.62 5.08 6.14 7.08 7.76 0.00 2.09 4.04 6.11 7.54 0.00 0.00 0.00 4.68 0.00 2.22 3.25 4.76 5.12 5.73 3.17 3.12 3837033
4.74 2.99 4.92 3.26 5.82 6.64 3.23 2.87 2.98 3.06 4.63 5.18 0.00 7.23 7.89 0.00 2.11 3.91 6.21 6.84 6.24 7.33 0.00 5.24 0.00 2.21 3.36 4.75 4.75 5.35 3.19 3.14 3850123
4.78 3.00 4.68 3.25 5.74 6.75 3.05 3.02 2.92 3.22 4.64 5.10 0.00 7.16 7.90 0.00 2.10 3.94 6.29 7.43 6.17 7.30 0.00 4.74 0.00 2.26 3.69 5.41 5.14 5.59 3.22 3.18 3863213
4.88 3.01 4.59 3.06 5.73 6.50 3.34 2.95 3.00 3.04 4.84 5.12 6.46 7.23 7.97 0.00 2.17 4.01 6.27 7.89 0.00 7.32 0.00 0.00 0.00 2.23 3.54 4.82 3.50 5.41 3.38 3.13 3876303
5.06 3.00 4.57 3.37 0.00 6.18 3.04 2.96 2.84 3.09 4.60 5.13 0.00 6.97 7.94 0.00 2.17 4.12 6.29 7.66 6.17 0.00 0.00 4.52 0.00 2.24 3.54 4.70 5.09 5.39 3.26 3.25 3889393
4.42 2.95 4.67 3.22 5.85 6.17 2.90 2.89 2.85 3.27 4.65 5.22 6.47 7.39 7.78 0.00 2.11 3.81 6.37 7.61 0.00 7.34 0.00 4.60 0.00 2.22 3.34 4.79 5.02 5.44 3.29 3.11 3902483
4.75 2.82 4.99 3.28 6.04 6.37 3.05 2.85 2.84 3.17 4.68 5.36 6.16 5.82 7.89 8.19 2.17 3.90 6.53 7.90 6.26 7.27 0.00 3.91 0.00 2.23 3.36 4.86 4.91 5.40 3.28 3.17 3915573
4.17 2.99 4.74 3.17 6.09 6.16 3.04 2.91 2.90 3.15 4.68 5.19 0.00 6.17 7.71 0.00 2.17 4.02 6.51 7.65 0.00 7.26 0.00 0.00 0.00 2.23 3.34 5.60 4.76 5.07 3.35 3.41 3928663
4.46 2.95 4.65 3.24 6.10 6.31 3.03 2.92 2.95 3.13 4.74 5.23 0.00 6.31 7.81 0.00 2.07 3.78 6.49 7.79 6.41 0.00 10.00 4.23 0.00 2.38 3.48 5.01 5.02 5.32 3.30 3.16 3941754
4.72 3.01 4.55 3.05 5.55 6.31 3.06 3.14 2.89 3.17 4.84 5.32 0.00 7.48 8.10 8.37 2.12 3.94 6.74 7.94 0.00 7.29 0.00 4.70 0.00 2.50 3.47 5.24 5.26 5.10 3.39 3.16 3954843
4.17 2.99 4.64 3.18 5.48 6.28 3.09 3.00 2.89 2.78 4.71 5.36 6.22 7.11 7.72 7.84 2.05 3.89 6.62 7.83 0.00 0.00 0.00 4.78 0.00 2.27 3.72 5.15 5.20 5.23 3.35 3.19 3967933
3.90 3.00 4.66 3.21 5.62 6.08 3.13 2.86 2.82 3.12 4.84 5.38 6.62 7.22 7.65 8.06 2.03 3.93 6.62 7.73 5.72 0.00 9.99 4.88 0.00 2.38 3.70 5.17 5.24 5.05 3.52 3.55 3981023
3.93 3.08 4.64 3.27 5.80 5.93 3.05 2.96 2.75 3.06 4.77 5.34 0.00 5.75 7.62 0.00 2.11 3.71 6.61 7.85 0.00 7.37 0.00 4.97 0.00 2.37 3.66 5.49 5.38 4.95 3.46 3.26 3994113
3.74 3.00 4.59 3.08 5.43 5.84 3.02 2.88 2.76 3.17 4.92 5.33 6.17 7.06 7.75 8.13 2.19 3.88 6.60 7.91 6.09 0.00 2.90 4.47 0.00 2.39 3.65 5.17 5.34 4.97 3.56 3.72 4007203
3.99 3.02 4.73 3.17 5.68 5.93 3.02 2.90 2.69 2.96 4.95 5.45 6.59 7.04 7.09 8.62 2.14 3.91 6.77 8.01 0.00 0.00 0.00 0.00 0.00 2.43 3.73 5.30 5.56 4.92 3.46 3.42 4020293
4.16 3.00 5.06 3.49 5.27 5.97 3.04 2.93 2.72 3.21 4.72 5.50 6.07 7.13 7.51 8.13 2.06 3.79 6.37 8.04 0.00 0.00 4.18 5.17 0.00 2.49 3.66 5.44 5.22 4.94 3.46 3.37 4033383
3.70 2.96 4.65 3.24 5.33 5.95 2.99 2.85 2.82 3.25 4.79 5.39 6.41 6.93 7.41 7.88 2.17 3.75 6.74 8.14 0.00 0.00 9.78 4.72 0.00 2.38 3.58 5.45 5.57 5.17 3.46 3.30 4046473
3.74 3.02 4.80 3.36 5.18 5.83 2.93 2.95 2.66 3.14 4.84 5.44 6.46 6.36 7.46 7.86 2.18 3.87 6.38 8.13 0.00 0.00 0.00 5.43 0.00 2.29 3.67 5.65 5.52 5.08 3.42 3.35 4059563
3.72 2.92 4.80 3.20 5.35 5.97 3.01 2.77 2.70 3.19 4.82 5.51 6.55 6.36 7.60 7.75 2.10 3.80 6.48 8.11 0.00 7.53 0.00 0.00 0.00 2.28 3.66 5.67 5.70 5.39 3.45 3.40 4072653
3.80 3.04 4.66 3.03 5.14 5.82 2.96 2.91 2.84 3.26 4.97 5.54 6.54 6.90 7.67 7.53 2.13 4.42 6.38 8.04 0.00 7.51 9.96 4.27 0.00 2.46 3.59 0.00 5.84 5.09 3.82 4.10 4085743
3.65 3.02 4.72 3.27 5.06 5.72 2.99 2.88 2.81 3.15 4.78 5.62 5.94 6.90 7.48 8.05 2.08 3.98 6.85 8.81 0.00 7.49 0.00 4.21 0.00 2.35 3.61 5.77 6.25 5.07 3.50 3.51 4098833
3.69 3.01 4.80 3.27 5.08 5.64 2.94 2.86 2.67 3.15 4.95 5.63 5.85 6.87 7.58 7.81 2.08 3.97 6.66 8.71 0.00 0.00 3.98 0.00 0.00 2.96 3.61 5.43 6.34 5.19 3.53 4.00 4111923
3.69 3.00 4.79 3.43 5.37 5.69 2.98 2.91 2.64 3.17 4.84 6.18 5.98 6.85 7.39 7.69 2.08 3.79 6.81 8.51 0.00 7.36 9.97 5.19 0.00 2.38 3.53 5.55 6.43 5.07 3.60 3.28 4125013
3.70 3.01 4.80 3.21 5.16 5.74 2.99 2.77 2.55 3.11 4.93 5.59 5.88 6.69 7.40 7.52 2.28 4.38 6.56 8.39 6.19 7.43 0.00 5.14 0.00 2.32 3.54 5.47 6.20 4.55 3.52 3.34 4138103
3.71 3.02 4.65 3.28 5.01 5.52 3.08 2.87 2.55 3.09 4.85 6.16 5.79 6.75 7.38 7.79 2.26 3.80 6.40 0.00 0.00 7.43 0.00 5.08 0.00 2.34 3.59 5.78 6.40 5.24 3.64 3.32 4151193
3.60 2.98 4.82 3.26 4.90 5.49 3.04 2.73 2.60 2.97 4.92 5.80 5.79 6.58 7.43 7.79 2.18 3.80 6.71 8.62 0.00 7.31 0.00 4.26 0.00 2.27 3.84 6.29 6.45 5.37 3.57 3.95 4164283
3.55 2.98 4.69 3.27 5.14 5.40 3.05 2.82 2.47 3.17 4.97 5.81 5.92 6.37 7.35 7.70 2.05 3.73 6.51 8.63 0.00 0.00 0.00 4.77 0.00 2.37 4.00 0.00 6.47 5.43 3.64 3.32 4177373
3.60 3.02 4.72 3.12 4.77 5.29 3.07 2.68 2.70 3.04 5.00 5.72 5.90 5.81 7.37 7.22 2.12 4.06 6.99 8.68 0.00 7.37 4.66 4.62 0.00 2.52 3.48 0.00 6.59 5.42 3.60 3.54 4190463
3.58 3.01 5.06 3.08 4.85 5.37 3.10 2.62 2.59 3.12 4.95 5.73 5.69 6.05 7.17 7.14 2.07 3.83 5.77 8.60 0.00 7.50 9.98 4.52 0.00 2.72 3.70 0.00 6.80 5.56 3.65 3.33 4203553
3.54 3.03 4.78 3.26 4.82 5.48 3.07 2.71 2.58 3.19 4.93 5.81 0.00 6.19 7.33 7.43 2.06 3.87 6.84 9.16 0.00 0.00 0.00 0.00 0.00 2.31 3.52 0.00 6.82 5.57 3.74 3.38 4216643
3.56 3.02 5.02 3.44 4.72 5.33 3.10 2.71 2.63 3.22 4.89 5.72 6.02 6.06 6.80 6.77 2.04 3.95 6.48 8.58 0.00 7.33 0.00 4.92 0.00 2.37 3.55 0.00 7.18 5.38 3.62 3.37 4229733
3.95 2.98 4.82 3.22 5.29 5.50 3.15 2.73 2.58 3.14 4.92 5.72 6.02 5.99 6.73 6.76 2.16 3.87 6.72 8.75 0.00 0.00 0.00 5.54 0.00 2.45 3.67 0.00 6.88 5.85 3.66 3.42 4242823
3.60 3.01 4.85 3.34 4.83 5.32 3.06 2.69 2.60 2.97 4.91 5.85 5.89 6.10 6.66 6.87 2.11 3.90 6.40 8.87 0.00 7.46 0.00 5.45 0.00 2.38 3.53 0.00 6.99 5.72 3.69 3.40 4255913
4.08 3.02 4.73 3.48 5.06 5.38 3.06 2.81 2.53 3.32 5.04 5.87 5.85 6.04 6.77 7.13 2.31 3.81 6.67 8.67 0.00 0.00 0.00 0.00 0.00 2.40 3.44 0.00 7.00 5.93 3.68 3.42 4269003
3.90 3.03 4.78 3.43 4.54 5.29 3.05 2.79 2.60 3.12 5.03 5.91 5.58 5.90 6.67 6.44 2.10 3.88 6.92 8.86 0.00 0.00 0.00 0.00 0.00 2.35 3.39 0.00 7.03 5.89 3.76 3.57 4282093
3.52 3.05 4.77 0.00 4.58 5.37 3.05 2.75 2.53 3.16 5.83 0.00 5.66 5.75 6.99 6.48 2.13 3.86 6.23 8.73 0.00 0.00 0.00 3.99 0.00 2.53 3.89 0.00 7.04 5.85 3.72 3.41 4295183
3.55 3.03 5.17 3.28 4.71 5.33 3.02 2.79 2.60 3.14 5.18 5.98 6.02 5.80 6.47 6.24 2.08 3.93 7.00 8.61 0.00 7.41 0.00 4.20 0.00 2.30 3.63 0.00 7.10 6.02 3.72 3.50 4308273
4.06 2.97 4.83 3.36 4.65 5.21 3.10 2.81 2.59 3.06 4.99 5.98 5.60 5.56 6.36 6.58 2.05 3.94 6.59 8.79 0.00 0.00 2.34 3.97 0.00 2.29 3.62 0.00 7.01 5.99 3.80 3.46 4321363
3.78 3.02 4.74 3.41 4.68 5.00 3.04 3.00 2.65 3.17 5.10 5.89 5.60 5.88 6.46 6.63 2.05 4.10 6.63 8.65 0.00 7.31 9.80 4.56 0.00 2.29 3.67 0.00 7.06 6.08 4.46 3.55 4334453
3.62 2.99 4.79 3.51 4.54 4.89 3.07 2.84 2.62 3.07 5.06 6.08 5.54 5.65 6.18 6.27 2.11 3.81 6.39 8.68 0.00 7.40 9.88 4.48 0.00 2.28 3.63 0.00 7.09 6.14 3.73 3.96 4347543
3.64 2.96 4.78 3.39 4.55 5.02 3.00 2.86 2.64 3.13 5.21 6.16 5.54 5.55 6.14 6.07 2.18 4.31 6.42 8.91 0.00 7.36 9.88 4.85 0.00 2.31 3.41 0.00 7.06 6.02 3.79 3.60 4360633
3.65 2.96 4.88 3.50 4.46 5.17 3.00 2.86 2.58 3.17 5.23 5.95 5.58 5.42 6.12 5.92 2.08 4.12 7.05 9.03 0.00 7.32 0.00 0.00 0.00 2.24 3.40 0.00 7.21 5.97 3.72 3.46 4373723
3.55 3.41 4.74 3.60 4.41 4.61 3.05 2.78 2.56 3.10 3.20 5.94 5.56 5.42 5.85 5.88 2.11 4.37 6.77 8.82 0.00 7.34 9.86 5.31 0.00 2.31 3.42 0.00 7.03 6.26 3.83 3.57 4386813
3.52 2.95 4.85 0.00 4.50 5.01 3.06 2.85 2.56 3.25 5.14 6.08 5.61 5.27 5.76 6.01 2.11 3.87 6.27 8.98 0.00 7.34 0.00 0.00 0.00 2.31 3.54 0.00 7.04 6.12 3.74 3.64 4399903
3.54 2.98 4.86 3.31 4.44 4.96 3.05 2.88 2.61 3.24 5.29 5.96 5.78 5.31 5.77 5.88 2.11 3.83 6.73 8.94 0.00 0.00 0.00 4.72 0.00 2.27 3.46 0.00 7.18 6.23 3.82 3.56 4412993
3.55 2.95 4.80 3.31 4.35 5.03 3.01 2.78 2.60 3.27 5.19 6.01 5.53 5.35 5.76 5.83 2.08 3.78 6.83 8.88 0.00 7.32 9.98 4.77 0.00 2.31 3.48 0.00 7.12 6.05 3.86 3.49 4426083
3.64 2.97 4.80 3.47 4.40 4.96 3.08 2.87 2.68 2.69 5.10 5.94 5.42 5.21 5.71 5.79 2.03 4.00 6.97 8.88 0.00 7.34 9.95 4.98 0.00 2.46 3.48 0.00 7.05 6.06 3.88 0.00 4439173
3.74 2.95 4.86 3.47 4.27 5.08 3.06 2.85 2.66 3.10 5.05 5.96 5.68 5.16 5.95 5.69 2.11 4.01 6.46 8.93 0.00 7.29 6.33 4.61 0.00 2.73 3.46 0.00 6.95 6.14 3.81 3.53 4452263
3.61 3.11 5.44 0.00 4.47 4.80 2.99 2.72 2.64 3.09 5.23 5.95 5.36 5.33 0.00 5.79 2.21 3.85 6.73 9.47 0.00 7.31 9.89 4.58 0.00 2.16 3.46 0.00 6.96 6.16 3.85 3.59 4465353
3.80 3.10 4.91 3.48 4.22 4.86 3.04 2.88 2.63 3.08 5.20 0.00 5.47 4.91 5.67 5.77 2.16 3.97 6.38 8.77 0.00 7.29 9.83 0.00 0.00 2.26 3.45 0.00 6.97 6.03 3.80 3.58 4478443
3.51 2.98 5.20 3.51 4.36 4.88 3.03 2.79 2.62 3.15 5.14 6.13 5.43 5.21 5.69 5.83 2.02 3.88 6.73 0.00 0.00 7.28 9.97 4.95 0.00 2.21 3.48 0.00 6.92 6.09 3.84 3.51 4491533
3.57 2.99 4.75 2.69 4.15 4.86 3.11 2.85 2.64 3.06 5.47 6.00 5.25 5.35 5.69 5.88 2.04 3.84 6.87 8.87 0.00 7.29 0.00 4.92 0.00 2.64 3.46 0.00 7.02 6.01 4.34 3.68 4504623
3.51 3.03 4.78 2.68 4.26 4.67 3.09 2.78 2.61 3.03 5.09 6.12 5.39 5.06 5.53 5.81 2.03 3.83 6.40 8.87 0.00 7.29 0.00 0.00 0.00 2.32 3.44 0.00 0.00 6.24 3.86 3.44 4517713
3.55 3.01 4.77 2.73 4.43 4.75 3.05 2.76 2.60 3.08 5.10 6.06 5.52 5.03 5.58 5.81 2.09 3.87 6.86 0.00 0.00 7.30 0.00 5.46 0.00 2.05 3.47 0.00 7.01 6.39 3.83 4.01 4530803
3.64 3.01 4.82 3.50 4.56 4.77 3.01 2.82 2.58 3.25 5.19 6.09 5.20 5.05 5.56 5.80 2.04 3.84 6.71 8.61 0.00 7.28 10.00 0.00 0.00 2.46 3.42 0.00 7.03 6.10 3.85 3.54 4543894
3.55 3.03 4.74 3.53 4.43 4.82 3.03 2.77 2.72 3.13 5.15 6.09 0.00 4.93 6.32 5.79 2.04 3.80 6.39 8.93 0.00 7.31 9.98 0.00 0.00 2.17 3.44 0.00 7.05 6.01 3.83 4.26 4556983
3.59 3.03 4.82 3.42 4.46 4.85 3.07 2.74 2.59 3.19 5.17 6.21 5.40 4.94 5.54 5.76 2.06 3.87 6.88 9.20 0.00 7.29 0.00 5.63 0.00 0.00 3.70 0.00 7.18 6.01 3.83 0.00 4570073
0.00 2.99 4.83 3.53 4.42 4.83 3.08 2.82 2.60 3.08 5.25 6.10 5.40 4.86 5.71 5.80 2.03 3.81 6.80 8.71 0.00 7.32 0.00 4.49 0.00 0.00 3.70 0.00 7.08 6.16 3.83 3.52 4583163
3.57 2.99 5.07 3.49 4.39 4.80 3.01 2.85 2.77 3.21 5.32 6.13 5.14 4.93 5.61 5.81 2.05 3.94 0.00 8.88 0.00 7.30 0.00 0.00 0.00 0.00 3.70 0.00 7.07 6.17 3.87 3.58 4596253
3.58 3.04 4.78 3.48 4.40 4.93 3.13 2.83 3.27 3.09 5.20 6.22 5.48 4.78 5.54 5.85 2.06 3.84 6.84 8.74 0.00 7.31 9.85 0.00 0.00 2.62 3.68 0.00 7.06 6.03 3.90 3.57 4609343
3.59 2.98 4.79 3.47 4.50 4.82 3.26 2.80 2.65 3.13 5.29 6.07 5.14 4.94 5.64 5.80 2.06 3.96 7.21 8.50 0.00 7.30 0.00 4.49 0.00 2.27 3.65 0.00 7.03 6.04 3.81 3.48 4622433
3.56 3.03 4.77 3.48 4.47 4.85 3.05 2.73 2.59 3.14 5.21 6.09 5.55 4.85 5.54 6.11 2.06 3.78 6.94 8.70 0.00 7.31 0.00 4.43 0.00 2.12 3.57 0.00 7.13 5.99 3.84 3.50 4635523
3.56 2.98 4.83 3.46 4.34 4.84 3.40 2.68 2.64 3.11 5.49 6.13 5.37 4.94 5.57 5.90 2.02 3.97 7.03 8.88 0.00 7.30 0.00 4.55 0.00 2.10 3.65 0.00 7.00 6.02 3.89 3.50 4648613
3.56 3.04 4.85 3.37 5.21 4.84 3.06 2.79 2.65 3.12 5.22 6.13 5.31 4.98 5.65 5.97 2.03 3.98 6.56 8.96 0.00 7.35 0.00 0.00 0.00 0.00 3.62 0.00 7.01 6.09 3.87 3.52 4661703
3.58 3.67 4.85 3.49 4.47 4.83 3.00 2.80 2.60 3.16 5.19 6.09 5.35 4.85 5.60 6.04 2.16 4.14 6.47 9.66 0.00 7.41 0.00 0.00 0.00 2.01 3.55 0.00 7.06 5.94 3.83 3.49 4674793
3.56 3.08 5.69 3.49 4.41 4.78 3.10 2.92 2.63 3.12 5.08 6.09 5.15 5.01 5.72 5.87 2.28 4.15 6.79 8.85 0.00 7.40 0.00 0.00 0.00 0.00 3.47 0.00 6.98 6.11 3.90 3.54 4687883
3.66 2.98 4.86 3.39 4.08 4.98 3.05 2.73 2.63 3.15 5.31 6.07 5.37 4.80 5.55 5.87 2.08 3.79 6.86 8.97 0.00 7.98 0.00 4.49 0.00 2.16 3.51 0.00 7.10 6.04 3.90 3.69 4700973
3.62 3.01 4.83 3.50 4.13 4.82 3.03 2.96 2.59 3.23 5.29 6.10 5.17 4.81 5.52 5.97 2.10 4.02 6.53 8.83 0.00 7.41 0.00 4.56 0.00 2.71 3.44 0.00 6.99 5.90 3.88 3.61 4714063
3.62 2.98 4.82 3.48 4.05 4.84 3.05 2.70 2.62 3.10 5.25 6.17 5.22 4.85 5.70 5.85 2.09 4.27 7.14 8.76 0.00 0.00 0.00 4.20 0.00 2.03 3.45 0.00 7.07 5.97 3.85 3.49 4727153
0.00 3.00 5.02 3.50 4.13 4.84 3.05 2.72 2.62 3.17 5.19 6.19 5.87 4.89 5.56 5.88 2.12 3.87 6.89 8.71 0.00 0.00 9.90 4.59 0.00 2.04 3.46 0.00 6.96 5.88 3.94 3.53 4740243
3.60 2.97 4.86 3.49 4.07 4.83 3.05 2.70 2.61 3.15 5.28 6.28 5.20 4.76 5.50 5.97 2.09 4.08 6.78 8.80 0.00 0.00 9.94 4.57 0.00 0.00 3.42 0.00 7.13 6.05 3.84 3.46 4753333
3.72 2.98 4.85 3.51 4.26 4.81 3.14 2.65 2.64 3.12 5.14 6.17 5.56 4.70 6.26 5.94 2.12 3.77 6.75 8.64 0.00 0.00 9.99 5.14 0.00 2.01 3.45 0.00 7.03 6.25 3.84 3.50 4766423
3.64 2.99 4.83 3.50 4.13 4.82 3.04 2.74 2.60 3.12 5.11 6.19 5.51 4.69 6.32 5.87 2.05 3.97 6.76 9.10 0.00 0.00 9.92 0.00 0.00 0.00 3.45 0.00 6.98 6.70 3.93 4.14 4779513
3.70 2.96 5.16 3.50 4.10 4.80 3.14 2.68 2.58 3.10 5.32 6.20 5.99 4.80 5.70 6.00 2.06 3.79 6.74 8.83 0.00 7.40 9.89 0.00 0.00 0.00 3.45 0.00 6.93 6.07 3.94 3.48 4792603
3.62 2.98 5.05 3.49 4.16 4.81 3.08 2.67 2.62 3.15 5.20 6.17 5.81 5.09 5.60 5.95 2.03 4.01 7.44 0.00 0.00 0.00 9.87 0.00 0.00 2.79 3.47 0.00 6.92 5.92 3.90 3.48 4805693
3.66 3.00 4.79 0.00 4.01 4.81 3.08 2.66 2.66 3.11 5.12 6.20 5.32 4.72 5.56 5.90 2.03 3.97 7.76 9.09 0.00 7.33 9.90 5.63 0.00 2.78 3.44 0.00 6.94 5.97 3.83 3.51 4818783
3.56 2.98 4.84 3.52 4.01 4.81 3.08 2.83 2.61 3.24 5.17 6.18 5.10 4.86 5.90 5.95 2.03 3.82 0.00 0.00 0.00 7.33 9.87 5.49 0.00 0.00 3.44 0.00 7.02 5.98 3.83 3.62 4831873
3.58 2.99 4.85 3.52 4.12 4.80 3.05 2.69 2.61 3.13 5.44 6.19 5.34 4.98 5.57 5.87 2.05 3.86 6.74 0.00 0.00 0.00 9.87 5.67 0.00 2.04 3.44 0.00 7.00 5.95 3.86 3.45 4844963
3.58 2.96 4.89 3.50 4.10 4.80 3.08 2.77 2.62 3.14 5.21 6.19 5.08 4.80 5.87 5.87 2.05 3.82 6.88 9.09 0.00 0.00 9.88 5.57 0.00 2.17 3.47 0.00 6.94 5.89 3.86 3.43 4858053
3.78 2.97 4.83 3.51 3.95 4.79 3.05 2.75 2.71 3.13 5.38 0.00 5.06 4.81 5.69 5.86 2.10 3.89 6.78 9.07 0.00 0.00 9.93 4.56 0.00 0.00 3.47 0.00 6.94 6.10 3.93 3.42 4871143
4.23 2.97 5.14 3.50 4.07 4.80 3.05 2.68 2.62 3.13 5.25 0.00 5.18 4.79 5.76 5.87 2.10 4.04 7.15 8.71 0.00 0.00 9.91 5.44 0.00 0.00 3.47 0.00 0.00 5.99 3.91 3.48 4884233
3.58 2.97 4.89 3.48 4.06 4.81 3.05 2.66 2.66 3.13 5.20 6.22 4.90 4.83 5.68 5.88 2.10 3.83 6.78 9.00 0.00 7.64 9.88 0.00 0.00 2.24 3.47 0.00 7.26 5.97 3.84 3.42 4897323
3.63 2.98 4.93 3.51 4.12 4.78 3.06 2.77 2.65 3.14 5.23 6.20 5.06 4.77 5.67 5.88 2.16 3.79 7.02 8.94 0.00 7.33 9.91 0.00 0.00 0.00 3.48 0.00 6.94 5.87 3.92 3.44 4910413
3.59 2.99 4.77 3.51 4.21 4.78 3.06 2.59 2.60 3.29 5.23 6.18 5.08 4.75 5.92 5.87 2.15 3.77 6.91 0.00 0.00 7.32 0.00 4.52 0.00 0.00 3.48 0.00 6.96 5.88 4.13 3.46 4923503
3.59 2.98 4.78 3.51 4.25 4.80 3.05 3.22 2.58 3.11 5.22 6.21 5.09 4.89 0.00 5.87 2.16 3.78 6.97 0.00 0.00 7.87 0.00 4.54 0.00 0.00 3.47 0.00 7.08 5.88 3.86 3.66 4936593
4.38 2.97 4.80 3.51 4.28 4.79 3.05 2.91 2.60 3.28 5.22 0.00 5.12 4.90 5.65 5.87 2.16 3.84 6.60 8.90 0.00 7.34 0.00 4.52 0.00 0.00 3.48 0.00 6.93 5.92 3.87 4.11 4949683
3.95 2.98 4.80 3.49 4.28 4.78 3.06 2.68 2.60 3.28 5.20 0.00 5.10 4.83 5.70 5.88 2.15 3.92 6.64 0.00 0.00 7.34 0.00 4.47 0.00 0.00 3.48 0.00 6.95 5.88 3.87 3.47 4962773
3.58 2.98 4.77 3.34 4.32 4.80 3.06 2.83 2.60 3.13 5.25 0.00 5.13 4.71 5.59 5.86 2.15 3.79 6.60 8.70 0.00 7.32 0.00 4.52 0.00 0.00 3.48 0.00 6.96 5.92 3.87 3.44 4975863
3.61 2.97 4.90 3.42 4.33 4.79 3.05 2.72 2.60 3.17 5.26 6.23 5.12 4.75 5.58 5.89 2.15 4.12 7.15 8.87 0.00 0.00 0.00 4.48 0.00 0.00 3.48 0.00 6.96 5.95 3.92 3.40 4988953
3.61 2.97 4.79 3.37 4.34 4.80 3.05 2.79 2.59 3.19 5.22 6.84 5.16 4.70 0.00 5.89 2.15 4.31 6.72 8.92 0.00 7.58 9.93 4.53 0.00 0.00 3.50 0.00 6.95 5.96 3.88 3.47 5002043
3.59 2.98 4.80 3.30 4.34 4.79 3.06 2.64 2.75 3.17 5.22 6.08 5.17 4.85 5.57 5.88 2.16 4.48 6.78 8.68 0.00 0.00 9.98 4.52 0.00 2.66 3.51 0.00 6.94 6.05 3.96 3.49 5015133
3.59 2.97 4.78 3.39 4.36 4.79 3.04 2.88 2.75 3.14 5.12 6.07 5.19 4.84 5.59 5.86 2.16 4.00 7.24 8.57 0.00 0.00 9.95 4.53 0.00 2.12 3.50 0.00 6.94 6.33 3.93 3.42 5028223
0.00 2.98 5.07 3.28 4.33 4.80 3.04 2.84 2.59 3.13 5.19 6.37 5.25 4.95 5.58 5.89 2.14 4.01 7.34 0.00 0.00 7.65 9.95 4.50 0.00 2.65 3.51 0.00 6.94 6.01 4.09 3.52 5041313
3.69 2.98 5.06 3.49 4.23 4.78 3.04 2.76 2.60 3.14 5.24 6.77 5.22 4.78 5.58 5.89 2.15 4.34 6.68 8.68 0.00 7.65 9.94 4.53 0.00 2.64 3.50 0.00 6.94 5.92 4.08 3.47 5054403
3.69 2.99 5.10 3.49 4.39 4.79 3.05 2.73 2.61 3.14 5.26 6.24 5.18 4.79 5.57 5.87 2.15 4.23 6.88 0.00 0.00 0.00 9.94 4.50 0.00 0.00 3.60 0.00 0.00 5.90 3.92 3.55 5067493
3.69 2.99 5.06 3.50 4.37 4.80 3.05 2.75 2.60 3.13 5.25 6.09 5.19 4.86 5.58 5.87 2.14 4.20 7.34 8.66 0.00 0.00 0.00 4.50 0.00 2.11 3.48 0.00 6.97 6.16 3.87 3.48 5080583
0.00 2.99 5.07 3.49 4.39 4.80 3.04 2.78 2.60 3.14 5.24 6.10 5.12 4.87 5.57 5.88 2.13 4.22 6.98 0.00 0.00 0.00 9.99 4.49 0.00 2.09 3.48 0.00 6.96 5.96 3.90 3.50 5093673
3.83 2.99 5.05 3.49 4.22 4.80 3.05 2.79 2.62 3.13 5.25 6.76 5.18 4.87 5.58 5.86 2.12 4.21 7.26 0.00 0.00 0.00 9.95 4.49 0.00 2.03 3.47 0.00 6.96 5.96 3.95 3.50 5106763
3.89 2.97 5.05 3.50 4.20 4.80 3.05 2.82 2.59 3.14 5.25 6.78 5.09 4.87 5.58 5.86 2.12 4.22 7.00 0.00 0.00 7.98 9.95 4.48 0.00 2.03 3.47 0.00 6.95 5.96 3.89 3.50 5119853
4.39 2.98 5.06 3.49 4.21 4.79 3.05 2.82 2.61 3.13 5.25 6.77 5.10 4.88 5.58 5.87 2.12 4.18 6.99 0.00 0.00 7.96 9.96 4.47 0.00 2.02 3.47 0.00 6.95 5.96 3.92 3.49 5132943
4.36 2.98 5.04 3.49 4.18 4.80 3.05 2.83 2.60 3.13 5.25 6.46 5.04 4.88 5.58 5.87 2.12 4.18 7.13 0.00 0.00 0.00 9.97 4.51 0.00 2.01 3.46 0.00 6.95 5.96 3.92 3.50 5146033
4.37 2.98 5.06 3.49 4.20 4.80 3.04 2.84 2.60 3.14 5.26 6.46 5.04 4.88 5.57 5.87 2.11 4.19 7.22 0.00 0.00 7.96 9.97 4.51 0.00 2.02 3.43 0.00 6.96 5.96 3.91 3.50 5159123
0.00 2.99 5.05 3.48 4.37 4.80 3.05 2.86 2.60 3.13 5.25 6.45 5.04 4.89 5.59 5.86 2.12 4.19 7.27 8.96 0.00 0.00 0.00 4.50 0.00 2.02 3.42 0.00 6.95 5.96 3.91 3.61 5172213
4.37 2.98 5.06 3.43 4.37 4.80 3.06 2.83 2.60 3.13 5.25 6.47 5.05 4.88 5.58 5.87 2.11 4.19 7.24 8.74 0.00 7.67 0.00 4.50 0.00 0.00 3.44 0.00 6.95 5.96 3.93 3.60 5185303
4.38 2.98 5.05 3.41 4.36 4.80 3.04 2.83 2.62 3.13 5.25 6.46 5.05 4.88 5.59 5.87 2.11 4.17 7.23 8.95 0.00 7.73 0.00 4.51 0.00 0.00 3.42 0.00 6.96 5.96 3.92 3.60 5198393
0.00 2.98 5.05 3.38 4.35 4.81 3.05 2.83 2.60 3.14 5.24 6.47 5.05 4.89 5.58 5.87 2.09 4.17 6.94 0.00 0.00 7.65 0.00 4.50 0.00 2.01 3.45 0.00 6.95 5.94 3.92 3.59 5211483
0.00 2.98 5.06 3.35 4.36 4.80 3.05 2.82 2.62 3.14 5.26 6.47 5.06 4.87 5.58 5.88 2.09 4.17 6.94 8.98 0.00 7.66 0.00 4.49 0.00 2.01 3.44 0.00 6.95 5.95 3.93 3.58 5224573
4.36 2.99 5.05 3.34 4.34 4.80 3.05 2.83 2.60 3.14 5.24 6.47 5.06 4.88 5.58 5.88 2.09 4.16 6.97 8.66 0.00 7.66 0.00 4.50 0.00 2.00 3.44 0.00 6.95 5.96 3.94 3.59 5237663
0.00 2.98 5.06 3.51 4.35 4.80 3.05 2.82 2.60 3.14 5.25 6.48 5.06 4.88 5.58 5.88 2.08 4.17 6.96 8.51 0.00 7.64 0.00 4.50 0.00 2.01 3.47 0.00 6.94 5.96 3.95 3.54 5250753
0.00 2.98 5.06 3.53 4.33 4.80 3.06 2.83 2.62 3.13 5.25 6.47 5.05 4.88 5.59 5.88 2.07 4.15 6.93 9.50 0.00 7.65 0.00 4.49 0.00 0.00 3.47 0.00 6.95 5.96 3.94 3.55 5263843
0.00 2.98 5.07 3.54 4.35 4.80 3.04 2.82 2.61 3.13 5.26 6.48 5.06 4.88 5.58 5.88 2.08 4.15 6.95 9.25 0.00 7.65 0.00 4.50 0.00 2.01 3.47 0.00 6.94 5.96 3.95 3.57 5276933
4.39 2.99 5.07 3.54 4.36 4.80 3.06 2.83 2.62 3.12 5.26 6.47 5.07 4.88 5.59 5.88 2.06 4.14 6.90 8.66 0.00 7.66 0.00 4.48 0.00 2.01 3.47 0.00 6.95 5.95 3.95 3.52 5290023
0.00 2.98 5.07 3.54 4.36 4.81 3.04 2.83 2.62 3.12 5.25 6.49 5.07 4.87 5.59 5.88 2.05 4.14 6.92 8.85 0.00 7.67 0.00 4.49 0.00 2.01 3.46 0.00 6.96 5.95 3.95 3.53 5303113
3.84 2.99 5.08 3.28 4.36 4.80 3.04 2.82 2.62 3.13 5.26 6.50 5.07 4.87 5.58 5.88 2.06 4.15 6.94 9.49 0.00 7.66 0.00 4.48 0.00 2.01 3.46 0.00 6.95 5.95 3.96 3.55 5316203
3.82 2.99 5.08 3.30 4.37 4.81 3.05 2.82 2.62 3.13 5.25 6.49 5.07 4.88 5.59 5.88 2.06 4.14 7.09 9.13 0.00 7.66 0.00 4.47 0.00 2.01 3.46 0.00 6.94 5.95 3.95 3.55 5329293
3.83 2.98 5.08 3.31 4.38 4.81 3.05 2.81 2.62 3.12 5.26 6.49 5.09 4.87 5.58 5.87 2.05 4.14 7.09 8.75 0.00 7.66 0.00 4.49 0.00 2.00 3.42 0.00 6.95 5.94 3.95 3.55 5342383