5.46 3.03 0.00 2.96 2.60 2.67 0.00 2.97 0.00 7.73 7.95 0.00 5.74 5.60 6.27 6.32 2.05 4.29 7.14 0.00 6.44 7.09 0.00 5.36 0.00 2.79 3.87 3.94 5.62 6.45 3.47 3.63 2920260
0.00 3.04 0.00 2.97 2.61 2.68 0.00 2.96 0.00 7.73 7.96 0.00 5.59 5.60 6.27 6.30 2.04 4.27 7.15 8.94 6.43 7.09 0.00 5.28 0.00 2.79 3.87 3.95 5.61 6.39 3.47 3.70 2933350
0.00 3.04 0.00 2.99 2.60 2.68 0.00 2.97 0.00 7.73 7.96 0.00 5.57 5.58 6.26 6.30 2.04 4.37 7.14 8.93 6.44 7.09 0.00 5.28 0.00 2.79 3.86 3.95 5.62 6.46 3.47 3.71 2946440
0.00 3.04 0.00 2.99 2.60 2.69 0.00 2.96 0.00 7.87 0.00 0.00 5.57 5.59 6.26 6.32 2.08 4.37 7.13 8.91 6.47 7.08 0.00 5.27 0.00 2.78 3.87 4.07 5.61 6.44 3.47 3.64 2959530
0.00 3.04 0.00 0.00 2.60 2.65 0.00 2.96 0.00 7.87 7.92 7.27 5.57 5.59 6.28 6.30 2.10 4.31 7.12 8.95 6.44 7.09 0.00 5.55 0.00 2.79 3.85 3.74 5.61 6.42 3.46 0.00 2972620
5.10 3.05 0.00 0.00 2.61 2.59 0.00 2.97 0.00 7.83 7.91 7.29 5.58 5.70 6.22 6.30 2.07 3.78 7.12 8.93 6.46 7.08 0.00 5.26 0.00 2.80 3.86 3.73 5.61 6.39 3.47 3.77 2985710
4.97 3.05 0.00 2.96 2.65 2.59 0.00 2.92 0.00 7.88 7.88 7.30 5.59 5.53 6.22 6.29 2.08 3.69 7.14 8.76 6.43 7.08 0.00 5.29 0.00 2.78 3.86 0.00 5.54 6.36 3.50 0.00 2998800
5.12 3.03 0.00 3.01 2.88 2.65 0.00 2.93 0.00 7.85 7.88 7.80 5.72 5.56 0.00 6.33 2.12 3.78 0.00 8.92 6.24 7.06 0.00 0.00 0.00 2.80 3.86 4.16 5.64 6.37 3.47 3.63 3011890
5.01 3.05 0.00 2.95 2.67 2.56 5.24 2.98 0.00 7.87 7.96 7.85 5.75 5.51 6.29 7.08 2.14 3.68 7.13 8.97 0.00 0.00 0.00 0.00 0.00 2.80 3.86 4.21 5.60 6.38 3.57 3.56 3024980
5.22 3.02 0.00 0.00 2.60 2.56 4.14 3.07 0.00 7.86 7.95 7.21 5.50 5.56 6.35 6.34 2.13 3.89 0.00 8.99 0.00 0.00 0.00 0.00 0.00 2.80 3.86 4.51 5.62 6.38 3.50 3.64 3038070
5.13 3.05 0.00 0.00 2.66 2.62 3.87 3.11 0.00 7.72 7.90 7.85 5.67 5.59 6.25 6.36 2.39 3.66 7.05 8.83 6.19 7.24 0.00 5.46 0.00 2.80 3.80 3.88 5.51 6.46 3.48 3.68 3051160
4.94 3.04 0.00 3.25 2.89 2.57 0.00 3.08 0.00 7.67 7.92 7.14 5.48 5.52 6.29 6.37 2.14 3.83 6.65 8.97 0.00 0.00 0.00 5.64 0.00 2.82 3.80 3.90 5.79 6.46 3.43 3.55 3064250
4.96 3.03 0.00 3.19 2.66 2.62 0.00 3.19 5.28 7.74 7.87 7.32 5.35 5.54 6.25 6.32 2.21 4.07 7.08 8.90 6.46 0.00 0.00 5.95 0.00 2.78 3.79 4.45 5.69 0.00 3.46 0.00 3077340
5.88 3.02 0.00 0.00 2.71 2.58 0.00 3.16 0.00 8.24 7.93 7.19 5.24 5.63 6.23 6.32 2.94 3.80 7.42 0.00 0.00 0.00 0.00 0.00 0.00 2.78 3.77 4.71 5.81 6.37 0.00 3.62 3090430
5.13 3.02 5.46 0.00 2.69 2.66 0.00 3.04 0.00 7.81 8.02 7.23 5.58 5.63 6.20 6.38 2.01 3.72 7.02 0.00 0.00 0.00 0.00 0.00 0.00 2.78 3.82 3.84 6.43 6.51 3.49 3.56 3103520
5.16 3.02 0.00 0.00 2.70 2.62 0.00 3.04 5.72 7.71 7.93 7.19 5.36 5.51 6.30 6.33 2.93 3.77 7.15 0.00 0.00 7.21 0.00 0.00 0.00 2.80 3.96 3.78 5.60 6.48 3.46 3.59 3116610
4.95 3.06 0.00 0.00 2.75 2.64 0.00 3.09 0.00 7.76 8.01 7.13 5.36 5.49 6.27 6.40 2.04 3.99 6.88 9.25 6.25 7.22 0.00 0.00 0.00 2.77 3.88 4.01 5.64 6.49 3.49 3.59 3129700
4.97 3.02 0.00 0.00 2.76 2.62 3.78 3.06 0.00 7.73 7.94 0.00 5.32 5.47 6.23 7.09 2.11 0.00 7.56 9.45 0.00 7.18 0.00 0.00 0.00 2.80 3.99 3.80 5.82 6.41 3.52 3.60 3142790
5.28 3.08 0.00 0.00 2.71 2.65 0.00 2.99 5.35 7.76 0.00 0.00 5.34 5.63 6.33 6.39 2.08 3.87 7.04 8.97 6.23 0.00 9.98 0.00 0.00 2.79 3.78 0.00 5.69 0.00 3.56 3.64 3155880
5.21 3.04 0.00 0.00 2.74 2.60 0.00 2.95 5.24 7.79 7.99 0.00 5.25 5.50 6.39 6.37 2.07 3.69 7.12 8.95 6.48 7.19 0.00 0.00 0.00 2.79 3.80 4.36 5.53 6.66 3.58 3.68 3168970
5.22 3.04 0.00 0.00 2.75 2.68 0.00 3.04 5.34 7.71 7.84 0.00 5.51 5.68 6.41 6.47 2.04 3.70 7.11 9.01 0.00 7.19 9.98 0.00 0.00 2.78 3.79 3.93 5.55 6.45 3.67 3.62 3182060
5.68 2.90 0.00 0.00 2.66 2.64 4.63 3.04 0.00 7.87 7.97 0.00 5.52 5.55 6.33 6.39 2.06 3.81 6.96 8.99 6.36 7.21 0.00 0.00 0.00 2.82 3.80 4.21 5.61 6.52 3.93 3.62 3195150
5.21 2.89 0.00 3.13 2.71 2.68 0.00 3.22 5.03 7.69 7.89 7.98 5.16 5.47 6.26 6.41 2.06 3.96 0.00 9.01 6.19 7.17 9.96 0.00 0.00 2.79 3.80 4.11 5.82 6.34 0.00 3.69 3208240
5.21 2.85 0.00 0.00 2.85 2.65 3.92 3.17 0.00 7.65 7.85 0.00 5.21 5.54 6.29 6.34 2.34 3.72 7.23 9.03 6.42 7.21 0.00 0.00 0.00 2.77 3.80 3.98 5.55 6.45 3.51 3.63 3221330
4.94 2.89 0.00 0.00 2.72 2.66 3.30 2.96 0.00 7.74 7.85 7.71 5.41 6.05 6.28 6.38 2.09 3.87 7.41 9.06 6.39 7.28 0.00 0.00 0.00 2.77 3.81 3.99 5.82 6.36 3.49 3.62 3234420
4.95 2.90 0.00 0.00 2.74 2.77 3.63 3.22 0.00 7.82 7.86 7.25 5.37 5.49 6.28 6.45 2.03 3.68 0.00 8.96 6.18 0.00 0.00 0.00 0.00 2.77 3.84 4.08 5.56 0.00 3.50 3.64 3247510
4.93 2.89 0.00 0.00 2.76 2.68 0.00 3.55 0.00 7.64 7.82 7.09 5.62 5.49 6.33 6.38 2.04 3.66 7.54 8.98 6.22 0.00 0.00 0.00 0.00 2.77 3.81 0.00 5.67 6.42 3.74 3.61 3260600
5.22 2.89 0.00 0.00 2.75 2.68 3.70 3.09 0.00 7.82 7.87 7.04 5.72 5.59 6.25 6.42 2.77 3.69 6.75 8.93 0.00 0.00 0.00 5.65 0.00 2.77 3.82 4.01 5.63 6.62 3.56 3.65 3273690
4.95 2.90 0.00 0.00 2.78 2.65 3.68 3.11 0.00 7.70 7.86 7.05 5.56 5.51 6.23 6.34 2.32 3.93 6.82 8.93 6.21 7.10 0.00 5.65 0.00 2.77 3.85 3.80 5.65 6.45 3.46 3.68 3286780
5.05 3.01 0.00 0.00 2.80 2.73 4.44 3.22 0.00 7.84 7.87 7.09 5.34 5.53 6.28 6.36 2.06 3.76 7.34 8.98 6.27 7.12 0.00 5.69 0.00 2.78 3.83 3.78 5.76 6.44 3.51 3.63 3299870
5.01 2.93 0.00 0.00 2.76 2.71 3.69 3.15 0.00 7.81 7.83 7.05 5.50 5.66 6.32 6.35 2.56 3.69 6.98 8.98 0.00 7.10 0.00 0.00 0.00 2.77 3.85 3.78 5.83 6.41 3.52 3.62 3312960
5.07 2.89 0.00 0.00 2.76 2.64 3.79 2.96 0.00 7.79 7.90 7.07 5.37 5.47 6.24 6.37 2.04 0.00 6.96 8.93 0.00 7.25 0.00 0.00 0.00 2.76 3.91 3.77 5.63 6.42 3.55 3.77 3326050
5.18 2.92 0.00 0.00 2.78 0.00 4.17 3.04 0.00 7.77 7.87 7.10 5.23 5.50 6.41 6.36 2.05 3.70 6.97 8.95 6.21 7.08 0.00 0.00 0.00 2.77 3.89 3.77 5.61 6.43 3.52 3.61 3339140
5.04 3.00 0.00 0.00 2.84 2.64 3.90 3.13 0.00 7.80 7.92 7.12 5.35 5.48 6.23 6.39 2.04 3.81 6.65 8.99 6.21 7.15 0.00 0.00 0.00 2.78 3.95 3.78 5.80 6.46 3.65 3.62 3352230
5.03 2.92 0.00 0.00 2.77 2.66 4.05 2.99 0.00 7.77 7.84 0.00 5.20 5.50 6.31 6.48 2.04 3.89 6.68 8.96 6.38 0.00 0.00 0.00 0.00 2.77 3.97 3.97 5.82 6.52 3.52 3.63 3365320
0.00 2.95 0.00 0.00 2.80 2.69 3.88 2.95 0.00 7.73 7.94 7.05 5.26 5.45 6.25 6.53 2.07 3.80 7.52 8.96 6.25 7.09 0.00 0.00 0.00 2.78 3.96 3.74 5.67 6.50 3.52 3.62 3378410
5.22 2.93 0.00 0.00 2.86 2.66 3.66 3.05 5.26 7.73 7.79 7.21 5.14 5.48 6.34 6.45 2.08 3.77 7.05 9.05 6.24 7.11 0.00 0.00 0.00 2.77 3.96 3.86 5.60 6.46 3.52 3.61 3391500
5.27 2.92 0.00 0.00 2.83 2.66 0.00 3.11 0.00 7.80 7.80 7.07 5.18 5.45 6.29 6.42 2.04 3.78 6.83 8.98 6.19 7.08 0.00 0.00 0.00 2.77 3.95 3.92 5.68 6.46 3.55 3.60 3404590
0.00 2.95 0.00 0.00 2.82 2.68 0.00 3.23 0.00 7.71 7.80 0.00 5.02 5.64 6.30 6.42 2.04 3.97 0.00 8.88 6.46 7.33 0.00 0.00 0.00 2.76 3.87 3.89 5.67 6.37 3.53 3.63 3417680
4.99 2.94 0.00 0.00 2.77 2.66 3.92 3.14 0.00 7.75 7.91 7.04 5.14 5.61 6.34 6.39 2.05 3.68 7.24 9.00 0.00 7.18 0.00 0.00 0.00 2.76 3.88 4.03 5.61 6.55 3.55 3.63 3430770
5.54 3.01 0.00 0.00 2.80 2.69 0.00 3.41 0.00 7.77 7.87 0.00 5.57 5.51 6.41 0.00 2.04 4.31 7.11 8.86 6.34 7.16 9.95 4.52 0.00 2.77 3.94 4.02 5.58 0.00 3.54 3.65 3443860
4.98 3.04 0.00 0.00 2.81 2.67 0.00 2.99 0.00 7.77 7.83 0.00 5.26 5.71 6.31 6.52 2.05 3.67 7.29 8.83 6.38 7.16 0.00 0.00 0.00 2.77 3.97 4.46 5.59 6.39 3.53 3.61 3456950
5.00 3.03 0.00 0.00 2.81 2.80 3.60 3.28 0.00 7.74 7.95 7.10 5.63 5.57 6.36 6.40 2.05 3.63 7.24 8.75 6.36 7.09 9.99 5.46 0.00 2.76 3.97 4.04 5.59 6.75 3.55 3.71 3470040
5.05 3.01 0.00 0.00 2.85 2.66 0.00 3.00 0.00 7.72 7.90 0.00 5.44 5.56 6.31 6.48 2.04 3.70 0.00 8.95 6.40 7.10 0.00 0.00 0.00 2.78 3.99 0.00 5.74 6.47 3.54 3.61 3483130
5.20 3.01 0.00 0.00 2.84 2.67 0.00 3.14 0.00 7.75 7.88 7.08 5.21 5.47 6.27 6.37 2.84 3.73 7.20 9.00 6.34 7.11 0.00 0.00 0.00 2.78 3.98 3.85 5.61 0.00 3.55 3.60 3496220
5.05 3.02 0.00 0.00 2.80 2.65 0.00 2.98 0.00 7.76 7.88 7.28 5.23 5.47 6.29 6.48 2.04 3.76 7.13 8.84 6.38 7.15 0.00 5.47 0.00 2.77 3.96 3.66 5.63 6.37 3.50 4.41 3509310
5.35 3.03 0.00 0.00 2.90 2.67 4.07 3.00 5.27 7.75 7.98 7.19 5.27 5.45 6.37 6.39 2.44 3.69 7.11 8.88 0.00 7.16 0.00 5.49 0.00 2.77 3.97 3.60 5.62 7.01 3.56 3.63 3522400
5.08 3.03 0.00 0.00 2.85 2.69 4.02 3.13 0.00 7.79 7.96 7.10 5.15 5.50 6.35 6.40 3.07 3.72 0.00 8.85 0.00 7.18 0.00 5.51 0.00 2.77 3.97 3.89 5.60 0.00 3.54 0.00 3535490
5.02 3.04 0.00 0.00 2.86 2.68 0.00 3.18 5.26 7.76 8.02 7.12 5.00 5.61 6.26 6.32 2.97 3.82 0.00 8.75 6.39 7.15 9.88 0.00 0.00 2.76 3.91 3.65 6.28 6.49 3.57 3.70 3548580
5.25 3.06 0.00 0.00 3.02 2.70 0.00 3.22 0.00 7.14 7.94 7.13 5.07 5.49 6.32 6.43 2.84 3.88 6.93 8.83 6.43 7.36 0.00 5.25 0.00 2.79 3.94 4.23 5.65 0.00 3.56 3.86 3561670
5.14 2.98 0.00 0.00 2.89 2.71 3.98 3.18 0.00 7.72 7.88 7.24 5.03 5.61 6.33 6.38 2.03 3.68 0.00 8.84 0.00 7.14 0.00 5.44 0.00 2.75 3.96 3.66 5.57 6.40 4.26 0.00 3574760
5.19 2.93 0.00 0.00 2.87 2.80 0.00 3.05 0.00 7.76 7.90 7.56 4.93 5.48 6.47 6.40 2.33 4.14 7.41 8.98 6.44 0.00 0.00 5.44 0.00 2.77 3.80 3.67 6.11 6.41 3.49 0.00 3587850
5.09 2.99 0.00 0.00 2.88 2.76 3.99 3.25 0.00 7.76 8.00 0.00 5.13 5.53 6.32 6.48 2.09 3.72 6.82 9.04 0.00 7.17 0.00 0.00 0.00 2.76 3.94 3.70 5.66 6.36 3.52 0.00 3600940
5.05 2.98 0.00 0.00 2.92 2.70 4.04 3.20 0.00 7.75 7.89 7.19 5.19 5.60 6.32 6.43 2.11 4.00 7.08 0.00 0.00 7.17 0.00 5.31 0.00 2.77 3.80 0.00 5.61 6.41 3.43 3.69 3614030
5.03 3.01 0.00 0.00 2.85 2.76 3.99 3.32 0.00 7.79 8.35 7.82 5.31 5.52 6.33 6.46 2.12 3.68 6.96 9.37 0.00 0.00 9.91 0.00 0.00 2.77 3.82 3.74 5.64 6.41 3.62 0.00 3627120
5.50 2.99 0.00 0.00 2.93 2.70 3.60 3.15 0.00 8.00 7.89 7.30 4.94 5.52 6.30 6.38 2.18 3.64 7.17 0.00 0.00 7.16 0.00 0.00 0.00 2.78 3.80 3.77 5.68 6.41 3.49 3.72 3640210
5.24 2.99 0.00 0.00 2.87 2.80 3.59 3.13 0.00 7.74 7.89 7.27 4.81 5.44 6.34 6.37 2.09 4.00 6.75 8.91 0.00 0.00 0.00 5.61 0.00 2.78 3.79 3.97 5.84 6.40 3.42 3.66 3653300
4.97 2.96 0.00 0.00 2.83 2.77 3.79 3.43 0.00 7.77 7.93 7.07 5.03 5.60 6.28 6.37 2.06 3.68 6.81 9.29 0.00 7.12 0.00 0.00 0.00 2.77 3.80 3.98 5.65 6.57 3.45 3.65 3666390
5.66 2.96 0.00 0.00 2.85 2.77 0.00 3.30 0.00 7.81 7.89 7.19 4.95 5.63 6.40 6.37 2.57 3.63 6.70 8.78 0.00 0.00 0.00 0.00 0.00 2.78 3.80 4.15 5.85 6.42 3.53 3.63 3679480
5.07 2.96 0.00 0.00 2.85 2.73 2.80 3.34 5.23 7.75 7.91 7.17 5.35 5.55 6.31 6.38 2.33 3.91 6.86 9.44 6.39 7.19 0.00 0.00 0.00 2.76 3.81 4.51 5.64 6.45 3.44 3.83 3692570
5.03 3.04 0.00 0.00 2.94 2.73 3.50 3.32 0.00 7.63 7.97 7.08 5.27 5.52 6.33 6.46 2.02 4.14 6.78 8.93 0.00 0.00 0.00 0.00 0.00 2.77 3.84 3.76 5.70 6.43 3.46 3.56 3705660
4.95 3.05 0.00 0.00 2.88 2.75 3.06 3.19 0.00 7.66 7.93 7.19 5.18 5.49 6.34 6.43 2.02 3.80 7.05 8.98 0.00 0.00 0.00 0.00 0.00 3.32 3.84 3.71 5.68 6.41 3.45 3.67 3718750
5.08 2.99 5.20 0.00 2.90 2.76 3.74 3.31 3.54 4.92 7.97 0.00 4.79 5.55 6.26 6.55 3.18 3.64 6.96 8.87 6.44 7.15 0.00 0.00 0.00 2.84 3.83 3.98 5.64 6.40 3.39 3.59 3731840
5.25 3.03 0.00 0.00 2.90 2.82 3.48 3.37 5.25 7.76 8.64 7.18 4.85 5.50 6.30 6.45 2.06 3.65 6.17 9.04 6.19 7.31 0.00 5.45 0.00 2.80 3.83 4.16 0.00 6.42 3.56 3.72 3744930
5.19 2.94 5.32 0.00 2.93 2.87 3.05 3.50 4.21 7.42 7.84 7.11 4.65 5.63 6.26 6.32 2.14 3.74 7.11 9.18 0.00 0.00 0.00 4.54 0.00 3.53 3.86 0.00 5.63 6.51 3.43 3.60 3758020
5.25 2.85 5.16 0.00 3.02 2.85 3.00 3.58 0.00 4.92 7.86 7.07 4.65 5.64 6.56 6.40 2.01 3.99 6.43 9.07 6.19 7.39 0.00 5.29 0.00 2.78 4.53 4.06 5.67 6.45 3.48 3.57 3771110
5.33 3.00 5.38 0.00 2.92 2.86 3.06 4.01 5.21 3.74 7.80 7.16 4.82 5.59 6.36 6.36 2.02 3.92 6.87 9.12 6.38 7.53 0.00 5.14 0.00 2.89 4.03 4.51 5.72 6.49 3.36 3.58 3784200
5.12 3.03 5.08 0.00 3.06 2.95 3.21 3.77 5.36 3.90 7.85 7.04 5.33 5.57 6.32 6.44 2.10 3.76 6.39 0.00 6.37 0.00 0.00 0.00 0.00 2.84 3.92 3.77 5.67 6.43 3.36 3.55 3797290
5.44 2.98 5.13 3.04 3.11 2.86 3.06 4.05 3.39 2.84 7.88 7.07 4.73 5.65 6.43 6.47 2.09 3.78 6.53 9.10 6.45 7.23 0.00 4.87 0.00 3.56 3.84 3.77 5.62 6.37 3.44 3.49 3810380
5.40 3.00 5.20 3.39 3.18 3.02 2.69 4.08 2.49 2.88 4.20 7.06 4.57 3.57 6.38 6.63 2.10 3.74 3.68 9.05 6.13 7.31 0.00 4.80 0.00 3.26 4.05 3.89 5.76 6.46 3.45 3.54 3823470
5.30 2.88 4.95 2.70 3.22 3.09 3.03 4.27 5.06 3.18 3.34 6.97 4.59 5.70 6.07 6.49 2.04 4.11 7.16 9.04 5.86 7.53 9.17 4.78 0.00 2.78 3.99 4.06 5.62 6.51 3.39 3.57 3836560
6.02 2.91 4.86 0.00 3.30 3.01 2.86 4.50 3.19 3.32 7.82 4.61 4.65 4.42 6.51 6.49 2.08 4.02 7.06 9.09 6.39 7.78 0.00 5.12 0.00 2.80 3.96 4.11 5.72 6.44 3.39 3.81 3849650
5.42 2.86 5.05 3.01 3.42 3.23 2.41 3.59 3.92 3.31 3.76 4.72 4.69 5.06 6.65 6.55 2.27 3.75 2.59 7.89 6.45 7.41 4.70 4.63 0.00 2.81 4.01 4.48 5.89 6.52 3.35 3.53 3862740
5.20 2.94 5.09 0.00 3.57 3.28 2.68 3.79 2.92 2.47 4.81 5.74 4.63 3.33 6.67 6.60 2.08 3.76 6.75 9.14 0.00 0.00 0.00 3.89 0.00 2.87 3.84 4.57 5.71 6.50 3.34 3.43 3875830
3.15 3.02 4.94 2.84 3.66 3.35 2.86 4.33 2.75 4.96 4.31 4.13 3.59 2.77 7.00 6.64 2.07 2.84 3.27 9.10 2.63 0.00 6.28 5.42 0.00 2.67 3.80 5.05 5.83 6.59 3.43 3.56 3888920
5.83 2.87 5.08 2.46 3.63 2.78 2.92 3.57 2.74 2.92 3.13 5.82 3.20 2.19 6.83 4.70 2.08 3.48 5.69 7.91 5.89 0.00 2.55 5.23 0.00 2.89 3.53 4.44 5.32 6.53 3.23 3.53 3902010
5.43 2.95 4.60 2.87 3.85 2.68 2.72 4.19 2.64 3.49 2.56 6.00 2.21 3.85 4.37 6.84 2.41 3.43 5.33 9.57 2.57 0.00 4.11 3.17 0.00 2.55 3.58 4.40 5.35 4.90 2.47 3.48 3915100
0.00 2.58 2.67 2.28 3.82 3.36 2.82 3.60 2.37 2.38 2.88 2.28 3.77 2.67 3.03 3.75 2.12 3.57 4.10 5.49 3.00 0.00 2.47 2.15 0.00 2.76 3.41 4.85 2.85 5.21 3.31 3.62 3928190
5.37 3.01 2.32 2.36 3.94 3.68 3.19 4.00 2.91 2.89 5.05 5.47 4.63 2.84 7.17 5.65 2.39 3.90 3.95 7.22 4.03 0.00 2.17 4.07 0.00 2.52 3.31 4.54 5.51 4.68 3.44 3.65 3941280
3.08 2.28 5.01 2.46 4.09 2.71 2.90 2.63 2.57 2.57 2.34 4.47 2.24 2.48 7.12 4.09 2.11 3.93 2.80 9.10 3.92 0.00 2.43 4.23 0.00 2.60 3.19 4.52 3.44 2.43 3.45 3.73 3954370
0.00 2.25 4.43 2.60 4.10 2.63 3.00 4.37 2.87 2.81 3.45 4.51 2.19 3.24 6.26 4.52 2.16 3.31 5.60 7.11 2.25 0.00 2.70 2.65 0.00 2.75 3.26 4.99 3.59 3.48 2.93 3.47 3967460
0.00 2.55 4.77 2.60 4.17 3.33 2.66 2.68 2.50 2.75 2.93 5.28 2.85 2.79 7.17 3.81 2.10 2.97 2.52 9.26 3.36 0.00 2.42 4.86 0.00 2.60 2.79 2.24 4.01 4.69 3.53 2.76 3980550
2.79 2.72 2.67 2.52 3.03 2.38 2.14 4.37 2.69 2.28 2.74 4.09 3.82 2.71 3.69 5.18 2.46 3.61 3.26 5.94 2.75 0.00 2.54 2.17 0.00 2.39 3.56 4.44 3.56 3.48 3.30 3.84 3993640
5.30 2.51 4.86 2.43 3.64 2.25 2.92 4.04 2.62 2.41 3.20 4.25 2.40 2.74 7.32 3.13 2.18 3.87 3.64 0.00 3.34 0.00 2.53 2.64 0.00 2.35 2.85 0.00 2.92 5.89 3.47 2.60 4006730
4.86 2.87 4.28 2.42 3.82 3.03 3.14 4.71 2.20 2.86 3.08 4.09 3.04 2.46 3.07 2.62 2.09 3.88 3.39 2.26 3.37 0.00 2.72 3.98 0.00 2.47 3.59 4.94 3.93 4.84 3.86 3.86 4019820
5.00 2.81 4.06 2.23 3.64 3.67 2.59 2.65 3.17 2.62 3.18 4.66 3.90 2.29 6.26 3.65 2.09 3.75 2.11 4.43 5.55 0.00 2.17 2.39 0.00 2.55 3.78 4.78 2.89 2.60 3.37 3.99 4032910
2.35 2.54 4.30 2.26 3.17 2.41 3.22 3.41 2.63 2.76 3.63 3.66 2.84 2.37 2.56 2.56 2.13 4.00 4.78 0.00 2.42 0.00 2.97 2.64 0.00 2.63 3.15 3.49 3.63 2.25 3.43 4.03 4046000
3.43 2.67 3.05 2.29 3.82 2.97 2.77 4.19 2.81 2.77 3.45 3.29 2.51 2.64 0.00 6.24 2.07 3.52 5.93 9.25 2.28 0.00 3.21 3.28 0.00 2.66 3.37 5.04 3.16 5.76 2.47 4.26 4059090
0.00 2.99 4.23 2.17 4.72 3.13 2.63 4.33 2.36 2.28 2.88 3.92 3.74 2.53 2.90 3.86 2.15 3.65 4.01 0.00 2.93 3.99 4.02 3.24 0.00 2.81 2.80 4.66 2.62 3.40 3.69 4.12 4072180
5.46 2.78 3.61 2.37 3.86 3.10 2.80 3.13 2.52 2.43 3.28 3.49 3.47 2.14 7.41 7.14 2.07 2.90 3.24 4.98 3.04 5.45 2.33 3.21 0.00 2.75 3.67 5.00 3.33 3.47 3.95 3.78 4085270
5.18 2.48 4.95 2.84 5.15 4.45 2.88 3.45 2.35 2.37 3.05 4.31 4.29 2.21 7.41 7.79 2.11 4.06 4.69 4.56 2.44 5.29 2.62 4.11 0.00 2.89 3.04 5.17 4.52 2.30 3.89 4.04 4098360
3.54 2.74 4.16 3.11 5.35 3.98 3.09 4.99 2.28 3.12 4.57 4.37 4.18 3.20 6.31 7.00 2.13 3.77 5.61 9.01 3.02 0.00 3.00 2.87 0.00 3.10 3.55 4.45 5.13 5.45 3.56 4.08 4111450
0.00 2.76 4.97 2.27 5.50 3.90 2.84 5.03 2.76 2.46 2.67 4.23 3.13 3.75 4.00 5.94 2.23 3.94 4.93 2.62 4.39 0.00 2.56 2.88 0.00 2.70 3.51 5.15 3.43 4.20 3.56 4.08 4124540
0.00 2.56 4.76 2.40 5.52 2.43 2.94 2.49 2.64 2.74 4.31 4.40 4.62 3.29 6.30 7.14 2.06 3.93 6.90 9.04 4.24 5.46 2.67 2.93 0.00 2.81 3.27 5.01 2.28 2.87 3.17 4.05 4137630
3.49 2.87 4.95 2.35 5.59 4.77 2.82 4.26 2.27 2.51 4.38 4.40 3.72 3.11 6.13 4.23 2.08 3.82 3.17 9.09 3.38 0.00 3.01 3.11 0.00 2.78 2.67 5.20 6.33 6.64 3.94 3.79 4150720
3.86 2.85 3.45 2.49 4.76 2.83 2.89 3.17 3.39 2.57 3.24 4.54 3.36 4.39 3.32 7.05 2.06 3.72 3.78 9.21 2.99 5.22 2.81 2.16 0.00 2.88 3.53 5.04 3.00 6.59 3.60 4.01 4163810
3.53 2.46 4.66 2.61 5.98 5.40 2.41 4.13 2.55 2.41 4.30 4.59 2.98 3.21 2.63 2.31 2.10 3.90 3.44 9.09 4.05 0.00 2.85 2.81 0.00 2.92 3.42 5.13 3.57 6.80 3.70 4.09 4176900
2.40 2.82 4.57 2.58 6.00 2.53 3.27 3.24 2.32 3.29 2.45 4.53 4.83 2.56 4.45 7.10 2.07 3.64 5.38 2.63 4.27 0.00 4.38 2.61 0.00 2.84 3.64 4.87 4.11 4.60 3.91 4.23 4189990
0.00 2.86 4.53 2.51 6.13 2.79 3.19 4.86 3.82 2.86 3.14 4.63 4.91 3.29 3.85 7.08 2.10 3.84 2.71 9.06 4.29 5.40 2.79 2.55 0.00 2.86 3.46 4.99 2.93 6.76 3.39 4.20 4203080
0.00 3.08 4.09 2.27 4.04 3.53 3.28 3.20 2.63 3.27 3.08 4.73 4.54 5.23 7.54 7.10 2.17 3.75 5.27 0.00 3.72 5.39 2.93 2.27 0.00 2.89 3.52 5.19 4.84 6.93 3.90 4.09 4216170
5.59 2.75 4.54 2.68 5.95 3.82 3.04 3.81 3.59 2.13 4.92 4.77 4.89 3.85 7.53 7.29 2.12 3.70 4.26 4.18 4.01 5.20 2.61 0.00 0.00 0.00 3.01 3.91 6.26 6.83 3.96 4.31 4229260
5.52 2.63 4.60 2.31 6.38 5.69 3.16 3.57 2.67 2.84 4.17 4.81 4.77 3.79 6.85 7.15 2.14 3.90 5.96 9.02 3.91 5.44 2.89 4.26 0.00 2.73 3.54 5.15 4.84 6.74 3.26 4.21 4242350
5.41 3.03 4.76 2.76 6.58 5.27 3.13 4.50 3.14 3.03 3.75 3.58 4.63 5.23 7.56 7.13 2.16 3.73 7.17 7.48 3.79 0.00 2.88 2.60 0.00 2.89 3.62 4.93 5.85 6.71 3.98 4.09 4255440
0.00 2.93 4.43 2.58 4.83 5.16 2.37 5.24 3.13 2.80 4.45 4.79 4.86 2.28 7.52 7.28 2.23 3.97 7.16 9.13 2.96 5.68 2.86 0.00 0.00 3.01 3.54 5.14 5.93 6.99 4.00 0.00 4268530
0.00 2.70 4.42 2.62 6.76 2.96 3.25 4.24 3.03 2.61 4.34 4.89 5.12 3.23 7.53 7.31 2.07 3.40 6.62 8.92 4.13 0.00 2.64 2.64 0.00 3.24 3.66 4.99 5.92 6.65 4.00 4.14 4281620
0.00 2.79 4.49 2.29 6.95 5.84 3.37 5.10 3.20 2.86 4.33 4.80 4.81 5.15 7.54 7.18 2.15 3.68 7.08 9.00 4.16 5.80 3.47 3.79 0.00 2.88 3.59 4.90 6.04 6.62 3.96 4.16 4294710
0.00 2.89 4.44 2.79 6.97 7.07 3.12 5.58 3.04 3.31 4.41 4.85 5.17 4.48 7.73 7.43 2.05 3.55 7.01 9.09 2.53 5.45 2.68 4.27 0.00 2.89 3.72 5.05 5.87 6.64 4.07 4.45 4307800
0.00 2.98 4.48 2.70 6.88 7.18 3.09 5.50 3.12 2.64 4.44 4.80 4.94 6.68 8.36 7.40 2.09 3.69 5.69 8.94 4.17 5.42 4.10 4.20 0.00 3.02 4.25 5.02 5.82 6.69 4.08 4.03 4320890
0.00 2.93 4.30 3.09 6.93 7.10 3.51 5.41 3.09 3.34 4.31 5.11 5.35 6.36 7.87 7.42 2.94 3.62 7.32 8.96 4.05 5.64 2.56 5.40 0.00 3.10 3.76 5.09 4.77 6.65 3.99 4.16 4333980
0.00 3.05 4.44 2.78 6.96 6.59 3.22 5.43 2.99 2.43 4.32 4.91 4.78 6.19 7.64 7.57 2.11 3.29 0.00 7.89 3.95 5.56 2.49 3.61 0.00 2.92 3.73 5.43 3.16 6.56 4.00 4.04 4347070
0.00 2.98 4.47 2.75 7.07 7.31 3.25 5.46 3.04 3.53 4.44 4.82 4.64 3.17 7.58 7.28 2.10 3.53 7.10 9.02 4.37 5.49 2.10 5.42 0.00 2.97 3.71 4.63 6.23 6.58 4.26 4.11 4360160
0.00 3.01 4.40 0.00 6.97 6.85 3.34 5.39 2.96 3.38 4.38 4.88 5.12 4.01 7.62 7.51 2.10 3.47 0.00 9.20 4.24 5.77 3.57 4.74 0.00 2.90 3.66 0.00 4.43 6.54 3.97 4.11 4373250
0.00 3.03 4.46 3.14 7.37 7.29 3.41 5.76 3.04 3.24 4.43 4.81 5.72 6.76 7.73 7.21 2.07 3.45 6.98 9.08 4.18 6.09 3.06 4.45 0.00 2.90 3.80 4.84 5.36 6.45 3.91 4.29 4386340
0.00 2.95 4.37 3.10 7.26 7.30 3.40 5.76 2.80 3.50 4.36 4.99 5.27 5.58 7.80 7.45 2.04 3.74 7.19 8.93 4.02 5.60 4.70 5.85 0.00 2.90 3.76 4.70 5.96 6.53 4.04 4.28 4399430
0.00 3.06 4.46 0.00 7.13 7.63 3.38 5.75 2.92 3.32 4.50 5.04 5.71 6.83 7.80 7.20 2.28 3.45 0.00 8.86 4.20 5.69 0.00 4.57 0.00 0.00 3.79 4.68 4.34 6.50 3.98 4.15 4412520
0.00 2.89 4.39 0.00 7.15 7.43 3.16 5.54 2.92 3.60 4.39 4.89 5.13 6.84 7.70 7.27 2.25 3.89 6.83 9.02 4.42 5.57 0.00 4.32 0.00 3.04 3.77 4.55 5.86 6.81 4.02 4.15 4425610
0.00 2.98 4.44 0.00 7.30 7.44 3.27 5.62 2.92 3.60 4.39 4.78 5.21 6.93 8.02 7.64 2.06 3.91 6.88 0.00 4.32 5.57 0.00 4.41 0.00 2.93 3.73 4.35 5.80 6.94 3.98 4.17 4438700
0.00 2.98 4.49 0.00 7.43 7.56 3.39 5.37 2.95 3.60 4.33 4.87 5.19 6.76 7.68 7.18 2.45 3.66 0.00 8.94 4.56 0.00 3.05 4.54 0.00 3.16 3.78 4.49 5.83 6.50 3.97 4.14 4451790
0.00 2.94 4.75 0.00 7.60 7.64 3.15 5.37 3.01 3.59 4.37 5.00 5.56 6.61 7.80 7.24 2.03 3.89 0.00 9.09 4.34 0.00 0.00 4.52 0.00 3.16 4.05 4.64 5.97 6.46 3.93 4.16 4464880
0.00 2.88 4.55 0.00 7.61 7.62 3.30 5.32 2.96 3.53 4.34 4.87 4.96 6.01 7.71 7.35 2.05 3.69 7.51 0.00 4.26 5.71 0.00 4.93 0.00 2.91 3.82 4.46 5.73 6.45 3.92 4.26 4477970
0.00 2.92 4.44 2.96 7.89 7.58 3.40 5.58 2.94 2.55 4.35 4.98 5.26 6.78 7.69 7.41 2.13 3.60 0.00 0.00 4.18 5.69 0.00 5.45 0.00 3.14 3.95 4.51 5.16 6.52 4.64 4.72 4491060
0.00 2.95 4.40 2.83 7.48 7.70 3.41 5.52 2.95 3.49 4.43 5.04 5.08 6.61 7.67 7.50 2.03 3.55 0.00 8.95 4.33 0.00 0.00 4.92 0.00 2.94 3.91 4.43 5.82 6.50 4.53 4.14 4504150
0.00 3.02 4.51 0.00 7.59 7.86 3.38 5.57 3.12 3.48 4.32 5.01 5.04 5.99 7.72 7.62 2.21 3.62 7.68 8.92 4.46 5.82 0.00 4.72 0.00 2.94 3.93 4.55 6.05 6.48 4.02 4.13 4517240
0.00 2.93 4.46 3.25 7.52 7.79 3.87 5.70 2.98 3.10 4.33 4.98 5.09 6.85 7.67 7.39 2.22 3.71 0.00 8.93 4.53 6.32 0.00 4.49 0.00 2.95 3.99 4.47 5.93 6.57 4.00 4.20 4530330
0.00 2.98 4.58 0.00 8.05 7.82 4.17 5.70 2.97 3.34 4.33 4.95 0.00 6.73 7.74 7.28 2.08 3.33 0.00 8.99 4.54 6.10 0.00 0.00 0.00 2.90 3.97 4.61 5.40 6.72 4.10 4.17 4543420
0.00 2.86 4.38 0.00 7.49 7.82 3.46 5.63 2.90 3.32 4.53 5.02 4.91 6.66 7.73 7.34 2.05 3.55 7.19 8.97 4.28 6.45 0.00 5.28 0.00 3.00 4.00 4.38 5.82 6.56 4.02 4.15 4556510
0.00 2.96 4.48 0.00 7.91 7.74 3.57 5.53 2.96 2.99 4.39 5.01 5.05 6.57 7.89 7.54 2.16 3.53 0.00 8.99 4.34 0.00 0.00 4.29 0.00 2.95 4.03 4.63 5.81 6.47 4.22 0.00 4569600
0.00 3.01 4.46 2.80 7.94 7.94 3.26 5.96 2.93 2.94 4.42 5.21 5.08 6.70 7.78 7.37 2.03 3.39 6.99 0.00 4.24 5.95 0.00 3.95 0.00 2.99 3.85 4.31 6.20 6.59 4.12 4.33 4582690
0.00 2.97 4.57 0.00 7.70 7.97 3.34 6.23 3.03 2.45 4.48 5.15 5.09 6.73 7.78 7.50 2.05 3.56 0.00 8.97 4.30 6.05 0.00 4.36 0.00 3.04 3.91 4.88 5.77 6.78 4.02 4.20 4595780
0.00 2.87 4.60 0.00 8.16 8.24 3.24 5.51 3.03 3.20 4.43 5.09 5.53 6.84 7.82 7.53 2.12 3.49 0.00 8.94 4.34 5.94 0.00 5.18 0.00 3.03 3.97 4.55 5.76 6.56 4.00 4.24 4608870
0.00 2.96 4.51 0.00 0.00 8.02 3.28 6.02 2.54 3.08 4.44 5.10 5.36 6.92 7.85 7.40 2.33 3.78 7.10 8.98 4.39 6.16 0.00 5.59 0.00 3.23 3.87 4.65 5.68 6.91 4.02 4.19 4621960
0.00 3.00 4.56 2.77 7.96 8.04 3.33 5.98 2.76 3.16 4.43 5.11 5.00 6.96 7.74 8.22 2.21 3.59 7.22 8.96 4.41 0.00 0.00 4.70 0.00 3.26 3.94 4.41 6.04 6.89 4.05 4.40 4635050
0.00 2.99 4.61 2.98 7.98 8.03 3.25 6.15 2.98 2.94 4.41 5.28 5.06 6.75 7.73 7.69 2.05 3.67 7.00 8.92 4.58 0.00 0.00 5.36 0.00 3.09 3.87 4.35 5.66 6.56 4.02 4.28 4648140
0.00 2.86 4.57 0.00 7.82 8.10 3.58 6.35 2.97 3.08 4.46 5.17 5.35 6.78 0.00 7.58 2.04 3.68 7.11 8.96 4.43 6.05 0.00 5.35 0.00 2.99 3.89 4.20 5.77 6.58 4.06 4.18 4661230
0.00 2.93 4.57 2.77 8.14 8.15 3.95 5.97 2.98 3.01 4.61 5.13 5.21 6.85 0.00 7.74 2.18 3.62 0.00 8.93 4.45 0.00 0.00 5.24 0.00 3.03 4.32 4.43 5.72 6.65 4.03 4.16 4674320
0.00 2.94 4.68 0.00 8.03 8.15 3.42 0.00 2.90 3.00 4.46 5.42 5.25 6.76 7.78 7.60 2.10 3.68 0.00 8.91 4.53 6.09 0.00 0.00 0.00 3.13 0.00 4.53 5.74 6.60 4.26 4.19 4687410
0.00 2.86 4.56 0.00 8.23 8.17 3.21 0.00 2.87 3.01 4.43 5.22 5.24 6.93 7.72 7.57 2.06 3.53 7.16 8.95 4.73 6.09 0.00 4.23 0.00 2.92 4.12 4.38 5.78 6.54 4.12 4.15 4700500
0.00 2.93 4.49 0.00 8.66 8.26 0.00 6.10 3.55 2.98 4.36 5.21 5.27 6.84 7.65 7.55 2.09 3.98 7.25 8.93 4.48 6.17 0.00 4.47 0.00 3.08 4.04 4.80 5.64 6.56 4.09 4.23 4713590
0.00 3.00 4.49 0.00 8.16 8.19 3.86 0.00 2.87 2.90 4.45 5.22 5.18 6.85 7.69 7.58 2.09 3.48 0.00 9.02 4.57 6.04 0.00 4.88 0.00 3.01 4.02 0.00 5.84 6.53 4.07 4.13 4726680
0.00 2.99 4.54 0.00 7.96 8.22 0.00 5.92 2.89 2.97 4.45 5.34 5.25 7.03 7.76 7.76 2.05 4.02 0.00 9.14 4.72 6.28 0.00 4.44 0.00 3.12 4.08 4.87 6.23 6.50 4.16 4.13 4739770
0.00 3.06 4.63 0.00 7.93 8.21 3.28 5.88 2.89 2.82 4.71 5.30 5.42 6.76 7.72 7.83 2.05 3.62 7.43 9.06 4.48 6.05 0.00 0.00 0.00 2.91 4.34 4.49 5.75 6.66 4.07 0.00 4752860
0.00 2.99 4.60 0.00 8.14 8.21 0.00 5.74 2.93 2.96 4.77 5.44 5.23 7.02 0.00 7.80 2.12 3.61 0.00 8.95 4.59 6.03 0.00 4.68 0.00 2.91 4.05 4.74 5.71 0.00 4.15 4.14 4765950
0.00 2.90 4.56 0.00 8.04 8.21 3.36 5.92 2.90 2.94 4.78 5.36 5.03 6.85 0.00 7.88 2.10 3.57 7.36 8.95 4.47 0.00 0.00 5.65 0.00 2.90 4.19 4.40 5.72 6.57 4.05 4.36 4779040
0.00 2.92 4.69 0.00 7.86 8.17 3.27 0.00 2.90 2.89 4.50 5.38 5.28 6.81 7.71 7.60 2.66 3.66 7.28 0.00 4.85 6.26 0.00 4.61 0.00 2.89 4.16 4.71 6.12 6.62 4.06 4.16 4792130
0.00 2.97 4.56 0.00 7.85 8.21 3.62 0.00 2.95 2.81 4.67 5.35 5.03 6.93 8.03 8.25 2.13 3.60 0.00 8.86 4.75 0.00 0.00 0.00 0.00 2.90 4.12 4.72 5.77 6.54 4.08 4.16 4805220
0.00 2.95 4.56 0.00 8.41 8.22 3.30 0.00 3.12 2.78 4.50 5.46 5.18 6.73 7.96 7.64 2.10 3.50 0.00 8.88 4.54 0.00 0.00 4.77 0.00 2.90 4.10 4.54 5.87 6.52 4.10 4.86 4818310
0.00 3.00 4.61 0.00 8.07 8.21 0.00 0.00 2.92 2.79 4.53 5.34 5.53 6.79 7.92 7.81 2.09 3.56 0.00 8.84 4.73 0.00 0.00 4.45 0.00 2.89 4.05 4.95 6.09 6.53 4.09 4.88 4831400
0.00 3.06 4.65 2.73 8.08 8.20 3.30 0.00 2.96 2.79 4.74 5.44 5.19 6.87 0.00 7.65 2.13 4.13 0.00 8.84 4.59 0.00 0.00 5.36 0.00 2.92 4.05 5.19 5.86 6.52 4.18 0.00 4844490
0.00 2.99 4.51 0.00 8.06 8.22 0.00 5.96 2.87 2.75 4.66 5.36 5.89 6.86 7.85 7.65 2.04 3.83 0.00 8.83 4.63 6.04 0.00 4.44 0.00 2.89 4.07 4.57 5.75 6.57 4.12 4.28 4857580
0.00 3.02 4.63 0.00 7.93 8.22 0.00 6.10 2.90 2.77 4.63 5.46 5.44 6.77 7.72 8.27 2.08 3.64 0.00 8.87 4.76 0.00 0.00 4.63 0.00 2.90 4.07 5.04 5.75 6.53 4.12 4.72 4870670
0.00 2.97 4.90 0.00 8.05 8.21 3.58 0.00 2.91 2.91 4.58 5.46 5.14 6.72 7.85 7.65 2.09 3.67 0.00 8.86 4.76 6.08 0.00 4.57 0.00 2.91 4.09 5.40 5.76 6.63 4.19 4.18 4883760
0.00 3.01 4.61 0.00 7.91 8.22 0.00 6.00 2.89 2.79 4.53 5.56 5.49 6.75 7.74 7.80 2.08 3.58 0.00 8.95 4.84 0.00 0.00 4.48 0.00 2.90 4.18 4.38 5.80 6.59 4.25 4.19 4896850
0.00 3.03 4.54 0.00 7.83 8.22 0.00 0.00 2.89 2.75 4.76 5.43 5.26 6.87 7.96 7.76 2.27 3.56 0.00 8.87 4.81 5.97 0.00 4.66 0.00 2.89 4.27 4.33 5.78 6.56 4.07 4.18 4909940
0.00 3.02 4.90 0.00 8.50 8.23 0.00 0.00 2.90 2.51 4.59 5.39 5.47 6.90 7.73 8.52 2.21 3.72 7.22 8.89 4.76 6.08 0.00 4.66 0.00 2.91 4.11 4.31 5.80 6.63 4.66 4.17 4923030
0.00 3.00 4.47 0.00 7.93 8.22 0.00 0.00 2.89 2.58 4.46 5.50 5.08 6.83 7.92 7.79 2.14 3.61 0.00 8.85 4.93 6.07 0.00 4.62 0.00 2.91 4.09 4.55 5.97 6.74 4.14 4.89 4936120
0.00 2.99 4.45 0.00 7.91 8.19 3.30 0.00 2.95 2.66 4.84 5.53 5.08 6.77 7.81 7.79 2.10 3.67 0.00 8.91 4.77 0.00 0.00 0.00 0.00 2.92 4.12 4.46 5.87 6.67 4.07 4.21 4949210
0.00 2.96 5.09 0.00 8.19 8.23 0.00 6.33 2.93 2.61 4.39 5.48 5.34 7.64 7.78 7.83 2.44 3.59 7.49 8.96 4.62 0.00 0.00 4.71 0.00 2.91 4.07 4.46 5.88 6.67 4.08 4.27 4962300
0.00 2.95 4.93 0.00 7.83 8.21 0.00 0.00 2.93 2.66 4.51 5.53 5.18 6.87 7.73 7.81 2.27 3.52 0.00 8.95 4.59 6.07 0.00 4.60 0.00 2.92 4.15 4.82 5.87 6.84 4.15 4.24 4975390
0.00 2.97 4.52 0.00 8.07 8.20 3.30 0.00 2.91 2.57 4.48 5.64 5.34 6.82 7.86 8.35 2.09 3.49 0.00 8.93 4.80 0.00 0.00 5.27 0.00 2.91 4.17 4.58 5.83 6.48 4.19 4.16 4988480
0.00 2.99 4.49 0.00 8.17 8.22 3.89 0.00 2.96 2.46 4.49 5.59 5.31 6.88 7.71 7.76 2.19 3.54 7.19 8.89 4.60 6.17 0.00 5.69 0.00 2.92 4.16 4.52 5.77 6.54 4.05 4.18 5001570
0.00 2.98 4.48 0.00 8.17 8.22 0.00 0.00 2.62 2.58 4.48 5.57 5.23 6.89 7.76 7.79 2.25 3.47 7.28 8.96 4.71 6.24 0.00 5.60 0.00 2.94 4.10 4.69 5.90 6.56 4.16 4.23 5014660
0.00 3.01 4.57 0.00 8.33 8.22 0.00 5.98 2.83 2.69 4.50 5.57 5.51 6.97 7.73 7.82 2.11 3.40 7.18 9.27 4.78 6.19 0.00 0.00 0.00 3.08 4.17 4.55 5.91 6.67 4.11 4.22 5027750
0.00 3.00 4.76 0.00 7.90 8.22 3.30 0.00 2.80 2.65 4.52 5.64 5.06 6.82 7.75 8.24 2.14 3.46 7.77 9.28 4.66 0.00 0.00 4.75 0.00 2.90 4.16 4.56 6.35 6.57 4.07 4.15 5040840
0.00 3.02 4.46 0.00 7.93 8.21 3.73 0.00 2.66 2.44 4.69 5.63 5.35 6.87 8.12 7.97 2.16 3.48 7.46 9.03 4.72 6.42 0.00 0.00 0.00 2.88 4.12 4.53 5.73 6.48 4.14 4.27 5053930
0.00 2.98 5.02 0.00 7.88 8.20 3.68 0.00 2.62 2.65 4.67 6.00 5.37 6.78 7.74 7.81 2.05 3.47 0.00 8.97 4.69 6.28 0.00 5.21 0.00 3.11 4.03 4.38 5.78 6.50 4.15 4.17 5067020
0.00 2.98 4.59 0.00 8.27 8.18 0.00 5.85 2.79 2.74 4.69 5.74 5.12 6.87 8.17 7.90 2.06 3.59 7.10 8.97 4.65 6.11 0.00 4.71 0.00 3.31 4.11 4.68 5.95 6.45 4.20 4.51 5080110
0.00 3.02 4.78 0.00 8.07 8.24 0.00 6.23 2.70 2.40 4.91 6.08 5.38 6.80 8.00 7.90 2.08 3.46 7.34 8.97 4.66 0.00 0.00 4.56 0.00 2.79 4.16 4.33 5.78 6.54 4.86 4.19 5093200
0.00 3.01 4.60 0.00 7.95 8.21 3.83 5.96 2.71 2.69 5.03 5.80 5.22 3.45 7.49 8.29 2.07 3.61 6.98 8.95 4.54 0.00 0.00 0.00 0.00 2.80 4.10 4.43 5.87 6.46 4.17 4.22 5106290
0.00 3.01 4.70 0.00 8.12 8.22 3.26 0.00 2.52 2.93 4.86 5.88 5.20 6.87 7.95 8.52 2.15 3.76 6.81 8.97 4.59 6.71 0.00 0.00 0.00 3.28 4.12 4.44 6.08 6.47 4.20 4.13 5119380
0.00 3.03 4.65 0.00 8.22 8.22 3.56 0.00 2.39 2.78 4.82 6.00 5.21 5.46 8.01 8.06 2.12 3.50 6.95 9.07 4.79 0.00 0.00 5.50 0.00 2.98 4.19 4.58 5.89 6.52 4.42 4.41 5132470
0.00 3.02 4.67 2.97 7.96 8.21 3.43 5.88 2.62 2.72 4.91 5.98 5.25 5.16 7.97 8.17 2.07 3.59 7.18 9.00 4.99 0.00 0.00 4.68 0.00 2.59 4.19 4.20 5.92 6.58 4.14 4.15 5145560
0.00 3.02 4.73 2.79 8.18 8.21 3.45 5.77 2.54 3.08 5.00 6.29 5.24 6.93 8.05 0.00 2.07 3.53 7.24 8.93 5.04 6.84 0.00 4.67 0.00 2.51 4.08 4.69 5.97 6.54 4.18 4.22 5158650
0.00 2.97 5.12 2.99 8.05 8.23 3.32 0.00 2.51 2.82 5.18 6.09 5.20 6.86 8.36 7.98 2.11 3.61 7.24 8.93 5.04 0.00 0.00 4.45 0.00 2.56 4.02 4.44 5.93 6.71 4.15 4.20 5171740
0.00 2.95 4.62 3.05 8.17 8.22 0.00 5.86 2.48 3.18 5.23 6.11 5.15 6.94 8.19 7.80 2.02 3.60 7.61 8.92 4.98 6.25 6.69 5.17 0.00 2.61 4.09 4.22 6.37 6.82 4.88 4.14 5184830
0.00 2.97 4.58 2.86 8.24 8.17 0.00 0.00 2.52 3.08 5.17 6.04 5.30 6.93 7.96 8.04 2.01 3.49 6.97 8.96 5.42 0.00 0.00 0.00 0.00 2.59 4.15 4.65 5.90 6.58 4.14 4.62 5197920
0.00 2.99 4.73 2.84 8.24 8.22 3.79 5.65 2.44 3.13 5.39 6.11 5.28 6.89 8.13 8.01 2.03 3.41 7.54 9.33 5.08 0.00 0.00 4.61 0.00 2.73 4.08 4.23 5.87 6.50 4.19 4.13 5211010
0.00 2.93 4.72 3.28 8.11 8.22 3.04 0.00 2.47 3.14 5.27 6.32 5.33 6.87 8.27 8.03 2.15 3.55 7.05 9.12 5.14 6.29 0.00 4.50 0.00 2.56 4.27 4.62 5.98 6.61 4.15 4.22 5224100
0.00 2.99 4.96 3.00 8.05 8.22 0.00 5.86 2.39 2.73 5.27 6.14 5.31 7.10 8.20 7.86 2.40 3.78 7.04 0.00 5.03 0.00 0.00 4.55 0.00 2.56 4.01 4.62 5.91 6.87 4.06 4.31 5237190
0.00 2.99 4.75 2.75 8.35 8.21 3.27 0.00 2.41 2.75 5.55 6.20 5.19 6.96 8.12 0.00 2.03 3.82 7.04 8.99 5.20 6.28 9.79 4.64 0.00 2.53 4.08 4.37 5.89 6.57 4.12 4.16 5250280
0.00 3.01 4.71 0.00 8.16 8.22 3.96 5.96 2.13 2.81 5.51 6.32 5.31 7.12 8.10 7.99 2.04 3.52 6.65 9.02 5.19 0.00 9.87 4.51 0.00 2.54 3.85 4.51 5.96 6.50 4.28 4.17 5263370
0.00 2.99 4.88 3.02 8.26 8.21 3.33 0.00 2.44 3.03 5.58 6.76 5.12 4.17 8.11 8.10 2.20 4.00 6.88 9.67 5.23 6.37 0.00 0.00 0.00 2.69 3.71 5.05 5.99 6.55 4.08 4.30 5276460
0.00 2.96 4.74 3.01 8.28 8.22 3.22 5.85 2.28 3.32 5.62 6.38 5.21 7.09 8.04 8.25 2.02 3.64 6.67 9.07 5.08 0.00 0.00 0.00 0.00 2.56 3.76 4.87 5.89 6.70 4.06 4.22 5289550
0.00 3.00 4.82 2.66 8.21 8.20 3.31 6.32 2.51 3.39 5.62 6.37 5.62 7.18 8.17 7.98 2.02 3.87 6.72 0.00 5.15 0.00 0.00 4.60 0.00 2.58 3.60 4.52 5.96 6.51 4.02 4.27 5302640
0.00 2.96 5.28 3.00 8.26 8.22 3.52 5.91 2.45 3.33 5.93 6.37 5.32 6.22 8.16 8.47 2.02 3.52 6.77 9.63 5.20 6.48 0.00 4.43 0.00 2.65 3.71 4.63 5.97 6.48 4.05 4.52 5315730
0.00 3.05 4.93 2.32 8.24 8.21 3.27 0.00 2.48 3.52 5.63 6.44 5.17 7.17 8.09 8.49 2.11 3.53 6.52 9.12 5.31 0.00 0.00 4.61 0.00 2.54 3.58 4.68 6.12 6.49 4.02 4.30 5328820
0.00 2.96 4.85 2.91 8.26 8.23 3.54 5.73 2.42 3.46 5.75 6.72 5.44 7.61 8.29 8.14 2.54 3.81 6.35 9.04 5.40 6.96 0.00 4.54 0.00 2.57 3.41 4.71 5.93 6.53 4.09 4.28 5341910
0.00 3.01 4.87 0.00 8.27 8.23 3.65 5.75 2.46 2.29 5.81 6.82 5.68 6.86 8.22 0.00 2.10 3.51 6.45 0.00 5.34 0.00 9.72 0.00 0.00 2.57 3.44 5.17 5.90 6.54 4.05 4.33 5355000
0.00 2.99 4.82 0.00 8.27 8.21 3.30 0.00 2.38 2.81 6.17 6.72 5.49 7.28 8.21 8.03 2.15 3.62 6.68 9.62 5.22 6.51 0.00 5.00 0.00 2.70 3.41 5.00 5.92 6.64 4.04 4.32 5368090
0.00 2.99 4.86 0.00 8.10 8.22 3.32 0.00 2.54 3.08 6.05 6.64 5.36 7.24 8.17 8.09 2.13 3.74 7.10 9.05 5.17 6.49 0.00 4.71 0.00 2.72 3.37 4.73 5.83 6.56 4.07 4.21 5381180
0.00 3.01 4.90 0.00 8.24 8.23 0.00 0.00 2.51 2.87 6.31 6.58 5.34 7.19 8.23 0.00 2.05 3.62 0.00 9.08 5.22 6.57 6.66 4.65 0.00 2.68 3.35 4.71 5.98 6.58 4.05 4.89 5394270
0.00 2.94 4.78 3.04 8.20 8.21 0.00 5.87 2.51 3.46 6.54 6.58 5.62 7.05 8.43 0.00 2.15 3.56 7.21 8.92 5.26 6.43 0.00 4.50 0.00 2.69 3.38 4.37 5.93 6.48 4.07 4.34 5407360
0.00 3.00 5.26 0.00 8.23 8.21 0.00 0.00 2.50 3.59 5.94 7.01 5.53 7.14 8.35 8.33 2.05 3.73 7.04 8.91 5.38 0.00 0.00 5.49 0.00 2.62 3.41 4.34 5.90 6.58 4.07 4.69 5420450
0.00 2.99 4.94 0.00 8.19 8.22 3.62 0.00 2.49 3.53 5.91 6.75 5.90 7.22 8.57 8.28 2.08 3.82 6.52 8.98 5.31 6.36 0.00 0.00 0.00 3.14 3.73 5.12 5.89 6.52 4.08 4.25 5433540
0.00 2.97 4.72 0.00 8.27 8.20 3.88 0.00 2.59 3.32 6.18 6.84 5.41 7.30 8.78 0.00 2.08 3.82 7.01 9.29 5.45 6.77 0.00 0.00 0.00 3.00 3.39 4.52 5.90 6.54 4.05 4.31 5446630
0.00 3.00 5.36 0.00 8.23 8.22 3.67 6.06 2.46 3.52 5.88 0.00 5.44 7.26 8.33 0.00 2.06 3.62 7.25 8.93 5.34 6.52 0.00 5.25 0.00 3.02 3.52 4.50 5.91 6.51 4.19 4.28 5459720
0.00 2.98 4.71 0.00 8.21 8.22 3.71 0.00 2.50 3.46 6.19 6.83 0.00 7.26 8.39 8.32 2.04 3.67 7.09 8.95 5.21 0.00 0.00 4.77 0.00 2.97 3.42 4.63 6.08 6.82 4.20 4.28 5472810
0.00 3.01 5.02 0.00 8.29 8.21 0.00 0.00 2.52 3.11 6.07 6.71 5.74 0.00 8.19 8.37 2.57 3.71 7.35 8.91 5.27 0.00 0.00 0.00 0.00 2.65 3.41 4.63 5.90 6.60 4.06 4.39 5485900
0.00 2.99 4.84 0.00 8.27 8.21 0.00 0.00 2.48 3.54 6.17 6.70 5.94 7.19 8.88 0.00 0.00 3.75 7.07 8.93 5.49 0.00 0.00 4.41 0.00 2.69 3.40 5.00 5.88 6.44 4.04 4.31 5498990
0.00 3.00 4.97 0.00 8.07 8.21 0.00 0.00 2.49 3.45 6.06 6.82 5.40 7.22 8.17 8.17 0.00 3.70 7.13 8.91 5.20 6.77 0.00 0.00 0.00 2.72 3.41 4.70 6.24 6.51 4.20 4.25 5512080
0.00 3.03 4.83 0.00 8.03 8.22 0.00 0.00 2.57 3.81 5.98 6.75 5.86 7.18 8.21 0.00 2.59 3.67 6.90 8.91 5.43 6.44 0.00 0.00 0.00 2.65 3.41 4.77 5.91 6.51 4.07 4.33 5525170
0.00 3.01 4.78 0.00 8.27 8.21 0.00 0.00 2.57 3.72 6.20 6.75 5.79 7.25 0.00 8.12 2.35 3.71 7.05 8.95 5.26 6.59 0.00 0.00 0.00 2.70 3.42 4.63 5.97 6.51 4.07 4.51 5538260
0.00 3.01 4.77 3.11 8.23 8.21 0.00 0.00 2.58 3.61 6.21 6.86 5.48 7.07 8.14 0.00 2.77 3.63 7.03 9.55 5.47 6.43 0.00 0.00 0.00 2.83 3.43 4.52 6.11 6.51 4.24 4.31 5551350
0.00 3.03 4.82 0.00 8.23 8.22 0.00 5.99 2.52 3.49 6.25 6.77 5.51 7.21 8.16 0.00 2.01 3.69 6.96 9.12 5.52 6.54 0.00 0.00 0.00 2.93 3.42 4.69 5.84 6.54 4.16 4.39 5564440
0.00 3.02 5.53 0.00 8.34 8.22 0.00 0.00 2.48 3.84 6.04 6.76 5.60 7.07 8.12 0.00 2.01 3.64 0.00 9.47 5.53 6.42 0.00 4.61 0.00 2.85 3.43 0.00 6.22 6.47 4.01 4.33 5577530
0.00 3.00 4.97 0.00 8.14 8.22 0.00 0.00 2.46 3.89 6.18 6.86 5.63 6.98 8.14 8.21 2.00 3.63 7.35 9.00 5.32 0.00 0.00 0.00 0.00 2.81 3.41 4.84 5.99 6.48 4.03 4.53 5590620
0.00 3.01 4.83 0.00 8.24 8.22 0.00 0.00 2.55 3.81 6.01 6.90 5.46 7.46 8.14 8.06 2.01 3.78 6.98 9.00 5.23 6.89 0.00 0.00 0.00 2.83 3.42 4.64 5.98 6.48 4.00 4.36 5603710
0.00 3.03 4.82 0.00 8.03 8.22 0.00 0.00 2.45 3.99 6.03 6.83 5.56 7.40 8.09 8.73 2.78 3.70 6.90 9.01 5.30 6.55 0.00 0.00 0.00 2.70 3.43 5.23 5.86 6.49 4.02 4.33 5616800
0.00 2.90 4.82 0.00 8.15 8.20 0.00 0.00 2.50 3.79 6.03 7.57 5.55 7.18 8.12 0.00 0.00 3.76 7.00 9.02 5.30 0.00 0.00 0.00 0.00 2.80 3.42 4.57 5.95 6.47 4.01 4.31 5629890
0.00 2.99 4.82 0.00 8.14 8.21 0.00 0.00 2.48 3.78 6.10 0.00 5.49 6.96 8.14 8.13 2.01 3.87 7.00 8.97 5.27 0.00 0.00 0.00 0.00 2.73 3.42 0.00 5.95 6.52 3.99 4.48 5642980
0.00 3.01 4.83 0.00 8.06 8.22 0.00 0.00 2.47 3.85 6.12 6.86 5.53 6.99 8.18 0.00 0.00 3.70 7.03 8.95 5.26 6.84 0.00 5.20 0.00 2.74 3.42 4.82 5.84 6.47 4.00 4.46 5656070
0.00 3.02 5.44 0.00 8.17 8.22 0.00 0.00 2.61 3.79 6.54 6.86 5.47 7.07 8.19 0.00 0.00 3.78 6.97 8.93 5.25 0.00 0.00 5.30 0.00 2.71 3.42 4.72 5.83 6.49 3.97 4.31 5669160
0.00 3.01 5.09 0.00 8.25 8.22 0.00 0.00 2.52 3.71 6.28 0.00 5.81 7.13 8.14 8.41 2.01 3.77 7.02 8.94 5.24 6.47 0.00 4.95 0.00 2.69 3.42 4.59 5.83 6.50 4.00 4.89 5682250
0.00 3.02 4.81 0.00 8.01 8.22 0.00 0.00 2.53 3.73 6.10 6.84 5.46 7.07 8.14 8.41 2.03 3.83 7.06 8.91 5.32 6.55 0.00 0.00 0.00 2.70 3.44 4.36 5.91 6.51 4.03 4.35 5695340
0.00 3.01 4.82 0.00 8.11 8.21 0.00 0.00 2.53 3.74 6.32 6.88 5.46 7.11 8.12 0.00 2.01 3.78 7.00 8.90 5.43 0.00 0.00 0.00 0.00 2.69 3.47 4.32 5.93 6.48 4.00 0.00 5708430
0.00 3.03 5.02 0.00 8.14 8.22 0.00 0.00 2.50 3.75 6.12 6.81 5.58 6.99 8.23 0.00 3.11 3.87 7.08 8.92 5.36 6.61 0.00 5.18 0.00 2.69 3.46 4.36 5.85 6.48 4.01 4.33 5721520
0.00 2.99 4.87 0.00 8.21 8.22 0.00 0.00 2.52 3.70 6.13 6.84 5.51 7.03 8.29 0.00 2.02 3.77 7.29 8.90 5.42 6.66 0.00 5.10 0.00 2.68 3.48 0.00 6.02 6.48 3.99 4.29 5734610
0.00 3.02 4.83 0.00 8.25 8.21 0.00 0.00 2.65 3.70 6.20 7.02 5.54 7.04 8.17 0.00 2.02 3.95 0.00 8.90 5.27 6.47 0.00 0.00 0.00 2.69 3.50 4.28 5.91 6.49 4.01 4.41 5747700
0.00 3.02 4.90 0.00 8.07 8.21 0.00 0.00 2.72 3.80 6.27 6.99 5.49 7.04 8.13 0.00 2.02 3.82 0.00 8.91 5.42 0.00 0.00 0.00 0.00 2.69 3.50 4.26 5.96 6.49 3.99 4.36 5760790
0.00 3.03 4.85 0.00 8.13 8.23 0.00 0.00 2.81 3.78 6.24 6.85 5.78 7.21 8.19 0.00 2.01 3.81 0.00 8.91 5.33 0.00 0.00 0.00 0.00 2.70 3.49 4.26 5.95 6.51 3.99 4.39 5773880
0.00 3.02 4.85 0.00 8.13 8.22 0.00 0.00 2.57 3.71 5.99 6.85 5.72 7.26 8.11 0.00 2.02 4.00 0.00 8.91 5.39 6.43 0.00 0.00 0.00 2.70 3.48 4.26 5.97 6.52 3.99 4.38 5786970
0.00 3.00 4.82 0.00 8.06 8.22 0.00 0.00 2.65 3.80 6.06 6.86 5.62 7.08 8.32 0.00 2.01 3.84 0.00 8.91 5.32 6.46 0.00 0.00 0.00 2.70 3.43 4.27 5.89 6.51 3.98 4.36 5800060