0.00 2.99 3.55 0.00 6.79 7.10 3.29 4.49 2.81 2.28 3.63 4.14 0.00 7.32 7.78 0.00 2.15 3.81 6.44 8.92 5.76 0.00 0.00 4.74 0.00 0.00 4.57 2.61 4.39 5.39 3.42 3.55 14137254
0.00 2.98 3.54 5.53 6.80 7.10 3.29 4.50 2.81 2.28 3.63 4.15 0.00 7.33 7.79 0.00 2.06 3.81 6.46 8.92 5.79 0.00 0.00 0.00 0.00 0.00 4.58 2.64 4.38 5.38 3.43 3.53 14150344
0.00 2.98 3.53 0.00 6.80 7.10 3.29 4.49 2.82 2.28 3.64 4.15 0.00 7.33 7.79 0.00 2.07 3.81 6.48 8.92 5.78 0.00 0.00 0.00 0.00 0.00 4.58 2.63 4.37 5.39 3.44 3.54 14163434
0.00 2.99 3.53 5.52 6.80 7.10 3.29 4.50 2.81 2.28 3.62 4.14 0.00 7.34 7.80 0.00 2.09 3.82 6.48 8.91 5.78 0.00 0.00 0.00 0.00 0.00 4.58 2.64 4.38 5.39 3.43 3.54 14176524
0.00 2.99 3.52 0.00 6.79 7.09 3.28 4.50 2.80 2.29 3.63 4.14 0.00 7.32 7.80 0.00 2.11 3.80 6.50 8.92 5.89 0.00 0.00 0.00 0.00 0.00 4.58 2.64 4.37 5.39 3.43 3.53 14189614
0.00 2.99 3.53 0.00 6.80 7.09 3.28 4.49 2.80 2.27 3.64 4.15 0.00 7.33 7.79 0.00 2.10 3.82 6.45 8.91 6.08 0.00 0.00 0.00 0.00 0.00 4.57 2.62 4.38 5.39 3.44 3.54 14202704
0.00 2.99 3.54 0.00 6.80 7.09 3.27 4.50 2.81 2.29 3.63 4.16 0.00 7.33 7.79 0.00 2.11 3.84 6.39 8.91 6.09 0.00 0.00 0.00 0.00 0.00 4.58 2.63 4.39 5.40 3.43 3.55 14215794
0.00 2.98 3.52 0.00 6.79 7.10 3.29 4.49 2.81 2.29 3.60 4.14 0.00 7.33 7.78 0.00 2.09 3.93 6.49 8.92 6.08 0.00 0.00 0.00 0.00 0.00 4.59 2.62 4.39 5.40 3.43 3.55 14228884
0.00 2.97 3.53 0.00 6.77 7.07 3.28 4.50 2.81 2.29 3.62 4.14 0.00 7.35 7.79 0.00 2.09 3.83 6.38 8.92 5.82 6.88 0.00 0.00 0.00 4.01 4.57 2.72 4.38 5.40 3.44 0.00 14241974
0.00 2.98 3.52 0.00 6.79 7.08 3.30 4.51 2.80 2.29 3.61 4.16 0.00 7.34 7.79 0.00 2.11 3.82 6.58 8.93 5.79 0.00 0.00 0.00 0.00 3.97 4.58 2.58 4.41 5.41 3.44 3.51 14255064
0.00 2.99 3.52 0.00 6.77 7.09 3.28 4.52 2.81 2.28 3.53 4.13 0.00 7.33 7.79 0.00 2.16 3.80 7.05 9.13 5.77 0.00 0.00 0.00 0.00 4.02 4.58 2.55 4.43 5.54 3.45 3.47 14268154
0.00 2.98 3.53 0.00 6.83 7.08 3.30 4.70 2.81 2.29 3.46 4.11 0.00 7.32 7.78 0.00 2.03 3.80 7.36 9.43 5.78 6.89 0.00 0.00 0.00 4.03 4.58 2.82 4.33 5.53 3.40 3.50 14281244
0.00 2.99 3.54 0.00 6.81 7.15 3.40 4.64 2.82 2.30 3.49 4.12 0.00 7.32 7.79 0.00 2.02 3.99 6.81 8.93 6.28 6.85 0.00 0.00 0.00 3.93 4.51 3.20 4.47 5.63 3.54 3.45 14294334
0.00 2.99 0.00 0.00 6.93 7.23 3.27 4.61 2.81 2.32 3.49 4.14 0.00 7.32 7.78 0.00 2.07 3.97 6.34 8.98 5.84 6.89 0.00 0.00 0.00 4.05 4.53 0.00 4.37 5.57 3.44 3.46 14307424
0.00 2.99 3.91 0.00 6.85 7.15 3.40 4.80 2.82 2.43 3.55 4.21 0.00 7.31 7.79 0.00 2.02 3.80 6.53 9.27 5.76 0.00 0.00 0.00 0.00 0.00 4.53 2.69 4.26 5.57 3.43 3.44 14320514
0.00 2.98 3.69 0.00 6.87 7.14 3.38 4.60 2.84 2.38 3.57 4.26 0.00 7.33 7.78 0.00 2.18 3.82 7.34 9.10 5.95 6.81 0.00 0.00 0.00 3.87 4.52 2.86 4.32 5.59 3.42 3.48 14333604
0.00 3.01 3.57 0.00 7.31 7.15 3.32 4.74 2.84 2.38 3.46 4.10 0.00 7.30 7.78 0.00 2.82 4.03 0.00 9.30 5.74 6.87 0.00 0.00 0.00 3.88 4.59 2.58 4.28 5.45 3.35 3.45 14346694
0.00 3.00 3.54 5.38 7.17 7.16 3.35 4.64 2.89 2.35 3.43 4.10 0.00 7.29 7.79 0.00 2.03 3.99 6.99 9.30 5.69 6.76 0.00 0.00 0.00 4.01 4.55 2.63 4.49 5.44 3.41 3.49 14359784
0.00 3.03 3.53 5.13 6.91 7.14 3.25 4.59 2.88 2.33 3.51 4.15 0.00 7.29 7.84 0.00 2.06 3.84 0.00 9.18 5.55 0.00 0.00 0.00 0.00 3.94 4.61 2.66 4.26 5.54 3.38 3.58 14372874
0.00 2.99 3.65 0.00 7.06 7.20 3.25 4.59 2.89 2.35 3.43 4.17 0.00 7.29 7.81 0.00 0.00 3.84 7.38 9.11 5.68 6.86 0.00 0.00 0.00 4.13 4.69 2.82 4.58 5.65 3.23 3.56 14385964
0.00 3.02 3.55 5.23 7.47 7.22 3.31 4.51 2.85 2.36 3.42 4.12 0.00 7.31 7.80 0.00 2.02 3.81 7.55 9.30 5.70 0.00 0.00 0.00 0.00 3.95 4.66 2.75 4.37 5.57 3.34 3.60 14399054
0.00 3.01 3.63 0.00 7.03 7.19 3.23 4.74 2.83 2.31 3.70 4.19 0.00 7.36 8.31 0.00 2.04 4.35 7.23 9.18 5.75 6.97 0.00 0.00 0.00 4.04 4.65 2.84 4.46 5.55 3.36 3.64 14412144
0.00 2.99 3.67 5.56 7.06 7.18 3.27 4.58 2.86 2.42 3.51 4.18 0.00 7.34 7.80 0.00 2.19 3.84 7.32 9.04 5.91 6.84 0.00 0.00 0.00 0.00 4.67 2.69 4.28 5.48 3.14 3.67 14425234
0.00 3.01 3.54 0.00 6.92 7.34 3.14 4.60 3.01 2.39 3.56 4.11 0.00 7.33 7.79 0.00 2.74 3.81 7.49 9.02 5.71 6.83 0.00 0.00 0.00 4.04 4.71 2.67 4.42 5.51 2.94 3.56 14438324
0.00 3.00 3.76 0.00 7.23 7.32 3.17 4.69 2.81 2.33 3.55 4.16 0.00 7.33 7.87 0.00 2.07 3.80 7.31 0.00 5.60 6.83 0.00 0.00 0.00 3.95 4.67 2.75 4.45 5.60 3.23 3.60 14451414
0.00 3.06 3.59 5.18 6.98 7.26 3.83 4.56 2.91 2.34 3.55 0.00 0.00 7.31 7.86 0.00 2.90 3.72 7.23 9.12 5.88 0.00 0.00 5.81 0.00 3.98 4.69 2.80 4.51 6.26 2.89 3.68 14464504
0.00 3.02 3.80 5.22 7.02 7.38 3.44 4.66 2.80 2.36 3.49 4.68 0.00 7.32 7.80 0.00 2.01 3.76 7.01 9.10 5.68 6.91 0.00 0.00 0.00 4.10 4.73 2.65 4.43 5.64 2.86 3.53 14477594
5.63 3.06 3.55 0.00 7.07 7.30 3.22 4.80 2.81 2.39 3.49 4.15 0.00 7.33 7.85 0.00 2.31 4.00 0.00 0.00 5.73 6.90 0.00 0.00 0.00 3.93 4.73 2.95 4.45 5.58 2.85 3.56 14490684
0.00 2.99 3.57 0.00 0.00 7.38 3.17 5.61 3.01 2.34 3.77 4.28 0.00 7.31 7.78 0.00 2.73 3.77 7.29 9.10 5.49 6.93 0.00 0.00 0.00 4.50 4.75 2.83 4.62 5.61 2.83 3.50 14503774
0.00 3.01 3.62 0.00 7.10 7.34 3.66 4.63 2.84 2.33 3.52 4.11 0.00 7.35 7.70 0.00 2.05 3.82 7.57 9.09 5.95 6.79 0.00 0.00 0.00 3.90 5.07 2.97 4.57 5.60 2.97 4.17 14516864
0.00 3.01 3.75 5.30 7.01 7.31 3.40 4.67 2.86 2.38 3.53 4.23 0.00 7.32 7.87 0.00 2.90 4.17 0.00 0.00 5.72 0.00 0.00 0.00 0.00 4.01 4.90 3.18 4.43 5.74 2.81 3.57 14529954
0.00 3.01 3.59 0.00 7.07 7.46 3.26 4.87 2.87 2.35 3.54 4.13 0.00 7.27 7.70 0.00 0.00 4.06 0.00 9.11 5.78 6.85 0.00 0.00 0.00 3.91 4.75 0.00 4.65 5.89 2.86 3.52 14543044
5.37 3.00 3.65 5.12 7.26 7.40 3.30 4.68 2.83 2.39 3.47 4.11 0.00 7.27 8.18 0.00 2.88 3.83 0.00 0.00 5.98 0.00 0.00 0.00 0.00 4.00 4.83 2.87 4.47 5.66 2.83 3.57 14556134
0.00 3.02 3.58 0.00 7.14 7.60 3.22 4.77 2.85 2.38 3.58 4.17 0.00 7.25 7.72 0.00 2.02 3.87 0.00 9.14 5.62 7.10 0.00 0.00 0.00 4.00 4.77 2.96 4.53 5.77 2.72 3.53 14569224
0.00 3.02 3.70 0.00 7.54 7.51 3.17 4.73 2.87 2.41 3.48 4.56 0.00 7.24 7.75 0.00 2.01 3.88 0.00 0.00 5.61 0.00 0.00 0.00 0.00 4.02 4.77 2.94 4.64 5.67 2.74 3.38 14582314
0.00 3.03 3.59 0.00 7.11 7.47 3.26 4.63 3.04 2.33 3.90 4.15 0.00 7.28 7.75 0.00 2.13 3.83 7.13 9.56 5.71 0.00 0.00 0.00 0.00 0.00 4.79 2.91 4.62 5.60 2.73 3.50 14595404
0.00 3.02 3.60 0.00 0.00 7.42 3.62 4.54 2.87 2.40 3.50 4.85 0.00 7.25 7.73 0.00 0.00 4.09 7.18 0.00 5.77 6.87 0.00 0.00 0.00 3.96 4.90 2.93 4.53 5.63 2.71 3.63 14608494
0.00 3.05 3.60 0.00 7.01 7.44 3.25 4.55 2.95 2.33 3.59 4.32 0.00 7.39 8.03 0.00 2.01 3.80 0.00 9.09 5.61 0.00 0.00 0.00 0.00 0.00 4.81 0.00 4.59 5.72 2.71 3.37 14621584
5.46 3.01 3.67 0.00 7.18 7.56 3.21 4.62 2.82 2.42 3.45 4.16 0.00 7.38 8.47 0.00 2.63 3.82 0.00 9.13 5.78 6.93 10.00 0.00 0.00 4.09 4.79 3.27 4.54 5.69 2.74 3.39 14634675
0.00 3.08 3.73 0.00 7.34 7.65 3.23 4.68 2.84 2.46 3.43 4.36 0.00 7.24 7.83 0.00 2.09 3.85 0.00 9.11 6.03 0.00 0.00 0.00 0.00 3.97 4.79 2.88 4.54 5.69 2.74 3.35 14647764
5.26 3.03 3.65 0.00 7.18 7.46 3.29 4.69 2.88 2.33 3.41 4.15 0.00 7.24 7.85 0.00 2.53 4.43 0.00 9.08 5.91 0.00 0.00 0.00 0.00 4.18 4.80 2.84 4.59 5.80 2.72 3.38 14660854
0.00 3.02 3.81 0.00 7.12 7.41 3.27 4.59 2.86 2.39 3.51 4.40 0.00 7.31 7.77 0.00 2.94 3.86 0.00 9.10 5.92 0.00 0.00 0.00 0.00 3.95 4.80 2.83 4.61 5.75 2.71 3.30 14673944
0.00 3.02 3.60 0.00 7.08 7.41 3.37 4.58 2.84 2.36 3.87 4.15 0.00 7.40 7.88 0.00 2.31 3.84 0.00 0.00 5.96 0.00 0.00 0.00 0.00 3.96 4.81 3.51 4.46 0.00 2.78 3.83 14687034
0.00 3.02 3.74 0.00 7.04 7.45 3.20 4.93 2.86 2.39 3.43 4.24 0.00 7.24 7.77 0.00 2.02 3.98 0.00 0.00 5.81 0.00 0.00 0.00 0.00 4.02 4.82 3.54 4.54 5.76 2.71 3.73 14700124
0.00 3.01 3.67 5.43 7.31 7.50 3.21 4.73 2.91 2.22 3.42 4.15 0.00 7.24 7.89 0.00 2.05 3.80 0.00 0.00 5.89 6.97 0.00 0.00 0.00 4.35 4.81 2.99 4.65 5.82 2.68 3.24 14713214
0.00 3.01 4.05 0.00 7.17 7.53 3.24 4.67 2.85 2.31 3.58 4.26 0.00 7.25 7.81 0.00 2.01 3.93 0.00 0.00 5.87 7.00 0.00 0.00 0.00 4.14 4.88 2.93 4.66 5.67 2.76 3.29 14726304
0.00 3.03 3.69 0.00 7.32 7.48 3.23 4.83 2.89 2.26 3.40 4.51 0.00 7.41 7.77 0.00 2.03 3.81 0.00 0.00 5.69 7.03 0.00 0.00 0.00 4.51 4.86 2.84 4.49 5.75 2.70 3.84 14739394
0.00 3.05 3.62 0.00 7.13 7.51 3.32 4.65 2.86 2.23 3.43 4.21 0.00 7.55 7.73 0.00 2.03 3.80 0.00 0.00 5.87 6.89 0.00 0.00 0.00 0.00 4.90 2.88 4.59 5.72 2.70 3.26 14752484
0.00 3.03 3.60 5.18 7.33 7.62 3.29 4.80 2.87 2.24 3.35 4.36 0.00 7.23 7.80 0.00 2.95 3.80 0.00 0.00 5.91 7.14 0.00 0.00 0.00 4.05 4.90 3.05 4.69 5.72 2.67 3.25 14765574
0.00 3.02 3.60 0.00 7.15 7.45 3.13 4.74 2.84 2.28 3.55 4.19 0.00 7.23 7.83 0.00 2.04 3.78 0.00 0.00 5.71 6.87 0.00 0.00 0.00 4.08 5.01 2.82 4.63 5.79 2.67 3.30 14778664
0.00 3.03 3.78 5.11 7.21 7.57 3.21 4.54 2.84 2.28 3.39 4.25 0.00 7.32 7.76 0.00 2.16 3.76 0.00 9.09 5.69 7.18 0.00 0.00 0.00 4.19 4.88 3.03 4.67 5.83 2.71 3.21 14791754
0.00 3.02 3.65 0.00 7.16 7.59 3.22 4.92 2.84 2.22 3.48 4.19 0.00 7.30 7.75 0.00 2.06 3.84 0.00 0.00 5.68 7.06 0.00 0.00 0.00 4.28 4.88 3.29 4.81 6.50 2.73 3.18 14804844
0.00 3.03 3.62 0.00 7.19 7.52 3.23 4.62 2.84 2.26 3.46 4.18 0.00 7.31 7.83 0.00 2.08 3.89 0.00 0.00 5.84 6.96 0.00 0.00 0.00 0.00 5.01 2.90 4.58 5.94 2.75 3.54 14817934
0.00 3.58 3.73 0.00 7.59 7.62 3.45 4.68 2.85 2.36 3.44 4.22 0.00 7.30 7.76 0.00 2.10 3.85 0.00 0.00 6.29 0.00 0.00 0.00 0.00 4.16 4.89 2.89 4.66 5.78 2.79 3.20 14831024
0.00 3.02 3.67 0.00 7.30 7.56 3.24 4.70 2.84 2.27 3.51 4.23 0.00 7.33 7.83 0.00 2.01 3.85 0.00 0.00 5.78 6.98 0.00 0.00 0.00 4.08 4.91 2.91 4.64 5.95 2.78 3.22 14844114
0.00 3.02 3.63 0.00 7.60 7.57 3.15 4.71 2.83 2.21 3.47 4.29 0.00 7.31 7.81 0.00 2.46 3.81 0.00 9.12 5.76 0.00 9.98 0.00 0.00 0.00 4.89 0.00 4.55 5.92 2.70 3.30 14857204
0.00 3.03 3.63 0.00 7.75 7.54 3.21 4.67 2.85 2.27 3.48 4.18 0.00 7.31 7.81 0.00 2.88 3.87 0.00 0.00 5.72 6.90 0.00 0.00 0.00 4.24 5.15 2.96 4.73 5.75 2.85 3.33 14870294
0.00 3.04 3.64 0.00 7.09 7.59 3.20 4.66 2.86 2.25 3.56 4.19 0.00 7.30 7.82 0.00 2.30 3.84 0.00 9.13 5.69 6.92 0.00 0.00 0.00 4.63 4.90 3.52 4.62 5.89 2.74 3.24 14883384
0.00 3.02 3.65 0.00 7.34 7.55 3.24 4.67 2.85 2.33 3.48 4.22 0.00 7.31 7.78 0.00 2.26 3.74 0.00 0.00 5.70 6.89 0.00 0.00 0.00 4.12 5.02 2.93 4.61 5.79 3.11 3.33 14896474
0.00 3.03 3.63 0.00 7.29 7.55 3.20 4.77 2.87 2.37 3.52 4.17 0.00 7.30 7.82 0.00 2.11 3.72 0.00 0.00 5.68 6.95 9.99 0.00 0.00 4.06 4.97 2.87 4.94 5.78 2.70 3.25 14909564
0.00 3.02 3.64 0.00 7.28 7.56 3.20 4.68 2.85 2.35 3.53 4.16 0.00 0.00 0.00 0.00 2.85 3.92 0.00 0.00 5.71 6.88 9.99 0.00 0.00 4.02 5.07 2.95 4.58 5.78 2.77 3.29 14922654
0.00 3.10 3.61 0.00 7.18 7.53 0.00 4.59 2.85 2.47 3.61 4.22 0.00 7.31 7.87 0.00 2.84 3.91 0.00 0.00 6.08 6.97 0.00 0.00 0.00 4.74 5.14 2.92 4.65 5.80 2.66 3.22 14935744
0.00 3.02 3.58 0.00 7.26 7.82 3.22 4.59 2.86 2.33 0.00 4.19 0.00 7.33 7.84 0.00 2.04 3.72 0.00 0.00 5.95 6.94 9.99 0.00 0.00 4.04 4.96 2.94 4.48 5.81 2.72 3.20 14948834
0.00 3.03 3.61 0.00 7.13 7.72 3.22 4.54 2.87 2.43 3.51 4.18 0.00 7.31 7.86 0.00 2.30 3.74 0.00 9.34 5.72 7.39 0.00 0.00 0.00 4.07 4.92 2.87 4.78 5.75 2.69 3.33 14961924
0.00 3.02 3.65 0.00 7.54 7.70 3.23 4.96 2.88 2.31 3.59 4.24 0.00 7.31 7.83 0.00 2.49 3.74 0.00 0.00 5.73 0.00 0.00 0.00 0.00 4.06 4.93 2.85 4.70 5.75 2.83 0.00 14975014
0.00 3.01 3.62 0.00 7.57 7.63 3.18 4.54 2.87 2.32 3.52 4.33 0.00 7.30 7.74 0.00 2.67 3.87 0.00 9.29 5.84 6.93 0.00 0.00 0.00 4.17 4.96 3.36 4.62 5.80 2.76 3.40 14988104
0.00 3.02 3.62 5.62 7.32 7.66 3.19 4.61 2.86 2.36 3.50 4.64 0.00 7.28 8.19 0.00 2.78 4.04 0.00 0.00 5.66 7.11 0.00 0.00 0.00 4.00 4.99 2.85 4.94 5.92 2.72 3.34 15001194
0.00 3.05 3.75 0.00 7.20 7.61 3.18 4.63 2.86 2.42 3.41 4.21 0.00 7.31 7.92 0.00 2.04 3.89 7.29 9.12 5.79 7.05 9.95 0.00 0.00 3.99 4.96 2.79 4.67 5.88 2.73 3.98 15014284
0.00 3.05 3.61 0.00 7.37 7.63 3.13 4.69 2.84 2.35 3.60 4.30 0.00 7.48 7.74 0.00 2.39 4.09 0.00 0.00 5.66 0.00 9.94 0.00 0.00 4.14 5.02 2.88 4.60 5.75 2.65 3.25 15027374
0.00 3.07 3.60 5.11 7.40 7.57 3.17 4.60 2.86 2.43 3.63 4.21 0.00 7.31 7.87 0.00 2.45 3.97 0.00 9.24 5.84 6.94 0.00 0.00 0.00 4.37 4.95 2.86 4.60 5.83 2.81 3.30 15040464
0.00 3.02 3.62 5.37 7.39 7.64 3.20 4.70 2.82 2.41 3.47 4.41 0.00 7.33 7.77 0.00 2.86 4.12 7.19 9.32 5.84 7.63 9.95 0.00 0.00 4.04 4.97 3.01 4.65 5.79 2.81 3.51 15053554
0.00 3.02 3.72 0.00 7.36 7.76 3.15 4.76 2.84 2.36 3.49 4.23 6.30 7.25 7.84 0.00 2.86 3.87 0.00 9.30 5.69 0.00 9.93 0.00 0.00 4.28 4.97 2.96 4.72 5.88 2.77 3.19 15066644
0.00 3.03 3.70 0.00 7.24 7.72 3.15 4.54 2.92 2.35 3.56 4.24 0.00 7.21 7.87 0.00 2.02 3.74 7.48 9.30 5.79 6.93 9.88 5.18 0.00 4.29 5.08 2.93 4.73 5.89 2.64 3.20 15079734
0.00 3.02 3.63 5.29 7.38 8.03 3.17 4.52 3.12 2.39 3.54 4.48 0.00 7.31 8.02 0.00 2.11 3.75 0.00 0.00 5.60 0.00 0.00 0.00 0.00 4.14 5.20 2.89 4.69 5.94 2.68 3.18 15092824
0.00 3.02 3.71 0.00 7.94 7.61 3.18 4.86 2.88 2.41 3.69 4.43 0.00 7.24 8.02 0.00 2.03 4.01 7.12 9.33 5.95 7.00 9.94 0.00 0.00 4.41 5.03 3.12 4.68 6.02 2.60 3.38 15105914
0.00 3.03 3.77 0.00 7.38 7.76 3.17 4.86 2.56 2.43 3.56 4.27 0.00 7.27 7.78 0.00 2.04 3.61 6.90 0.00 5.80 7.01 9.81 0.00 0.00 4.14 5.14 3.03 4.75 6.35 2.68 3.38 15119004
5.41 2.97 3.74 0.00 7.42 7.71 3.40 4.72 2.85 2.45 3.43 4.30 0.00 7.21 7.77 8.21 2.10 3.69 6.97 0.00 5.73 0.00 9.97 0.00 0.00 4.25 5.17 3.02 4.72 5.98 2.65 3.22 15132094
0.00 3.07 3.81 3.18 7.30 7.72 3.15 4.73 2.70 2.29 3.46 4.23 6.77 7.20 7.76 8.14 2.12 3.69 6.74 9.68 5.69 0.00 9.84 5.77 0.00 4.22 5.15 2.98 4.90 6.01 2.68 3.42 15145184
0.00 2.88 3.86 5.24 7.50 7.80 3.19 4.91 2.88 2.28 3.65 4.23 0.00 7.19 7.80 0.00 2.12 3.60 7.08 9.24 5.81 7.10 8.98 5.59 0.00 4.12 5.30 3.20 4.90 6.07 2.74 3.67 15158274
5.39 2.95 3.81 5.19 7.44 8.48 3.30 5.24 2.74 2.39 3.57 4.23 6.14 7.26 7.84 8.09 2.16 3.60 6.82 9.54 5.75 7.23 0.00 5.30 0.00 4.29 5.12 3.29 4.74 6.05 2.68 3.39 15171364
0.00 3.08 3.80 5.07 7.48 7.96 3.11 5.05 2.63 2.34 3.75 4.59 6.32 6.70 0.00 8.00 2.17 3.65 6.85 9.06 5.73 7.42 9.68 4.92 0.00 4.34 5.22 3.24 5.07 6.15 2.76 3.22 15184454
0.00 2.98 3.96 3.83 7.92 8.18 3.01 4.91 2.52 2.50 3.59 4.31 6.16 7.37 7.70 7.97 2.47 3.81 6.46 9.09 5.89 0.00 0.00 5.60 0.00 4.28 5.30 3.21 4.50 6.10 2.75 3.37 15197544
5.81 3.03 4.00 2.52 0.00 8.27 3.20 5.18 2.59 2.49 3.62 4.31 6.33 6.75 7.72 2.54 2.26 3.61 7.04 9.08 5.79 0.00 9.98 5.14 0.00 4.28 5.28 3.24 5.13 6.12 2.74 3.46 15210634
0.00 2.97 4.03 2.92 6.58 8.25 3.27 4.90 2.56 2.35 3.72 4.41 6.23 4.55 7.80 7.79 2.17 3.68 6.67 9.12 5.82 0.00 3.15 4.45 0.00 4.38 5.17 3.42 2.56 3.15 2.97 3.40 15223724
0.00 3.02 4.07 0.00 8.06 7.76 3.25 5.05 2.52 2.55 3.29 4.41 6.39 6.42 7.71 7.87 2.10 3.76 6.78 9.19 6.02 7.29 9.95 0.00 0.00 4.88 5.50 3.21 4.82 4.87 2.84 3.60 15236814
0.00 2.97 4.12 3.15 8.65 7.32 3.25 4.99 2.53 2.57 3.80 4.48 6.16 6.47 7.60 7.50 2.24 3.96 7.47 9.69 6.19 7.20 5.38 4.69 0.00 4.44 5.54 3.22 5.41 6.34 2.95 3.55 15249904
5.42 3.00 4.28 4.77 8.06 8.26 3.19 4.85 2.53 2.57 3.70 4.43 5.75 6.29 7.41 7.57 2.12 3.77 7.05 8.81 5.98 0.00 0.00 3.82 0.00 4.62 5.57 3.42 5.26 6.36 2.99 3.66 15262994
5.41 3.04 4.17 2.61 8.20 8.26 3.13 4.91 2.44 2.63 3.83 4.48 5.81 6.44 7.67 7.57 2.33 3.66 3.59 9.17 6.16 0.00 9.86 0.00 0.00 4.57 5.55 3.31 5.34 6.65 3.13 3.55 15276084
0.00 3.03 4.20 2.61 8.06 8.26 3.26 5.04 2.46 2.60 3.88 4.48 5.54 5.67 7.22 7.27 2.14 3.71 6.83 9.06 5.72 0.00 0.00 4.30 0.00 4.51 5.74 3.32 5.31 6.67 3.10 3.65 15289174
0.00 2.99 4.19 0.00 8.18 8.25 3.14 5.34 2.47 2.55 3.77 4.49 5.38 4.68 7.06 7.06 2.34 3.79 6.91 9.53 6.23 0.00 9.78 0.00 0.00 4.34 5.29 3.58 5.31 6.74 3.20 3.69 15302264
0.00 2.92 4.18 0.00 8.08 8.24 3.22 5.22 2.46 2.63 3.70 4.52 5.43 5.93 6.84 6.96 2.13 3.80 5.36 8.77 6.47 7.23 9.97 4.67 0.00 4.64 5.88 3.50 5.34 6.63 3.08 3.62 15315354
0.00 2.92 4.01 0.00 8.00 8.26 3.51 4.60 2.44 2.47 3.65 4.52 5.51 3.28 7.19 7.02 2.12 3.74 6.94 9.04 6.67 0.00 0.00 4.18 0.00 4.92 5.84 3.39 4.86 6.68 2.99 3.65 15328444
5.98 3.02 3.99 3.00 8.38 8.21 3.42 5.10 2.64 2.42 3.72 4.57 4.99 4.84 6.76 7.06 2.14 3.78 6.69 8.75 6.40 0.00 5.92 4.65 0.00 4.94 5.88 3.36 3.44 6.61 3.16 3.68 15341534
0.00 3.05 3.99 0.00 8.17 8.25 3.41 5.19 2.43 2.29 3.72 4.60 5.07 5.76 6.62 6.73 2.20 3.83 6.72 8.75 0.00 0.00 9.54 4.58 0.00 5.05 6.00 3.44 5.39 6.81 3.22 3.72 15354624
0.00 3.01 4.20 0.00 8.30 8.26 3.42 5.19 2.57 2.51 3.80 4.58 4.84 3.63 6.57 6.65 2.08 3.92 6.97 9.03 6.40 0.00 0.00 5.39 0.00 4.66 5.13 3.68 5.35 5.45 3.06 3.72 15367714
0.00 2.90 3.96 2.96 8.26 7.38 2.11 4.96 2.43 2.34 4.05 4.68 4.67 5.59 6.43 6.57 2.09 3.72 7.24 9.02 6.45 0.00 9.99 5.14 0.00 4.62 5.76 3.52 5.50 6.67 3.28 3.97 15380804
0.00 3.01 3.99 2.70 8.19 8.20 3.62 5.02 2.31 2.50 3.95 4.86 4.47 5.33 6.33 5.99 2.22 3.87 4.50 8.72 6.29 0.00 9.97 4.56 0.00 4.49 5.48 3.61 5.42 6.86 3.22 3.80 15393894
0.00 2.99 3.97 0.00 8.25 8.24 3.38 5.39 2.42 2.38 3.98 4.78 4.73 5.28 6.09 5.92 2.11 3.87 6.35 8.40 0.00 7.46 9.97 5.22 0.00 4.57 6.45 3.38 2.62 6.69 3.31 3.98 15406984
0.00 2.89 4.26 3.23 8.26 8.23 0.00 4.96 2.33 2.52 3.91 4.90 4.52 4.87 6.04 5.85 2.15 3.85 6.91 8.26 6.32 7.39 9.88 0.00 0.00 4.90 7.56 3.84 3.90 5.26 3.39 3.61 15420074
0.00 2.81 4.06 2.34 8.27 7.79 2.36 5.47 2.47 2.49 3.78 5.16 4.42 5.15 5.82 5.94 2.22 3.78 4.96 8.30 6.10 0.00 9.94 4.71 0.00 5.37 6.73 3.48 2.21 2.87 3.79 3.89 15433164
0.00 3.04 4.01 3.46 8.28 3.45 3.30 5.68 2.47 2.36 3.78 4.97 4.47 2.94 5.89 5.84 2.12 3.82 5.22 8.30 6.25 7.44 4.50 4.29 0.00 0.00 7.34 3.84 5.52 7.09 2.27 4.12 15446254
0.00 2.82 4.11 2.79 8.32 7.03 2.46 3.88 2.40 2.72 3.63 5.00 4.27 4.00 5.88 6.02 2.11 3.88 6.43 8.65 0.00 0.00 2.23 3.02 0.00 6.90 7.30 3.89 4.92 7.10 3.51 4.09 15459344
0.00 3.00 4.08 2.79 8.26 5.87 3.51 4.95 2.32 2.61 3.04 4.98 4.33 4.53 6.03 5.92 2.07 3.55 2.35 8.11 5.09 7.80 5.73 4.74 0.00 6.94 6.01 3.58 3.32 7.61 2.59 4.04 15472434
0.00 2.82 4.32 2.89 3.99 4.51 2.79 5.47 2.35 2.32 3.58 4.84 4.34 2.94 5.71 4.41 2.21 3.96 4.45 6.58 3.89 0.00 3.76 0.00 0.00 6.37 2.32 3.61 5.11 3.10 3.19 4.12 15485524
5.54 3.07 4.34 2.57 8.27 5.49 3.19 5.28 2.44 2.45 3.75 4.92 4.05 3.79 5.75 5.92 2.04 3.83 4.05 8.32 6.01 0.00 3.49 4.75 0.00 0.00 7.27 2.58 4.59 2.09 3.68 4.34 15498614
2.99 2.98 4.35 2.54 6.70 6.78 2.90 5.46 2.37 2.16 4.26 5.08 4.48 3.95 5.21 5.69 2.11 4.09 3.25 2.94 3.58 0.00 2.62 2.95 0.00 6.89 7.26 3.59 3.94 3.82 2.86 2.95 15511704
0.00 2.69 4.40 2.35 4.34 4.12 3.17 5.53 2.39 2.47 4.10 5.19 4.45 3.08 5.89 5.13 2.09 4.05 5.81 8.82 3.43 0.00 5.11 4.90 0.00 0.00 6.05 3.59 5.23 7.38 2.67 3.11 15524794
0.00 2.79 4.31 2.31 5.06 5.83 3.18 4.46 2.46 2.69 2.56 5.24 4.38 3.14 4.66 5.30 2.07 3.77 6.72 9.08 5.80 0.00 3.86 4.55 0.00 6.24 6.46 3.84 5.03 2.51 4.03 4.32 15537884
5.24 2.75 4.38 2.42 3.57 2.64 3.21 3.09 2.49 2.14 3.17 5.24 3.08 3.17 6.20 5.48 2.05 3.70 6.25 8.26 3.11 0.00 3.76 4.56 0.00 6.07 6.24 3.82 2.89 3.73 3.72 4.72 15550974
3.60 2.42 4.23 2.45 5.92 4.35 3.37 2.81 2.52 2.64 4.34 5.09 4.51 2.16 5.60 6.63 2.04 3.76 5.34 8.71 2.96 0.00 3.96 3.65 0.00 6.12 4.70 3.80 3.26 7.10 3.47 4.43 15564064
4.72 2.38 3.82 2.71 4.24 3.53 2.34 3.14 2.59 2.53 4.26 5.33 2.98 2.28 5.80 4.47 2.15 3.96 4.05 5.61 5.52 7.54 3.55 4.65 0.00 5.85 3.61 3.66 3.23 6.57 4.04 4.16 15577154
5.31 2.66 3.93 3.05 2.73 2.20 3.01 2.27 2.59 2.28 3.15 5.54 4.41 3.10 6.14 2.72 2.21 3.04 3.15 6.99 6.23 0.00 2.88 2.11 0.00 5.87 2.77 2.23 3.55 2.35 2.97 3.20 15590244
3.91 2.96 4.59 2.69 2.60 2.79 3.10 3.93 2.50 2.76 3.96 3.64 4.52 3.81 4.37 3.30 2.06 3.76 2.22 2.89 2.69 0.00 2.45 2.83 0.00 4.63 6.35 4.04 3.62 2.85 3.08 4.83 15603334
0.00 2.30 3.84 2.50 3.37 2.52 2.55 2.41 2.46 2.34 2.52 5.64 4.00 3.08 3.42 3.59 2.11 2.65 3.59 5.10 5.31 2.01 2.42 2.26 0.00 5.93 3.29 4.23 2.84 7.50 3.33 4.28 15616424
4.97 2.57 3.63 2.40 2.95 2.67 3.36 3.89 2.60 2.37 2.90 5.71 4.19 2.10 6.40 4.17 2.30 3.70 3.31 0.00 2.19 2.34 3.16 3.16 0.00 2.14 5.46 4.37 3.94 6.62 2.76 4.84 15629514
2.51 2.85 4.16 2.46 2.76 2.33 2.27 3.03 2.57 2.43 3.08 5.11 2.41 2.86 3.19 3.35 2.29 4.25 5.78 2.66 5.15 0.00 2.53 3.00 0.00 3.00 2.56 4.42 2.71 3.30 3.22 3.82 15642604
3.83 2.62 2.56 2.46 2.66 3.49 2.53 4.12 2.63 2.71 2.60 5.11 3.57 2.58 3.42 2.52 2.30 3.10 2.60 3.17 2.35 2.61 2.68 2.38 0.00 4.08 2.49 4.68 2.14 2.41 2.82 3.43 15655694
3.00 2.75 2.18 2.64 4.10 2.59 2.63 2.37 2.46 2.44 2.42 2.51 2.74 2.62 3.21 2.44 2.38 2.76 2.45 2.69 2.58 0.00 2.65 2.14 0.00 0.00 3.34 3.33 2.97 2.81 2.32 3.10 15668784
3.61 2.37 2.75 2.43 3.08 2.30 2.22 2.57 2.39 2.42 2.17 2.25 3.15 2.36 3.25 2.38 2.42 2.62 3.34 3.37 2.53 2.06 3.12 2.58 0.00 4.14 2.80 2.34 2.65 2.34 2.14 2.70 15681874
3.86 2.40 3.73 2.44 2.69 2.52 2.21 2.65 2.15 2.55 2.20 2.60 2.14 2.07 2.17 2.35 2.30 2.90 2.54 3.92 2.50 3.50 3.64 0.00 0.00 3.38 2.95 2.37 2.88 2.49 2.22 2.47 15694964
2.98 2.64 2.75 2.53 2.35 2.39 2.27 2.48 2.53 2.55 2.61 2.53 2.99 2.67 2.92 2.68 2.13 2.78 2.55 2.52 2.18 2.57 2.72 2.19 0.00 3.34 3.07 0.00 2.51 2.41 2.56 4.85 15708054
0.00 2.67 2.18 2.55 2.54 2.23 2.49 2.58 2.22 2.27 2.40 2.61 2.82 2.46 2.26 2.74 2.11 2.12 3.29 2.38 2.80 2.89 2.49 2.24 0.00 3.41 2.33 2.52 2.65 2.29 2.57 2.85 15721144
2.16 2.73 2.13 2.45 2.21 2.36 2.26 2.11 2.23 2.22 2.84 3.18 2.31 2.42 2.44 3.66 2.40 3.16 3.20 2.89 3.02 3.66 2.23 2.44 0.00 2.16 2.44 0.00 2.94 2.35 2.41 0.00 15734234
2.21 2.05 2.40 2.49 2.33 2.39 2.21 2.22 2.36 2.24 2.42 2.49 2.36 2.55 2.43 2.52 2.06 2.65 2.40 3.22 2.58 2.12 2.83 2.24 0.00 2.25 3.03 2.78 2.48 3.09 2.77 2.20 15747324
2.11 2.29 2.94 2.56 2.87 2.39 2.20 2.11 2.17 2.40 2.42 3.12 2.13 2.34 2.54 2.13 2.18 2.31 2.32 2.07 2.11 2.85 2.50 2.41 0.00 2.66 2.11 2.21 2.83 2.31 2.61 2.68 15760414
2.30 2.32 3.08 2.29 2.67 2.78 2.36 2.49 2.38 2.41 2.40 3.12 2.04 2.53 2.39 2.31 2.19 2.16 3.25 2.21 2.34 2.88 2.67 2.22 0.00 0.00 2.19 2.41 2.38 2.37 2.19 2.65 15773504
2.49 2.13 2.57 2.65 2.60 2.27 2.19 2.44 2.15 2.30 2.33 2.22 2.36 3.23 2.83 2.30 2.35 2.23 2.80 2.84 2.50 0.00 2.56 2.11 0.00 2.79 2.31 2.68 2.41 2.45 2.08 2.60 15786594
2.37 2.29 2.30 2.88 2.60 2.56 2.22 2.42 2.40 2.37 2.69 2.15 2.32 2.16 2.44 2.30 2.41 2.50 2.69 2.27 2.39 2.70 2.26 2.34 0.00 2.50 2.58 2.36 2.83 2.42 2.24 2.52 15799684
2.08 2.48 2.27 2.52 2.50 2.50 2.58 2.22 2.04 2.27 2.29 2.54 2.54 2.94 2.61 2.34 2.08 2.57 2.40 2.15 2.26 2.06 2.27 2.08 0.00 2.59 2.50 3.54 2.57 2.28 2.16 2.28 15812774
2.11 2.37 2.96 2.77 2.38 2.38 2.10 2.56 3.34 2.24 2.34 2.42 2.19 2.22 2.50 2.08 2.47 2.43 3.29 2.44 2.37 2.26 2.60 2.43 0.00 3.51 2.41 0.00 2.85 2.57 2.34 3.09 15825864
2.59 2.78 2.43 2.52 2.77 2.31 0.00 2.28 2.89 2.30 2.51 2.44 2.73 2.25 2.68 2.67 2.43 2.12 2.42 2.41 2.30 0.00 2.35 2.41 0.00 2.15 2.57 2.20 2.80 2.34 2.92 2.37 15838954
2.07 2.29 2.25 2.59 2.20 2.33 2.23 2.11 2.41 2.54 2.59 3.17 2.88 2.56 2.17 2.64 2.14 2.38 2.42 2.36 2.31 2.40 2.76 2.54 0.00 2.97 2.45 2.58 2.36 2.56 2.42 2.25 15852044
2.20 2.42 2.46 2.54 2.24 2.39 2.50 2.41 2.45 2.51 2.16 2.39 2.15 3.14 2.53 2.61 2.27 2.39 2.77 2.33 2.41 2.17 2.25 2.08 0.00 2.39 2.29 0.00 2.49 2.86 2.31 3.20 15865134
2.53 2.52 2.21 2.59 2.21 2.34 2.64 2.13 2.80 2.43 2.39 2.30 2.16 2.28 2.33 2.44 2.28 2.19 2.65 2.19 2.59 0.00 2.35 2.21 0.00 3.00 2.58 3.03 2.15 2.84 2.18 3.09 15878224
2.21 2.76 2.73 2.30 2.34 2.42 2.41 2.38 2.31 2.69 2.07 2.53 2.69 2.14 2.41 2.26 2.17 2.35 2.27 2.41 2.25 2.22 2.24 2.53 0.00 2.80 2.44 2.56 2.38 2.40 2.07 3.37 15891314
2.83 2.39 3.61 2.27 2.66 2.31 2.84 2.42 2.63 2.43 2.85 2.29 2.82 2.55 2.47 2.12 2.23 2.15 2.42 2.27 2.58 0.00 2.64 2.92 0.00 2.13 2.46 2.53 2.19 2.11 2.45 2.46 15904404
2.19 2.63 2.08 2.70 2.92 2.70 2.48 2.48 2.60 2.41 2.36 2.29 2.59 2.57 2.56 2.54 2.27 2.08 3.08 2.52 2.17 2.14 2.38 2.05 0.00 2.65 2.29 2.18 2.79 2.40 2.33 2.22 15917494
2.11 2.70 2.25 2.57 2.63 2.46 2.23 2.59 2.50 2.16 3.39 3.51 2.24 2.51 2.48 2.62 2.44 2.49 2.99 2.69 2.26 2.42 2.62 2.31 0.00 3.36 2.47 2.22 2.97 2.63 2.20 2.50 15930584
2.04 2.22 2.17 2.34 2.66 3.24 2.80 2.58 2.92 2.19 2.19 2.44 2.50 2.44 2.38 2.32 2.12 2.76 2.38 3.44 2.51 2.32 2.59 2.21 0.00 2.19 2.18 2.17 2.24 2.29 2.24 2.76 15943674
2.11 2.39 2.92 2.36 2.41 2.23 2.68 2.39 2.40 2.79 2.38 2.46 2.61 2.22 2.98 2.19 2.57 2.15 2.26 2.30 2.21 4.38 2.41 2.63 0.00 2.36 2.57 0.00 2.31 2.29 2.49 2.52 15956764
2.50 2.17 2.20 2.18 2.05 2.32 2.35 2.39 2.34 2.15 2.32 3.43 2.67 2.91 2.67 2.22 2.31 2.36 2.43 2.24 3.25 2.73 2.32 2.17 0.00 3.62 2.41 2.24 2.18 2.29 2.72 2.64 15969854
2.73 2.59 2.21 2.73 2.31 2.49 2.33 2.49 2.51 2.65 2.54 2.71 2.48 2.32 2.54 2.50 2.38 2.60 2.46 2.40 2.28 0.00 2.34 2.19 0.00 3.00 2.43 2.14 2.88 3.44 2.12 3.16 15982944
2.22 2.57 2.24 2.59 2.57 2.36 2.66 2.51 3.15 2.51 2.27 2.65 2.95 2.39 2.19 2.45 2.21 2.52 3.54 2.45 2.62 2.55 2.23 2.30 0.00 2.72 2.19 2.08 2.67 2.94 2.32 2.51 15996034
2.54 2.50 2.51 2.57 2.30 2.17 2.40 2.48 2.46 2.18 2.14 0.00 2.42 3.05 2.69 2.33 2.63 2.26 2.68 2.64 2.27 3.49 2.34 2.18 0.00 3.55 2.36 2.43 2.54 2.99 2.27 2.43 16009124
2.23 2.23 2.12 2.46 2.26 2.69 2.65 3.08 2.47 2.36 2.36 2.38 2.90 2.40 2.22 2.26 2.35 2.64 2.98 2.60 2.09 0.00 2.43 0.00 0.00 2.75 2.32 2.17 2.45 2.59 2.52 3.53 16022214
2.99 2.55 2.08 2.47 2.13 2.17 2.26 2.57 2.29 2.45 2.27 2.97 2.61 2.32 2.38 3.26 2.34 2.65 2.22 2.32 2.54 2.28 2.36 2.33 0.00 2.60 2.82 2.48 2.30 2.68 2.25 2.65 16035304
2.41 2.36 2.25 2.66 2.55 2.51 2.59 3.02 2.36 2.33 2.46 2.83 2.15 2.45 2.63 2.88 2.31 2.46 2.88 2.02 2.47 0.00 2.73 2.25 0.00 3.27 2.29 3.83 2.79 2.68 2.43 2.65 16048394
2.23 2.50 2.59 2.57 2.24 2.63 2.33 2.69 2.44 3.15 2.52 3.69 2.47 2.27 3.66 2.21 2.46 2.07 3.09 2.30 2.48 2.46 2.37 2.33 0.00 3.42 2.53 2.76 2.37 2.92 2.34 3.81 16061484
2.89 2.47 2.58 2.29 2.28 2.39 2.46 2.46 2.52 2.40 2.92 2.74 2.83 2.32 2.58 2.32 2.35 2.43 2.70 2.17 2.74 2.78 2.22 0.00 0.00 3.11 2.61 3.62 2.38 2.66 2.35 2.61 16074574
2.37 2.45 3.42 2.38 2.66 2.71 2.64 2.72 2.67 2.44 2.65 2.39 3.05 2.67 4.86 3.23 2.44 2.26 2.23 3.22 2.61 2.33 2.75 2.53 0.00 3.11 3.01 2.97 2.66 2.51 2.50 3.38 16087664
2.59 2.30 2.69 2.41 2.36 2.69 2.70 3.29 2.45 2.27 2.64 2.27 3.31 2.47 3.90 3.03 2.51 2.46 2.31 2.81 2.58 0.00 2.83 2.11 0.00 2.97 2.67 4.24 2.68 2.53 2.12 3.64 16100754
2.11 2.45 2.24 2.40 2.72 2.42 3.01 2.22 2.57 2.26 2.34 2.95 2.98 2.54 4.17 3.82 2.23 2.41 2.54 2.30 2.44 0.00 2.29 0.00 0.00 3.22 2.87 3.63 2.18 2.57 2.71 2.06 16113844
3.53 2.19 3.19 2.63 2.74 2.74 2.43 4.17 2.15 2.20 2.30 2.38 3.48 2.89 4.97 2.36 2.18 2.66 2.80 2.29 2.43 2.18 2.38 2.59 0.00 2.91 2.56 2.61 2.47 4.42 2.44 3.18 16126934
2.20 2.51 2.23 3.10 3.30 2.41 2.93 2.43 2.47 2.33 2.99 2.34 3.88 2.61 4.27 2.11 2.13 2.35 3.30 3.19 2.36 2.84 2.19 2.12 0.00 3.35 2.25 3.04 2.38 2.53 2.60 3.35 16140024
3.66 2.47 2.87 2.38 2.18 2.86 3.06 2.53 2.43 2.55 2.21 3.07 3.21 2.57 3.90 2.33 2.09 3.44 3.58 2.92 2.67 2.91 2.94 2.19 0.00 3.36 2.35 3.42 2.57 2.61 2.73 3.02 16153114
4.83 2.36 3.51 2.40 3.34 2.18 2.83 4.10 2.59 3.12 2.54 4.09 2.89 2.31 5.48 6.08 2.33 2.67 2.96 3.04 2.16 2.87 2.49 2.09 0.00 3.14 2.26 2.99 2.77 2.23 2.05 3.25 16166204
2.22 2.55 5.11 2.47 3.63 2.41 2.47 4.38 2.22 2.37 2.50 4.93 3.93 2.65 5.31 2.52 2.36 3.61 4.95 2.76 2.62 2.66 2.27 2.58 0.00 3.52 2.57 3.90 3.21 3.17 2.67 3.97 16179294
2.48 2.27 3.43 2.86 5.10 2.48 3.05 4.98 2.66 2.39 2.58 3.51 3.45 2.38 4.66 2.70 2.33 2.82 2.87 2.48 2.97 4.83 2.56 2.47 0.00 3.49 2.28 3.21 3.46 2.94 2.45 3.79 16192384
3.70 2.97 3.64 2.25 2.11 2.90 3.45 3.06 2.78 2.56 3.60 5.80 4.01 2.32 5.22 2.66 2.26 2.44 2.33 2.16 2.42 2.50 3.04 2.21 0.00 3.88 3.53 2.83 2.43 3.40 2.54 3.63 16205474
0.00 2.61 4.12 2.36 2.88 2.73 2.47 3.57 2.41 2.32 2.71 3.35 4.00 2.40 3.64 3.13 2.14 3.61 2.74 2.99 2.77 2.98 2.55 2.37 0.00 3.79 2.17 3.21 2.84 5.92 2.97 2.74 16218564
2.46 2.35 4.80 2.29 2.26 2.83 2.75 4.93 3.20 2.52 3.50 6.23 3.60 2.39 5.09 2.78 2.05 2.66 4.09 3.38 2.42 2.94 2.18 2.78 0.00 3.37 3.39 4.06 2.78 2.33 2.12 3.08 16231654
2.80 2.78 3.75 2.56 4.51 2.81 3.44 2.49 2.19 2.30 2.78 4.09 3.69 3.01 4.11 4.83 2.15 2.96 2.98 2.41 2.54 2.15 2.79 2.94 0.00 3.63 2.46 3.75 4.24 3.47 2.60 2.55 16244744
2.64 2.62 4.39 2.13 3.10 3.34 2.81 4.62 2.33 2.71 2.84 3.39 3.81 3.28 3.07 2.74 2.13 3.06 2.55 5.99 3.26 5.06 2.90 2.38 0.00 3.31 3.32 3.40 2.54 3.52 2.17 3.65 16257834
4.68 2.49 3.68 2.16 4.39 2.74 2.42 5.53 2.57 2.85 3.02 2.44 3.73 2.84 4.41 5.87 2.13 3.26 4.24 7.95 2.43 5.12 2.63 3.10 0.00 4.01 2.91 3.96 2.85 3.85 3.46 2.82 16270924
0.00 2.50 4.38 2.39 5.18 3.20 2.82 2.21 2.69 3.03 3.36 3.11 3.97 2.27 5.05 3.34 2.24 2.29 2.42 9.19 2.40 4.21 3.22 0.00 0.00 0.00 2.40 3.42 2.34 4.10 2.23 3.71 16284014
2.24 3.00 2.82 2.35 4.67 2.49 2.89 3.79 2.94 2.21 3.27 4.80 4.34 3.04 3.56 3.55 2.16 3.36 3.63 2.64 2.98 0.00 2.61 2.51 0.00 3.76 2.93 2.50 2.40 5.23 2.63 3.78 16297104
5.17 2.80 4.73 2.50 3.23 2.82 3.80 4.45 2.55 2.63 2.51 5.57 3.59 3.99 4.97 4.17 2.15 2.22 3.07 9.13 3.02 5.01 2.66 2.69 0.00 3.60 3.03 3.90 2.50 4.92 3.13 3.81 16310194
3.87 2.26 3.55 3.16 5.28 4.07 3.00 5.91 2.68 2.58 4.83 6.17 4.47 2.97 3.65 4.23 2.18 3.11 5.24 9.20 3.62 0.00 2.53 2.40 0.00 4.00 2.31 4.32 3.07 2.56 2.97 3.36 16323284
3.22 2.43 4.58 2.37 3.74 2.40 3.10 3.07 2.75 2.64 3.69 6.21 0.00 4.81 5.49 5.71 2.22 3.16 2.24 9.17 2.37 2.92 3.00 2.15 0.00 3.75 2.92 4.32 3.22 2.94 2.60 3.25 16336374
4.61 2.60 4.79 2.58 4.94 3.85 3.65 3.19 2.94 2.94 3.08 4.56 4.33 2.56 4.03 5.78 2.08 2.66 3.06 9.25 3.11 4.81 2.35 2.48 0.00 3.55 2.30 3.84 2.45 2.62 2.99 3.94 16349464
3.55 2.62 3.15 2.41 5.00 2.64 3.65 4.31 2.33 2.62 2.55 6.12 4.34 3.52 3.13 2.78 2.17 3.26 3.60 3.99 2.77 4.92 2.24 2.33 0.00 3.55 3.91 3.63 3.95 2.54 2.80 3.89 16362554
0.00 2.59 4.97 2.39 5.09 3.16 3.46 2.18 2.74 2.36 2.27 6.28 4.33 4.53 4.65 4.98 2.23 3.37 2.60 8.19 2.55 4.84 2.50 4.29 0.00 3.57 2.72 4.28 4.47 4.22 3.36 3.94 16375644
3.76 2.64 4.75 2.09 4.99 3.33 3.38 3.46 2.62 2.39 3.81 6.15 3.76 4.09 3.54 3.10 2.24 3.79 3.48 7.87 2.85 0.00 2.58 2.04 0.00 3.74 3.18 4.15 3.05 3.75 2.77 4.01 16388734
4.31 2.96 5.05 2.61 5.04 3.94 3.45 5.67 2.10 2.19 2.77 6.24 3.78 2.77 4.11 5.47 2.12 3.80 5.54 9.20 2.51 0.00 2.49 2.30 0.00 3.54 2.20 3.68 2.88 5.01 3.42 4.15 16401824
2.98 2.83 4.91 2.18 5.05 5.13 3.55 3.07 2.81 2.41 4.15 6.06 3.24 4.33 5.39 5.23 2.23 3.62 5.73 9.11 2.84 0.00 3.71 2.50 0.00 3.56 3.04 3.94 2.82 5.52 2.79 4.01 16414914
5.23 3.05 5.06 2.44 5.09 5.28 3.67 4.42 2.37 2.45 5.23 6.07 3.91 3.49 5.28 4.92 2.09 3.50 2.59 9.14 2.63 4.63 3.31 3.54 0.00 3.38 3.43 4.25 2.88 3.20 2.95 3.84 16428004
4.86 2.91 5.17 2.32 5.00 5.22 3.12 5.90 2.58 2.79 3.94 5.98 3.96 3.89 4.08 4.12 2.02 3.03 5.21 9.13 2.51 4.69 3.37 4.22 0.00 3.21 3.17 3.86 3.69 3.63 3.38 3.98 16441094
0.00 3.00 5.17 2.80 4.98 5.19 2.69 5.91 2.30 2.33 4.53 5.88 4.00 2.41 5.15 6.11 2.60 3.43 2.49 9.16 3.48 5.22 3.61 2.89 0.00 3.31 2.90 4.47 3.84 4.09 2.74 3.86 16454184
0.00 2.88 5.72 2.56 4.72 5.21 3.40 5.79 2.77 3.05 3.99 4.98 4.31 4.04 4.06 4.86 2.02 3.68 3.52 0.00 2.70 5.01 3.84 4.22 0.00 3.04 3.45 4.18 2.92 5.36 3.11 3.85 16467274
0.00 2.95 5.04 2.79 4.76 5.16 3.16 4.14 2.66 2.23 2.97 5.94 2.86 2.58 5.22 5.43 2.55 3.60 6.08 9.17 3.39 4.63 3.09 2.19 0.00 3.22 3.45 4.19 5.24 7.23 3.36 3.92 16480364
0.00 2.99 4.80 2.68 4.66 5.12 3.54 5.98 2.36 2.33 5.06 6.05 4.52 3.46 2.36 5.43 2.10 3.25 3.74 9.13 3.61 4.67 3.37 0.00 0.00 2.79 3.37 4.36 3.39 6.28 3.43 3.91 16493454
0.00 3.01 4.96 2.20 4.80 5.42 3.30 6.02 2.19 2.93 3.57 5.96 4.33 3.52 5.19 5.41 2.15 3.38 3.13 9.08 3.27 4.88 3.46 4.06 0.00 2.84 3.49 4.17 4.19 6.79 3.68 3.98 16506544
0.00 3.03 5.13 2.30 4.62 5.09 3.60 3.72 2.43 2.42 5.25 5.22 4.23 4.95 5.31 5.41 2.10 2.31 3.02 9.14 3.34 4.80 2.63 2.18 0.00 2.82 3.46 4.62 3.80 6.90 3.47 4.02 16519634
0.00 2.96 5.14 2.58 4.67 5.01 3.40 3.26 2.48 2.29 3.81 4.71 4.26 4.86 5.28 4.76 2.14 3.53 5.95 9.12 3.11 4.90 3.80 2.37 0.00 3.06 3.49 4.51 3.27 5.80 3.65 3.96 16532724
0.00 3.06 4.95 3.03 4.77 4.88 0.00 5.69 2.58 2.73 5.14 5.17 4.46 4.22 5.53 5.50 2.11 3.56 4.17 9.06 3.44 0.00 2.65 4.17 0.00 2.86 3.47 4.59 5.07 4.48 3.70 3.93 16545814
0.00 2.98 5.24 2.57 5.18 4.86 3.72 0.00 2.56 2.71 5.35 6.09 4.41 3.68 5.33 5.39 2.19 3.55 5.13 9.14 3.22 4.96 2.46 3.65 0.00 2.73 3.57 4.40 5.69 7.09 3.00 4.10 16558904
0.00 2.83 4.93 2.30 4.73 4.82 3.40 6.06 2.53 2.88 5.39 6.27 4.33 4.02 5.39 5.53 2.11 3.51 5.15 9.08 3.20 4.86 7.75 3.12 0.00 2.96 3.44 4.51 5.43 6.06 3.50 4.07 16571994
0.00 2.98 5.19 2.46 4.82 4.16 3.33 5.98 2.53 3.85 5.41 6.11 4.28 4.94 5.35 5.29 2.11 3.23 5.73 9.14 3.57 4.94 2.42 2.66 0.00 3.09 3.51 3.98 4.09 6.73 3.86 4.02 16585084
0.00 3.00 4.88 3.20 4.86 4.79 0.00 5.73 2.54 2.38 5.58 6.27 4.39 4.88 5.35 5.28 2.25 3.73 6.94 9.07 3.50 4.65 3.07 4.44 0.00 3.12 3.57 4.38 5.72 6.75 3.70 3.99 16598174
0.00 2.96 4.93 3.39 4.89 4.77 3.31 6.34 2.56 2.61 5.46 6.20 4.32 4.92 5.32 5.34 2.51 3.79 6.12 9.13 3.49 0.00 0.00 4.41 0.00 3.25 3.74 4.35 5.79 6.81 3.68 4.27 16611264
0.00 3.03 5.07 2.95 4.99 4.81 3.25 0.00 2.66 3.83 5.50 6.40 4.31 4.89 5.33 5.27 2.10 3.82 6.55 9.14 3.41 4.67 3.85 4.65 0.00 3.11 3.27 4.65 5.61 3.27 2.99 4.09 16624354
0.00 2.95 5.02 2.75 4.88 4.79 3.90 6.34 2.63 2.77 5.48 6.21 4.40 4.96 5.29 5.31 2.18 3.65 6.80 9.08 3.32 4.80 4.72 0.00 0.00 3.49 3.76 4.35 5.65 6.97 3.57 4.21 16637444
0.00 2.99 5.15 0.00 5.00 4.78 3.33 6.08 2.69 4.06 5.56 6.60 4.28 4.93 5.34 5.23 2.13 3.64 7.15 9.09 3.45 4.69 4.61 0.00 0.00 3.09 3.82 4.87 5.73 7.05 3.66 4.07 16650534
0.00 2.94 5.01 2.80 5.07 4.80 3.35 6.24 2.75 3.86 5.57 6.51 4.28 4.92 5.27 5.74 2.11 4.19 6.57 9.12 3.10 0.00 4.91 4.62 0.00 3.34 3.25 4.40 5.28 6.95 3.66 4.18 16663624
0.00 3.00 4.86 2.94 5.09 4.84 3.56 6.34 2.80 3.62 5.64 6.49 4.31 4.92 5.37 5.35 2.07 3.84 6.77 9.13 3.33 0.00 0.00 0.00 0.00 3.18 3.85 4.19 5.81 6.81 3.65 4.28 16676714
5.58 2.98 4.92 2.74 5.12 4.84 3.72 6.27 2.79 3.47 5.66 6.30 4.41 4.94 5.29 5.33 2.08 4.06 6.53 9.14 3.29 4.66 0.00 4.79 0.00 0.00 3.80 4.45 5.15 6.92 3.71 4.23 16689804
5.26 2.93 5.14 3.05 5.06 4.89 3.70 0.00 3.31 4.30 5.82 6.23 4.23 4.92 5.43 5.38 2.15 4.03 6.99 9.15 3.00 4.81 0.00 4.18 0.00 3.51 3.70 4.75 5.76 6.92 3.69 4.12 16702894
0.00 2.83 4.94 2.64 5.45 4.90 0.00 6.40 2.93 4.21 5.72 6.20 4.25 4.92 0.00 5.45 2.13 3.73 6.08 9.10 3.50 4.51 3.27 5.41 0.00 3.58 3.58 4.38 5.71 7.09 3.67 4.08 16715984
5.32 3.02 5.00 3.12 5.10 4.89 3.75 6.03 2.96 4.34 5.77 6.22 4.17 3.52 5.40 5.31 2.14 3.88 5.15 9.09 3.27 4.53 0.00 4.69 0.00 4.00 3.80 4.38 5.66 6.94 3.60 4.79 16729074
5.37 3.02 4.83 3.02 5.15 4.92 3.29 6.00 2.98 3.65 5.83 6.24 4.06 4.94 5.28 5.38 2.10 3.80 6.63 9.09 3.45 4.95 3.29 5.38 0.00 3.60 3.76 4.29 4.80 7.07 3.67 0.00 16742164
5.38 3.00 5.03 2.76 5.19 5.00 0.00 6.02 2.84 3.48 6.03 6.17 4.14 4.90 5.26 5.33 2.13 3.72 3.31 9.07 3.19 0.00 0.00 5.53 0.00 3.74 3.90 4.49 5.79 6.92 4.00 4.43 16755254
5.58 3.02 5.14 2.63 5.18 4.99 0.00 6.12 2.73 4.29 5.91 6.24 4.20 4.93 5.35 5.58 2.11 3.66 4.64 9.14 3.18 4.52 4.84 4.36 0.00 3.55 3.95 5.10 5.32 6.92 3.79 4.05 16768344
4.90 2.86 4.94 2.96 5.17 5.08 3.32 5.97 2.55 2.21 5.96 6.20 4.13 4.88 5.27 5.35 2.15 2.96 6.31 9.07 3.33 0.00 8.95 4.56 0.00 3.78 3.94 4.42 5.12 7.03 3.66 4.07 16781434
5.54 2.88 4.82 2.95 5.22 5.05 0.00 5.82 2.70 3.56 6.01 6.27 4.10 4.66 5.26 5.38 2.30 3.58 6.63 9.08 3.38 4.51 4.15 3.63 0.00 3.86 4.03 4.46 3.98 6.95 3.43 4.21 16794524
5.44 2.99 5.24 2.58 5.28 5.03 3.29 6.18 2.64 4.29 5.88 6.41 4.08 4.49 5.21 5.45 2.11 3.53 6.43 9.10 2.79 4.62 3.44 0.00 0.00 3.83 4.27 4.61 5.73 7.02 3.74 4.09 16807614
5.15 3.01 5.20 2.90 5.23 5.04 3.32 0.00 2.69 4.24 5.93 0.00 4.10 4.83 5.25 5.43 2.05 3.29 6.88 9.06 3.36 4.64 2.48 5.13 0.00 3.77 4.49 4.53 5.77 6.95 4.07 4.49 16820704
0.00 3.02 5.08 2.91 5.67 4.63 3.36 6.14 2.57 4.03 5.98 6.36 4.21 4.81 5.33 5.47 2.09 3.43 6.78 9.10 3.34 4.66 8.89 4.20 0.00 3.72 4.60 3.77 2.39 7.01 3.76 4.14 16833794
0.00 3.05 5.01 2.89 5.18 5.11 3.39 6.17 2.61 2.68 5.22 6.34 4.11 4.60 5.21 5.49 2.17 3.39 6.76 9.09 3.34 4.58 4.40 0.00 0.00 2.60 4.74 4.59 4.23 5.71 3.79 4.13 16846884
0.00 2.96 5.30 2.15 5.12 5.20 3.91 5.96 2.59 4.43 5.96 6.29 4.10 4.18 5.14 5.63 2.38 3.52 6.25 9.15 2.64 0.00 2.88 2.45 0.00 3.81 4.28 4.86 5.86 6.58 3.57 4.13 16859974
0.00 2.89 4.89 2.59 5.06 5.09 3.43 5.90 2.62 3.89 5.83 6.33 3.66 4.08 5.29 5.76 2.05 4.03 2.90 9.02 3.75 0.00 5.09 2.37 0.00 3.47 6.66 2.62 2.96 3.08 3.70 4.12 16873064
0.00 3.00 5.24 0.00 5.03 5.14 3.49 5.95 2.65 2.60 5.96 6.31 3.51 4.08 5.01 5.84 2.10 3.39 6.23 9.15 3.37 5.29 3.57 4.53 0.00 5.21 6.68 4.82 2.75 5.42 3.16 4.31 16886154
5.40 2.97 4.95 2.91 4.80 5.08 0.00 5.97 2.70 4.57 6.07 6.38 3.50 3.38 5.11 5.97 2.08 3.48 6.64 9.05 3.46 4.74 5.30 4.42 0.00 5.01 6.59 4.56 4.62 5.19 3.75 4.12 16899244
0.00 2.98 5.21 2.50 4.95 5.04 3.32 4.21 2.67 3.06 6.02 6.35 3.42 4.09 4.75 5.03 2.13 3.46 6.68 9.01 3.60 4.90 3.92 3.01 0.00 4.89 6.56 4.66 3.39 6.82 3.80 4.06 16912334
0.00 2.94 4.81 3.22 4.42 5.09 3.39 6.15 2.69 3.86 5.94 6.36 3.56 4.05 4.61 5.98 2.09 3.58 6.49 9.16 3.51 5.21 5.67 3.55 0.00 5.36 2.17 4.46 3.64 6.90 3.83 4.15 16925424
0.00 2.92 5.11 2.12 4.38 5.05 3.33 5.99 2.81 4.12 5.97 0.00 3.42 3.52 4.46 5.91 2.89 3.51 6.82 9.14 3.53 4.73 4.55 0.00 0.00 4.94 6.62 4.54 5.08 7.12 3.78 4.22 16938514
0.00 3.01 5.03 3.01 4.37 5.02 0.00 6.11 2.78 4.72 6.04 5.78 3.45 2.60 4.39 5.70 2.07 3.77 6.55 9.17 3.62 4.92 0.00 4.56 0.00 4.83 6.34 4.23 6.18 7.26 3.71 4.09 16951604
5.44 2.92 5.05 2.63 4.31 4.71 0.00 5.81 2.73 4.90 6.08 7.06 3.45 3.72 4.40 5.22 0.00 3.24 6.80 9.11 3.29 4.80 5.46 4.43 0.00 4.72 6.95 4.40 2.60 6.99 3.74 4.39 16964694
5.51 2.85 4.94 0.00 4.32 4.81 0.00 5.73 2.92 4.91 6.20 6.68 3.50 3.87 4.42 5.08 2.01 3.66 6.61 9.08 3.27 5.42 3.21 3.13 0.00 4.52 6.94 4.80 5.88 6.89 3.78 4.20 16977784
5.36 2.89 4.89 2.96 4.35 4.69 0.00 5.47 2.80 2.90 6.07 6.40 3.53 3.91 4.64 5.08 2.22 3.69 4.88 9.08 3.78 4.78 0.00 2.23 0.00 3.89 6.90 4.86 5.96 7.13 3.80 4.12 16990874
5.51 2.95 4.88 2.73 4.38 4.46 3.62 5.46 2.88 3.56 6.07 6.37 3.46 3.14 4.37 4.91 2.17 3.56 7.12 9.12 3.91 5.10 2.63 4.26 0.00 4.74 6.58 4.40 3.99 5.18 4.04 4.17 17003964
5.34 2.96 5.64 2.69 4.35 4.42 0.00 4.91 2.70 4.03 6.05 6.21 3.60 2.26 4.81 5.13 2.14 3.85 6.91 9.12 4.10 5.24 5.35 4.70 0.00 4.75 6.66 4.58 5.92 5.43 4.23 4.17 17017054
5.27 2.76 5.09 2.62 4.40 4.44 3.29 5.06 2.94 2.94 6.06 6.34 3.91 3.53 5.02 5.02 2.17 3.90 6.46 9.10 4.17 5.01 4.66 3.15 0.00 4.65 6.00 4.66 4.08 7.15 3.80 4.16 17030144
5.26 2.90 5.07 2.81 4.30 4.50 0.00 4.78 3.02 2.46 6.12 6.75 3.79 3.22 4.93 5.08 2.02 3.91 6.74 0.00 4.24 5.09 0.00 4.60 0.00 4.82 6.34 4.38 5.82 6.53 3.83 4.20 17043234
5.48 2.97 5.34 2.35 4.36 4.44 0.00 4.97 3.19 5.11 6.21 6.20 4.05 4.19 4.98 5.47 2.84 3.59 6.46 9.13 4.26 0.00 4.65 4.32 0.00 4.60 6.52 3.77 4.47 6.96 3.94 4.19 17056324
5.74 3.02 5.18 2.81 4.49 4.42 0.00 4.57 3.18 5.18 6.22 6.23 3.87 4.17 4.94 5.46 2.13 3.94 6.94 9.02 3.68 0.00 9.03 4.45 0.00 4.74 6.41 4.40 5.76 7.11 3.85 4.49 17069414
5.36 3.03 5.48 0.00 4.33 4.39 3.59 4.65 3.24 3.06 6.28 6.21 3.99 4.26 3.94 5.43 0.00 3.63 6.71 9.07 4.26 5.08 0.00 5.20 0.00 4.73 6.06 4.35 5.74 7.71 3.86 0.00 17082504
0.00 3.04 5.14 2.76 4.32 4.38 0.00 4.38 3.24 4.46 6.12 6.45 4.04 4.29 5.09 5.75 2.70 3.65 5.77 9.09 4.63 5.11 3.76 3.89 0.00 4.79 6.42 4.57 5.68 7.27 3.90 4.20 17095594
5.90 2.92 5.68 0.00 4.62 4.55 0.00 4.72 3.75 5.31 6.22 6.16 4.23 3.99 5.07 5.72 2.09 3.78 6.25 9.69 4.33 0.00 3.91 5.06 0.00 4.70 5.86 4.54 5.85 7.05 2.98 4.21 17108684
5.42 3.01 4.97 2.79 4.41 4.38 3.31 3.97 3.74 5.44 6.24 6.55 3.99 2.94 5.05 5.86 0.00 3.71 6.70 9.26 4.62 5.56 3.08 4.09 0.00 4.84 6.42 4.72 5.50 7.08 3.85 4.25 17121774
5.38 3.00 0.00 0.00 4.41 4.43 3.22 3.95 3.43 5.28 6.61 6.22 0.00 4.45 5.07 5.87 0.00 3.68 6.30 0.00 4.63 5.13 0.00 0.00 0.00 4.96 6.09 4.62 5.79 7.17 3.91 4.15 17134864
5.25 3.02 5.00 2.86 4.65 4.37 0.00 3.80 3.55 5.58 6.31 6.20 4.08 4.40 5.29 5.99 0.00 3.83 6.77 9.06 4.57 0.00 0.00 4.61 0.00 4.80 6.53 4.16 5.63 7.12 3.90 4.24 17147954
5.13 2.99 5.20 2.90 4.43 4.41 0.00 3.68 3.80 5.63 6.29 6.21 4.07 4.40 5.20 6.10 2.68 3.75 6.33 9.06 4.64 5.14 0.00 4.67 0.00 4.85 6.15 4.25 5.62 7.08 3.91 4.13 17161044
5.17 2.93 4.93 3.19 4.47 4.35 3.73 3.53 3.78 4.50 6.28 6.19 4.09 4.49 5.27 6.25 2.11 4.07 6.69 9.07 4.59 5.19 0.00 4.88 0.00 4.74 6.32 4.34 5.54 7.12 3.94 4.19 17174134
5.23 3.03 5.19 3.08 4.36 4.41 0.00 3.51 3.59 5.56 5.98 0.00 4.05 4.55 5.32 6.18 2.11 3.75 6.38 0.00 4.76 0.00 0.00 4.53 0.00 4.60 6.16 4.28 5.57 7.38 3.93 4.18 17187224
5.31 3.02 0.00 2.74 4.32 4.34 3.33 3.74 3.59 5.64 6.25 6.18 4.80 4.63 5.16 6.34 0.00 3.67 6.84 0.00 4.58 5.37 0.00 4.46 0.00 4.76 6.50 0.00 5.71 7.43 3.89 4.19 17200314
5.71 2.98 5.10 2.93 4.36 4.37 0.00 3.87 3.83 5.73 6.27 6.29 4.15 4.79 5.24 6.21 2.81 3.52 6.27 0.00 4.75 0.00 0.00 5.19 0.00 4.80 6.29 5.00 5.68 7.34 4.04 4.17 17213404
5.18 2.98 5.16 2.73 4.34 4.36 0.00 4.01 3.93 5.78 6.23 6.24 4.04 4.62 5.27 6.70 2.50 3.60 6.30 9.12 4.60 5.28 0.00 4.58 0.00 4.67 6.73 4.94 5.51 7.09 3.97 4.35 17226494
5.92 2.99 5.20 3.21 4.33 4.39 0.00 3.47 3.75 5.75 6.55 6.20 4.14 4.76 5.19 6.24 2.08 3.76 6.63 9.12 4.64 0.00 0.00 4.98 0.00 4.92 6.41 4.20 6.03 7.27 3.94 0.00 17239584
5.50 3.01 5.12 2.55 4.36 4.38 3.28 3.33 4.00 5.68 6.21 6.18 0.00 4.60 5.85 6.24 2.96 3.58 7.21 9.16 4.65 5.19 0.00 0.00 0.00 4.65 6.33 4.25 0.00 7.08 3.95 4.26 17252674
5.15 3.03 0.00 3.02 4.52 4.41 0.00 3.50 3.84 5.74 6.21 6.10 4.16 4.61 5.28 6.86 0.00 3.67 7.38 9.37 5.03 0.00 0.00 5.19 0.00 5.31 6.21 4.40 5.75 7.37 3.96 0.00 17265764
5.17 3.02 5.08 3.03 4.47 4.39 0.00 3.32 3.92 5.73 6.19 0.00 4.18 4.72 5.22 6.33 0.00 3.70 6.94 9.66 4.81 5.25 0.00 4.68 0.00 4.70 6.27 4.80 5.91 7.31 4.06 4.18 17278854
5.09 3.02 5.28 2.89 4.50 4.46 0.00 3.39 4.01 5.74 6.13 6.11 4.19 4.77 5.23 6.25 2.34 3.62 0.00 9.30 4.60 5.30 0.00 4.68 0.00 4.70 6.16 0.00 5.61 7.16 3.98 4.18 17291944
5.12 3.02 5.28 2.69 4.46 4.42 0.00 3.35 4.02 5.74 6.22 6.27 4.25 4.97 5.22 6.39 0.00 3.68 6.64 9.35 4.60 5.16 0.00 4.63 0.00 4.73 6.26 4.57 5.68 7.45 3.91 4.18 17305034
5.23 3.01 5.26 2.85 4.38 4.36 0.00 3.25 4.04 5.78 6.30 6.23 4.27 4.65 5.33 6.27 2.25 3.58 6.95 9.36 4.57 0.00 0.00 4.62 0.00 4.88 6.18 4.54 5.54 7.13 3.97 4.79 17318124
5.26 2.99 0.00 3.34 4.44 4.40 0.00 3.61 4.33 5.77 6.26 6.20 4.20 4.77 0.00 6.41 2.02 3.76 6.42 9.17 4.93 5.26 0.00 4.63 0.00 5.28 6.24 4.17 5.53 7.16 3.96 4.17 17331214
5.17 3.00 5.10 3.05 4.52 4.39 0.00 3.68 4.25 5.85 6.25 6.20 4.12 4.71 0.00 6.98 0.00 3.65 6.67 0.00 4.72 5.32 0.00 4.59 0.00 4.68 6.23 4.22 5.63 7.09 3.98 4.18 17344304
4.92 3.03 0.00 2.99 4.40 4.39 0.00 3.35 4.19 5.81 6.51 6.13 4.36 4.73 5.29 6.48 0.00 3.56 6.45 9.18 4.65 0.00 0.00 4.58 0.00 4.67 6.33 4.32 5.61 7.56 3.95 4.32 17357394
4.92 3.02 0.00 0.00 4.39 4.45 0.00 3.57 4.10 5.88 6.23 6.14 4.14 4.95 5.36 6.59 2.64 3.54 6.54 0.00 4.73 5.84 0.00 4.56 0.00 4.63 6.23 4.53 5.61 7.10 4.57 4.22 17370484
5.05 2.94 5.34 0.00 4.49 4.42 0.00 3.38 4.08 5.83 6.33 6.11 4.05 4.91 5.24 6.29 0.00 3.62 6.53 0.00 4.77 5.25 0.00 4.62 0.00 4.54 6.17 4.38 5.54 7.10 3.95 0.00 17383574
5.08 3.02 5.64 2.87 4.40 4.41 0.00 3.21 4.22 5.84 6.24 6.13 4.09 5.13 5.25 6.31 0.00 3.72 6.47 0.00 4.61 5.38 0.00 3.91 0.00 0.00 6.25 4.38 5.73 7.13 4.04 0.00 17396664
5.28 3.01 0.00 3.06 0.00 4.40 0.00 3.26 4.25 5.87 6.18 0.00 4.65 5.06 5.33 7.02 2.07 3.61 6.34 0.00 4.80 5.43 0.00 4.65 0.00 4.61 6.29 4.25 5.48 7.19 4.04 4.20 17409754
5.20 3.00 5.15 0.00 4.46 4.42 0.00 3.34 4.17 5.80 6.21 6.18 4.22 4.96 5.32 0.00 2.03 3.64 6.96 0.00 4.75 5.25 0.00 4.73 0.00 4.84 6.35 4.25 5.57 7.13 3.91 4.29 17422844
5.05 3.01 0.00 2.92 4.44 4.42 0.00 3.39 4.19 5.78 6.13 6.13 4.22 4.77 5.90 6.25 0.00 3.58 6.83 9.64 4.82 0.00 0.00 4.70 0.00 4.50 6.18 4.33 5.51 7.15 3.96 4.21 17435934
5.12 3.03 0.00 3.38 4.47 4.43 0.00 3.24 4.51 5.53 6.12 0.00 4.26 4.91 5.36 6.25 2.59 3.64 7.03 9.48 4.74 5.16 0.00 4.97 0.00 4.49 6.45 4.53 5.50 7.22 3.94 4.18 17449024
4.99 3.02 0.00 2.97 4.43 4.42 0.00 3.23 4.83 5.81 6.21 6.32 4.21 4.91 5.39 6.27 2.10 3.68 7.45 9.18 4.67 0.00 0.00 4.69 0.00 4.51 6.54 4.95 5.70 7.11 4.00 4.39 17462114
5.10 3.02 0.00 3.37 4.45 4.42 0.00 3.31 4.28 5.79 6.13 6.23 4.03 4.87 5.35 6.25 0.00 3.59 7.02 0.00 4.87 5.22 0.00 4.69 0.00 4.52 6.44 4.18 5.55 7.15 3.91 4.18 17475204
5.12 3.01 0.00 3.27 4.43 4.44 0.00 3.26 4.42 5.76 6.12 6.34 4.07 4.89 5.31 6.23 0.00 3.80 6.83 9.37 4.77 5.14 0.00 4.52 0.00 4.54 6.27 4.31 5.63 7.38 3.90 4.67 17488294
5.07 3.02 5.31 3.40 4.45 4.44 4.12 3.34 4.71 5.81 0.00 6.11 4.17 4.97 5.34 6.25 2.25 3.73 6.86 9.24 4.78 5.22 0.00 4.58 0.00 4.51 6.33 4.46 5.56 7.15 4.03 4.10 17501384
5.18 3.03 0.00 3.04 4.47 4.45 0.00 3.21 4.24 5.84 6.18 6.12 4.32 5.03 5.35 6.29 2.52 3.98 6.81 9.37 4.77 5.29 0.00 4.58 0.00 4.53 6.31 4.20 5.61 7.22 4.00 4.13 17514474
5.02 3.02 5.18 3.07 4.47 4.39 4.06 3.22 4.40 5.86 6.16 6.12 4.25 5.04 5.35 6.30 2.74 3.83 6.42 9.16 4.93 5.27 0.00 4.62 0.00 4.54 6.43 0.00 5.58 7.26 3.96 4.14 17527564
4.85 3.01 5.16 3.15 4.45 4.41 0.00 3.20 4.47 5.80 6.21 0.00 4.26 5.04 5.33 6.28 2.33 3.97 6.88 9.08 4.76 0.00 0.00 4.61 0.00 4.55 6.20 0.00 5.58 7.57 3.94 4.14 17540654
5.03 3.01 0.00 0.00 4.46 4.42 0.00 3.25 4.45 5.76 6.15 0.00 4.20 5.04 5.51 6.27 2.83 3.63 6.74 9.34 4.79 0.00 0.00 4.62 0.00 4.55 6.13 4.36 5.57 7.40 3.96 4.13 17553744
5.17 3.00 5.16 0.00 4.52 4.43 0.00 3.19 4.55 5.79 6.94 0.00 4.14 5.08 6.11 6.27 2.89 3.73 6.83 9.25 4.76 0.00 0.00 4.61 0.00 4.54 6.14 4.26 5.59 7.18 3.95 4.12 17566834
5.17 3.01 5.32 0.00 4.49 4.41 0.00 3.21 4.19 5.89 6.17 6.18 4.31 5.13 0.00 6.27 2.93 3.71 6.45 9.31 4.75 0.00 0.00 4.60 0.00 4.54 6.14 4.51 5.56 7.32 3.97 4.12 17579924
5.16 3.02 5.32 0.00 4.54 4.46 0.00 3.24 4.52 5.81 6.45 6.21 4.27 5.10 6.02 6.26 0.00 3.70 6.85 9.36 4.79 0.00 0.00 4.60 0.00 4.53 6.15 4.95 5.60 7.37 3.99 4.14 17593014
5.18 3.00 5.56 0.00 4.59 4.44 0.00 3.23 4.25 5.81 6.13 6.20 4.05 5.07 5.34 6.26 2.87 3.76 7.13 9.23 4.78 0.00 0.00 4.62 0.00 4.54 6.14 4.43 5.73 7.32 3.98 4.16 17606104
5.17 3.01 5.13 0.00 4.57 4.41 0.00 3.24 0.00 5.93 6.15 6.19 4.13 5.01 0.00 6.27 0.00 3.67 7.22 9.36 4.75 5.34 0.00 4.61 0.00 4.55 6.14 5.04 5.55 7.80 3.96 4.87 17619194
5.17 3.02 5.15 0.00 4.58 4.42 0.00 3.35 4.80 5.86 6.17 6.26 4.12 5.04 0.00 6.25 0.00 3.74 6.80 9.34 4.78 0.00 0.00 4.60 0.00 4.56 6.13 4.44 5.55 7.19 3.94 4.24 17632284
5.18 3.02 0.00 0.00 4.55 4.48 0.00 3.23 4.39 5.84 6.30 6.24 3.99 5.04 5.45 6.26 2.06 3.73 6.86 9.35 4.76 5.26 0.00 4.65 0.00 4.56 6.13 4.46 5.76 7.17 3.99 0.00 17645374
5.18 3.02 0.00 0.00 4.54 4.43 0.00 3.22 4.35 5.87 6.17 6.25 4.26 5.02 5.34 6.26 2.31 3.84 6.75 9.38 4.77 0.00 0.00 4.57 0.00 4.54 6.14 4.27 5.62 7.33 3.93 4.18 17658464
5.18 3.01 5.31 0.00 4.57 4.61 0.00 3.30 4.27 5.82 6.17 6.22 3.99 5.00 5.48 6.25 2.07 3.66 6.74 9.41 4.80 5.23 0.00 4.61 0.00 4.55 6.13 4.31 5.60 7.93 3.95 4.70 17671554
5.19 3.02 4.97 3.10 4.55 4.39 0.00 3.47 4.31 5.78 6.10 6.27 4.11 4.99 5.35 6.25 2.06 3.70 6.76 9.54 4.78 5.34 0.00 4.66 0.00 4.55 6.13 4.23 5.64 7.16 3.94 4.15 17684644
5.40 3.02 0.00 3.06 4.59 4.41 0.00 3.42 4.36 5.80 6.23 6.16 4.38 5.05 5.33 6.26 2.81 3.89 6.89 9.41 4.76 0.00 0.00 4.64 0.00 4.55 6.13 4.38 5.71 7.13 3.96 4.09 17697734
5.38 3.02 0.00 0.00 4.47 4.50 0.00 3.23 4.74 5.76 6.14 6.14 4.08 4.92 5.35 6.25 0.00 3.65 6.89 9.34 4.71 0.00 0.00 4.65 0.00 4.55 6.13 4.23 5.75 7.10 3.96 4.11 17710824
5.36 3.02 0.00 0.00 4.62 4.44 4.08 3.56 4.51 5.78 6.37 6.17 4.13 4.90 5.39 6.26 0.00 3.69 6.83 9.39 4.75 0.00 0.00 4.63 0.00 4.57 6.17 4.22 5.60 7.11 3.96 4.13 17723914
5.32 3.01 0.00 2.86 4.51 4.43 0.00 3.23 4.34 5.75 6.12 6.16 4.08 4.90 5.34 6.31 0.00 3.66 7.60 9.56 4.74 0.00 0.00 4.71 0.00 4.52 6.17 4.32 5.81 7.12 3.95 4.24 17737004
4.95 3.01 0.00 2.77 4.56 4.42 0.00 3.53 4.34 5.84 6.43 6.12 4.06 4.89 5.29 6.30 0.00 3.67 6.98 9.59 4.75 0.00 0.00 4.70 0.00 4.63 6.14 4.32 5.53 7.14 3.96 4.34 17750094
4.94 3.01 0.00 2.93 4.52 4.43 0.00 3.22 4.48 5.84 6.42 6.15 4.64 4.93 5.29 6.30 2.80 3.63 0.00 9.63 4.75 5.52 0.00 4.69 0.00 4.62 6.13 4.77 5.58 7.16 3.96 4.15 17763184
4.87 3.01 0.00 0.00 4.46 4.44 4.01 3.25 4.48 5.78 6.17 6.09 4.05 4.92 5.34 6.37 0.00 4.08 0.00 9.61 4.73 0.00 0.00 4.69 0.00 4.73 6.15 4.23 5.80 7.14 3.95 4.09 17776274
4.84 3.02 0.00 2.77 4.55 4.45 0.00 3.40 4.59 5.81 6.19 0.00 4.04 4.92 0.00 6.30 2.52 3.69 7.15 9.61 4.84 5.24 0.00 4.61 0.00 4.57 6.18 4.60 5.60 7.12 3.94 4.79 17789364
4.78 3.02 5.27 0.00 4.44 4.43 0.00 3.40 4.48 5.78 6.12 0.00 4.01 4.87 5.35 6.33 2.60 3.58 0.00 9.46 4.75 5.28 0.00 4.71 0.00 4.58 6.20 4.38 6.17 7.24 3.93 4.14 17802454
4.85 3.03 0.00 0.00 4.56 4.45 0.00 3.25 4.37 5.81 6.11 6.15 4.20 4.86 5.31 0.00 0.00 3.94 7.33 9.46 4.73 5.77 0.00 4.60 0.00 4.59 6.18 0.00 5.62 7.16 3.99 0.00 17815544
4.82 3.01 0.00 0.00 4.54 4.42 4.01 3.20 4.40 5.85 6.12 6.17 3.97 4.87 5.28 6.39 0.00 3.63 0.00 9.35 4.76 0.00 0.00 4.60 0.00 4.59 6.17 4.61 5.90 7.26 4.03 4.23 17828634
4.78 3.03 0.00 0.00 4.50 4.44 4.04 3.26 4.49 5.86 6.09 6.07 4.44 5.23 0.00 6.40 2.24 3.57 7.26 9.32 4.99 0.00 0.00 4.59 0.00 4.60 6.26 4.24 5.75 7.33 3.91 4.87 17841724
4.87 3.04 0.00 0.00 4.51 4.58 0.00 3.20 4.49 5.87 6.11 6.05 4.18 4.90 5.92 6.26 2.10 3.66 7.57 9.22 4.86 0.00 0.00 4.76 0.00 4.72 6.18 4.51 5.59 7.36 4.12 4.18 17854814
4.85 3.01 5.20 0.00 4.51 4.44 0.00 3.30 4.39 5.81 6.10 6.04 4.12 4.89 5.38 6.32 2.15 3.80 6.87 9.31 4.87 5.31 0.00 4.59 0.00 4.60 6.17 4.26 5.71 7.29 3.93 4.19 17867904
4.90 3.02 5.29 0.00 4.52 4.44 0.00 3.20 4.60 5.90 6.11 6.04 4.36 4.89 5.28 0.00 2.02 3.59 7.24 9.32 5.17 5.33 0.00 4.58 0.00 4.56 6.24 4.20 5.59 7.24 3.93 4.13 17880994
5.07 3.03 5.30 0.00 4.52 4.43 4.06 3.24 4.56 5.90 6.15 6.24 4.78 4.90 5.28 6.47 0.00 3.66 6.58 9.40 4.84 5.29 0.00 4.62 0.00 4.64 6.21 4.45 5.60 7.17 3.97 4.11 17894084
5.07 3.03 5.35 0.00 4.52 4.53 3.91 3.27 4.52 5.91 6.22 6.04 4.32 4.91 5.29 6.24 2.02 3.75 6.96 9.32 4.74 5.38 0.00 4.60 0.00 4.72 6.23 4.46 5.59 7.16 3.91 4.11 17907174
4.86 3.05 0.00 0.00 4.54 4.45 4.36 3.21 4.60 5.81 6.25 6.16 4.07 4.88 5.30 7.06 2.19 3.60 6.57 9.15 4.78 0.00 0.00 4.58 0.00 4.94 6.24 4.70 5.60 7.22 3.97 0.00 17920264
4.97 3.01 5.28 3.24 4.54 4.50 0.00 3.22 4.53 5.84 6.14 6.16 0.00 4.86 5.41 6.41 2.02 3.58 6.89 0.00 4.84 5.28 0.00 4.63 0.00 0.00 6.33 4.41 5.58 7.15 4.04 0.00 17933354
4.62 3.05 0.00 0.00 4.46 4.50 0.00 3.33 4.66 5.88 6.11 6.05 4.35 4.88 5.31 6.99 0.00 3.64 6.55 0.00 4.73 0.00 0.00 4.62 0.00 4.75 6.31 4.50 5.70 7.19 3.95 4.11 17946444
4.60 2.93 5.28 0.00 4.66 4.47 3.85 3.22 4.66 5.81 6.19 6.07 4.13 4.90 5.28 6.30 0.00 3.74 6.42 0.00 4.77 5.34 0.00 4.61 0.00 4.89 6.37 4.82 0.00 7.19 3.97 4.15 17959534
4.54 3.03 0.00 0.00 4.53 4.46 0.00 3.22 4.42 5.86 6.13 6.08 4.11 4.87 5.27 6.42 2.64 3.70 6.94 9.15 4.98 5.91 0.00 4.64 0.00 4.56 6.25 4.51 5.60 7.16 3.96 4.15 17972624
4.70 3.03 0.00 0.00 4.48 4.50 3.63 3.22 4.60 5.87 6.08 6.07 4.26 5.14 5.29 6.34 0.00 3.72 6.94 9.85 4.81 5.27 0.00 4.65 0.00 0.00 6.18 4.34 5.58 7.27 3.97 4.91 17985714
4.69 3.02 5.55 3.36 4.43 4.51 3.73 3.30 4.90 5.82 6.10 0.00 4.55 5.12 5.31 6.44 2.72 3.69 6.49 9.82 5.04 5.34 0.00 4.62 0.00 4.69 6.51 4.23 5.73 7.12 4.37 4.13 17998804
4.59 2.94 5.33 0.00 4.46 4.46 3.61 3.24 4.68 5.88 6.09 6.32 4.26 5.05 5.14 6.50 0.00 3.66 6.52 0.00 4.84 5.59 0.00 4.60 0.00 4.71 6.09 4.44 5.60 7.30 3.93 4.13 18011894
4.50 2.93 5.28 0.00 4.48 4.46 3.64 3.25 4.44 5.82 6.36 6.93 4.25 4.98 5.23 6.39 0.00 3.70 7.17 9.85 4.83 5.53 0.00 4.52 0.00 5.09 6.25 0.00 5.63 7.12 3.98 4.13 18024984
4.51 2.91 5.28 0.00 4.46 4.45 3.66 3.28 4.42 5.89 6.21 6.06 4.05 5.10 5.92 6.39 2.75 4.64 6.34 9.78 4.86 5.29 0.00 4.52 0.00 4.50 6.26 4.36 5.52 7.19 4.11 4.16 18038074
4.77 2.93 5.64 0.00 4.48 4.49 3.71 3.22 4.72 5.85 6.10 6.06 4.29 5.11 5.13 6.40 2.81 3.64 6.38 9.59 4.87 5.32 0.00 4.54 0.00 4.54 6.36 0.00 5.58 7.15 3.94 4.86 18051164
4.71 2.93 0.00 2.76 4.48 4.48 3.76 3.18 4.53 5.89 6.15 0.00 4.29 5.09 5.16 6.40 0.00 3.65 6.38 9.32 4.98 5.27 0.00 4.52 0.00 4.53 6.32 4.60 5.62 7.17 3.94 4.30 18064254
4.61 2.93 0.00 0.00 4.45 4.48 3.71 3.24 4.57 5.87 6.22 6.29 4.36 5.12 5.14 6.39 2.81 3.82 6.33 9.63 4.97 0.00 0.00 4.52 0.00 4.55 6.23 4.18 5.65 7.20 3.96 4.15 18077344
4.60 2.92 0.00 0.00 4.45 4.47 3.70 3.21 4.56 5.88 6.16 6.22 4.32 5.10 5.19 6.40 0.00 4.05 6.35 9.76 4.81 0.00 0.00 4.56 0.00 4.51 6.32 4.48 5.77 7.20 4.07 4.21 18090434
4.61 2.93 0.00 0.00 4.44 4.49 3.71 3.21 4.47 5.87 6.10 6.08 4.18 5.10 5.23 6.38 2.05 3.65 6.36 9.57 0.00 5.85 0.00 4.55 0.00 4.52 6.07 0.00 5.74 7.23 3.94 4.17 18103524
4.61 2.91 5.32 0.00 4.46 4.50 3.68 3.24 4.42 5.88 6.15 6.09 4.19 5.09 5.18 6.38 2.65 3.60 6.39 9.71 4.77 5.29 0.00 4.59 0.00 4.53 6.07 4.17 5.71 7.18 4.00 4.23 18116614
4.73 2.93 0.00 2.82 4.45 4.56 3.69 3.30 4.56 5.86 6.08 6.10 4.20 5.08 5.20 6.39 2.84 3.62 6.38 0.00 4.82 5.23 0.00 4.53 0.00 4.53 6.27 0.00 5.60 7.13 4.03 4.18 18129704
4.60 2.92 0.00 0.00 4.46 4.57 3.70 3.20 4.50 5.86 6.07 6.09 4.20 5.07 5.17 6.38 2.01 3.68 6.37 0.00 4.93 0.00 0.00 4.53 0.00 4.54 6.29 0.00 5.79 7.19 4.28 4.25 18142794
4.61 2.94 0.00 3.19 4.45 4.55 3.71 3.28 4.56 5.83 6.16 6.13 4.55 5.08 5.27 6.39 2.79 3.60 6.37 9.59 4.92 0.00 0.00 4.52 0.00 4.56 6.10 4.59 5.77 7.17 4.16 4.22 18155884
4.66 2.94 0.00 2.79 4.45 4.53 3.72 3.14 5.18 5.88 6.14 6.13 0.00 5.08 5.33 6.39 2.80 3.68 6.38 9.63 5.02 0.00 0.00 4.51 0.00 4.56 6.10 4.26 5.81 7.16 4.00 0.00 18168974
4.60 2.93 5.35 0.00 4.45 4.53 3.71 3.17 4.54 5.82 6.13 6.16 4.60 5.08 0.00 6.39 2.82 3.70 6.37 9.59 5.04 0.00 0.00 4.50 0.00 4.55 6.11 4.40 5.69 7.18 3.99 4.31 18182064
4.62 2.93 0.00 0.00 4.46 4.55 3.69 3.17 4.83 5.93 6.17 6.15 4.56 5.09 5.13 6.39 2.81 3.72 6.36 9.61 5.23 0.00 0.00 4.51 0.00 4.54 6.11 4.26 5.81 7.18 3.93 4.16 18195154