0.00 3.02 3.91 0.00 8.08 8.20 0.00 0.00 4.32 5.22 5.68 6.14 5.49 6.59 7.83 8.64 2.34 4.08 0.00 9.25 0.00 0.00 0.00 4.84 0.00 3.69 3.95 4.68 6.04 6.28 6.59 6.50 1256215
0.00 3.01 3.91 0.00 8.08 8.21 0.00 0.00 4.32 5.23 5.68 6.14 5.49 6.59 7.81 8.66 2.34 4.31 0.00 9.08 0.00 0.00 0.00 4.74 0.00 3.11 3.96 4.67 6.05 6.27 6.60 6.48 1269305
0.00 3.01 3.92 0.00 8.08 8.21 0.00 0.00 4.31 5.22 5.68 0.00 5.50 6.60 7.83 8.68 2.34 4.22 0.00 9.09 0.00 0.00 0.00 4.75 0.00 0.00 3.95 4.67 6.06 6.26 6.60 6.49 1282395
0.00 3.01 3.89 0.00 8.07 8.20 0.00 0.00 4.31 5.22 5.69 0.00 5.50 6.60 7.90 8.67 2.28 4.21 0.00 9.08 0.00 0.00 0.00 4.78 0.00 0.00 3.95 4.67 6.05 6.24 6.60 6.48 1295485
0.00 3.01 3.90 0.00 8.08 8.21 0.00 0.00 4.32 5.22 5.67 0.00 5.50 6.59 8.24 8.67 2.13 4.20 0.00 9.09 0.00 0.00 0.00 4.79 0.00 0.00 3.95 4.67 6.06 6.24 6.60 6.49 1308575
0.00 3.01 3.90 0.00 8.07 8.20 0.00 0.00 4.31 5.23 5.68 0.00 5.50 6.60 8.26 8.66 2.13 3.92 0.00 9.08 0.00 0.00 0.00 4.79 0.00 0.00 3.95 4.67 6.06 6.24 6.59 6.48 1321665
0.00 3.01 3.90 0.00 8.08 8.21 0.00 0.00 4.32 5.22 5.68 0.00 5.50 6.60 8.26 8.68 2.08 3.90 0.00 9.09 0.00 0.00 0.00 4.79 0.00 0.00 3.96 4.67 6.07 6.23 6.60 6.49 1334755
0.00 3.01 3.89 0.00 8.06 8.20 0.00 0.00 4.32 5.22 5.68 0.00 5.50 6.60 8.26 8.66 2.08 3.89 0.00 9.08 0.00 0.00 0.00 4.79 0.00 0.00 3.96 4.66 6.06 6.22 6.59 6.48 1347845
0.00 3.02 3.88 0.00 8.05 8.22 0.00 0.00 4.32 5.23 5.68 0.00 5.52 6.59 7.66 8.63 2.07 3.87 0.00 9.10 0.00 0.00 0.00 4.81 0.00 0.00 3.94 4.67 6.06 6.23 6.60 6.48 1360935
0.00 3.01 3.88 0.00 8.04 8.21 0.00 0.00 4.31 5.23 5.67 6.00 5.51 6.58 7.63 8.59 2.18 3.96 0.00 9.21 6.47 0.00 9.67 0.00 0.00 0.00 4.11 4.69 6.07 6.22 6.60 7.12 1374025
0.00 3.03 3.90 0.00 8.02 8.22 0.00 0.00 4.31 5.22 5.67 5.95 5.55 6.59 7.73 8.55 2.11 3.97 0.00 9.19 6.24 7.18 0.00 4.78 0.00 0.00 4.10 4.66 6.01 6.20 6.55 0.00 1387115
0.00 3.03 3.95 0.00 8.01 8.22 0.00 0.00 4.31 5.21 5.68 0.00 5.49 6.59 7.96 8.55 2.04 3.96 0.00 9.17 6.22 0.00 0.00 4.72 0.00 0.00 4.10 5.05 6.17 6.25 6.62 0.00 1400205
0.00 3.02 3.92 0.00 8.04 8.25 0.00 0.00 4.32 5.23 5.69 5.92 5.53 6.68 7.84 8.61 2.04 4.00 0.00 9.18 0.00 0.00 9.78 4.84 0.00 0.00 4.11 4.56 6.02 6.27 6.66 0.00 1413295
0.00 3.01 3.85 0.00 8.02 8.28 0.00 0.00 4.34 5.20 5.73 0.00 5.99 6.58 8.36 8.75 2.03 3.86 0.00 9.14 0.00 0.00 9.79 4.72 0.00 0.00 4.11 4.78 0.00 6.28 6.71 6.95 1426385
0.00 3.04 3.86 0.00 8.01 8.29 0.00 0.00 4.31 5.27 5.70 0.00 5.51 6.54 7.77 8.69 2.03 3.86 0.00 9.15 6.50 6.57 0.00 4.83 0.00 0.00 4.12 4.69 5.99 6.36 6.59 0.00 1439475
0.00 3.03 3.93 0.00 8.04 8.28 0.00 0.00 4.34 5.27 5.82 5.90 5.41 6.52 7.68 8.71 2.02 3.89 0.00 9.17 0.00 6.56 0.00 4.70 0.00 0.00 4.12 4.74 6.06 6.10 6.60 0.00 1452565
0.00 3.02 3.95 0.00 8.04 8.22 0.00 0.00 4.36 5.23 5.87 5.95 5.41 6.67 7.79 8.60 0.00 3.93 0.00 9.17 0.00 6.55 0.00 4.72 0.00 0.00 4.11 5.22 5.96 6.14 6.63 6.42 1465655
0.00 3.02 3.87 0.00 8.06 8.22 0.00 0.00 4.39 5.24 5.69 5.86 5.42 6.49 8.08 8.52 2.01 3.93 0.00 9.17 0.00 6.53 0.00 4.73 0.00 3.04 4.11 4.86 5.98 6.13 6.57 6.41 1478745
0.00 3.05 3.90 0.00 8.01 8.23 0.00 0.00 4.36 5.22 5.69 5.90 5.66 6.48 7.50 8.49 0.00 3.96 0.00 9.19 0.00 6.79 0.00 4.68 0.00 3.27 4.12 4.82 6.09 0.00 6.60 0.00 1491835
0.00 3.02 3.91 0.00 0.00 8.20 0.00 0.00 4.37 5.45 5.68 5.89 5.67 6.50 7.62 8.47 0.00 3.91 0.00 9.19 0.00 6.52 0.00 4.70 0.00 3.07 4.11 4.54 6.02 6.14 6.68 0.00 1504925
0.00 3.03 3.92 0.00 0.00 8.31 0.00 0.00 4.36 5.21 5.80 5.95 5.43 6.49 7.58 8.58 0.00 3.89 0.00 9.20 0.00 6.55 0.00 4.66 0.00 3.06 4.10 4.68 6.13 6.21 6.65 6.40 1518015
0.00 3.05 3.95 0.00 8.06 8.22 0.00 0.00 4.36 5.25 5.71 5.95 5.46 6.49 7.58 8.71 0.00 3.90 0.00 9.19 0.00 6.62 0.00 4.74 0.00 3.06 4.04 4.56 6.06 6.14 6.74 0.00 1531105
0.00 3.03 3.94 0.00 8.18 8.22 0.00 0.00 4.34 5.23 5.70 5.99 5.77 6.56 7.82 8.72 0.00 3.90 0.00 9.17 6.26 6.55 0.00 0.00 0.00 3.11 4.03 0.00 6.00 6.16 6.82 0.00 1544195
0.00 3.03 0.00 0.00 8.17 8.20 0.00 0.00 4.44 5.24 5.69 5.90 5.43 6.55 7.85 8.75 0.00 3.78 0.00 9.17 6.23 6.54 0.00 4.85 0.00 3.13 4.03 4.56 6.07 6.34 6.63 6.36 1557285
0.00 3.03 3.84 0.00 8.21 8.29 0.00 0.00 4.45 5.27 5.72 0.00 5.43 6.45 7.65 8.78 0.00 3.88 0.00 9.14 0.00 6.53 9.93 0.00 0.00 2.99 4.04 5.16 5.98 6.23 6.58 6.27 1570375
0.00 3.04 3.88 0.00 0.00 8.28 0.00 0.00 4.46 5.25 5.73 5.93 5.57 6.78 7.61 0.00 2.83 3.88 0.00 9.14 6.19 7.03 9.98 4.88 0.00 3.28 4.03 4.59 0.00 6.22 6.63 6.52 1583465
0.00 3.04 3.86 0.00 8.06 8.28 0.00 0.00 4.50 5.32 5.68 6.64 5.43 6.48 7.59 0.00 2.83 3.90 0.00 9.14 0.00 6.98 9.96 0.00 0.00 2.97 4.03 5.07 0.00 6.19 6.63 0.00 1596555
0.00 3.05 3.86 0.00 8.08 8.28 0.00 0.00 4.57 5.28 5.69 6.07 5.40 6.46 7.48 0.00 2.82 4.13 0.00 9.14 0.00 6.34 0.00 0.00 0.00 2.97 4.06 4.75 0.00 0.00 6.70 6.45 1609645
0.00 3.03 3.85 0.00 8.09 8.29 0.00 0.00 4.37 5.36 5.79 6.69 5.44 6.45 7.64 0.00 2.81 3.62 0.00 9.17 6.27 6.32 9.81 4.68 0.00 3.06 4.05 5.70 6.05 6.10 6.94 6.33 1622735
0.00 3.03 3.84 5.53 8.02 8.27 0.00 0.00 4.49 5.23 6.07 5.91 5.63 6.47 7.45 8.36 3.05 4.22 0.00 9.15 6.38 0.00 0.00 4.71 0.00 3.00 4.02 4.73 5.98 6.23 0.00 0.00 1635825
6.02 3.01 3.94 0.00 8.03 8.22 0.00 0.00 4.42 5.30 5.79 6.04 5.76 6.70 7.56 8.45 2.00 3.68 0.00 9.18 6.48 6.29 0.00 0.00 0.00 3.17 4.03 4.69 5.94 6.11 6.59 6.65 1648915
0.00 3.03 3.92 0.00 7.98 8.18 0.00 0.00 4.53 5.23 5.76 5.96 5.51 6.58 7.63 8.25 0.00 3.61 0.00 9.06 6.20 0.00 0.00 4.93 0.00 3.22 3.92 4.93 6.06 6.14 7.28 0.00 1662005
5.67 3.04 3.89 0.00 7.99 8.30 0.00 0.00 4.44 5.24 5.74 5.93 5.67 6.59 7.67 8.18 0.00 3.73 0.00 9.12 6.72 6.29 0.00 0.00 0.00 3.14 3.92 4.97 6.15 6.15 6.67 6.36 1675095
0.00 3.04 4.06 0.00 7.98 8.30 0.00 0.00 4.45 5.25 5.70 5.98 5.47 6.57 7.43 0.00 0.00 3.72 0.00 9.21 0.00 6.57 0.00 5.18 0.00 2.98 3.91 0.00 5.98 6.12 7.05 0.00 1688185
5.46 3.06 4.13 0.00 8.00 8.15 0.00 0.00 4.31 5.25 5.73 6.01 5.41 6.37 7.57 8.03 3.14 3.62 0.00 9.17 6.39 6.72 0.00 3.83 0.00 3.08 4.08 4.62 5.97 6.14 6.64 6.32 1701275
0.00 3.00 3.87 0.00 8.00 8.22 0.00 0.00 4.44 5.31 5.71 6.11 5.63 6.42 7.33 8.29 3.12 3.65 0.00 9.76 6.40 6.40 0.00 5.20 0.00 3.16 4.09 0.00 5.96 6.23 6.59 6.99 1714365
0.00 3.02 3.89 5.85 7.99 8.30 0.00 0.00 4.42 5.30 5.84 5.97 6.26 6.45 7.43 8.15 2.92 3.71 0.00 9.04 0.00 7.04 0.00 5.18 0.00 3.03 3.90 4.85 5.93 6.12 6.62 6.46 1727455
0.00 3.02 3.98 5.57 8.03 8.18 0.00 0.00 4.46 5.36 5.79 5.97 6.41 6.33 7.31 8.23 0.00 4.07 0.00 9.05 6.28 7.01 9.99 5.20 0.00 3.19 3.88 4.58 5.95 6.09 6.54 6.31 1740545
0.00 3.03 3.88 0.00 7.94 8.22 0.00 0.00 4.41 5.26 5.78 5.99 5.92 6.48 7.43 8.08 0.00 3.62 0.00 9.07 6.20 6.85 9.90 5.05 0.00 3.02 3.93 4.55 5.96 6.17 6.59 6.45 1753635
0.00 3.02 3.91 0.00 7.96 8.29 0.00 0.00 4.47 5.28 5.76 5.99 5.89 6.35 7.22 7.92 0.00 3.77 0.00 9.74 6.21 6.59 9.85 4.99 0.00 3.03 3.87 5.13 5.94 6.14 6.76 6.35 1766725
0.00 3.04 3.90 0.00 8.05 8.25 0.00 0.00 4.50 5.28 5.82 5.96 5.48 6.54 7.28 8.25 0.00 3.78 0.00 9.73 6.27 7.08 0.00 4.99 0.00 3.04 3.88 4.53 5.97 6.14 6.55 6.34 1779815
0.00 3.02 3.91 0.00 8.04 8.27 0.00 0.00 4.42 5.30 5.74 5.95 5.51 6.48 7.46 7.83 0.00 3.73 0.00 9.22 6.21 0.00 9.93 5.22 0.00 3.04 3.91 4.91 5.93 6.13 0.00 6.35 1792905
0.00 3.03 3.92 5.52 8.19 8.28 0.00 0.00 4.40 5.28 5.79 5.94 5.52 6.37 7.31 8.07 0.00 3.99 0.00 9.74 6.43 0.00 9.72 5.05 0.00 3.03 3.94 4.64 5.97 6.13 6.59 6.37 1805995
0.00 3.04 3.95 0.00 8.19 8.27 0.00 0.00 4.42 5.33 5.79 5.90 5.48 6.37 7.28 7.98 2.80 3.87 0.00 9.07 6.44 0.00 9.65 5.03 0.00 3.04 4.13 0.00 5.97 6.11 6.64 6.76 1819085
0.00 3.05 3.96 0.00 8.16 8.27 0.00 0.00 4.40 5.30 5.78 6.04 5.72 7.06 7.33 8.50 0.00 3.75 0.00 9.72 6.33 0.00 9.69 4.98 0.00 3.03 3.89 4.61 5.97 6.13 0.00 0.00 1832175
0.00 3.02 3.97 0.00 8.14 8.27 0.00 0.00 4.38 5.30 5.75 6.00 5.69 6.43 7.42 7.78 2.02 3.66 0.00 9.16 6.39 0.00 9.75 5.27 0.00 3.04 3.88 4.77 0.00 6.12 6.75 0.00 1845265
0.00 3.02 3.95 0.00 8.08 8.29 0.00 0.00 4.44 5.28 5.70 5.91 5.68 6.41 7.22 7.76 2.48 3.70 0.00 9.22 6.22 0.00 9.74 5.00 0.00 3.04 3.90 4.73 5.98 6.12 6.70 6.51 1858355
0.00 3.02 3.92 0.00 8.19 8.30 0.00 0.00 4.50 5.34 5.75 5.90 5.44 6.43 7.22 7.80 2.04 3.75 7.44 9.19 6.21 6.38 9.67 5.03 0.00 3.04 3.90 4.68 5.99 6.16 6.65 6.47 1871445
0.00 3.02 3.93 0.00 8.03 8.29 0.00 0.00 4.40 5.35 5.71 0.00 6.03 6.48 7.37 7.79 2.04 3.73 0.00 9.19 6.19 6.38 9.70 4.96 0.00 3.03 3.89 4.53 5.97 6.13 6.68 7.01 1884535
0.00 3.00 3.93 0.00 8.01 8.29 0.00 0.00 4.41 5.35 5.78 5.93 5.60 6.48 7.13 0.00 2.03 3.76 0.00 9.22 6.18 6.37 9.73 5.18 0.00 3.03 3.86 0.00 5.93 6.12 6.85 6.53 1897625
0.00 2.97 3.95 5.57 8.00 8.30 0.00 0.00 4.43 5.34 5.84 5.91 5.63 6.37 7.15 0.00 2.04 3.64 0.00 9.31 6.20 0.00 9.70 5.20 0.00 3.03 3.99 4.58 5.95 6.11 0.00 0.00 1910715
0.00 2.96 3.93 0.00 8.01 8.28 0.00 0.00 4.42 5.28 5.98 5.98 5.51 6.33 7.13 0.00 2.04 3.88 0.00 9.21 6.21 6.38 9.75 5.17 0.00 3.03 3.91 4.89 5.94 6.12 6.70 6.46 1923805
0.00 3.00 3.94 0.00 8.02 8.19 0.00 0.00 4.41 5.30 5.75 5.95 5.51 6.39 7.30 0.00 2.06 4.05 0.00 9.32 6.20 6.33 9.72 5.22 0.00 3.03 3.96 4.89 5.94 6.17 6.71 6.36 1936895
0.00 2.99 3.96 0.00 8.01 8.28 0.00 0.00 4.39 5.28 5.74 5.96 5.66 6.58 7.22 7.98 2.08 3.69 7.31 9.22 6.25 6.34 9.72 4.97 0.00 3.04 4.15 4.60 5.94 6.14 6.69 6.37 1949985
0.00 3.01 3.99 0.00 8.00 8.26 0.00 0.00 4.45 5.29 0.00 5.93 0.00 6.49 7.15 7.81 2.10 3.62 0.00 9.54 6.27 6.34 9.71 5.23 0.00 3.03 4.15 4.68 5.95 6.14 6.68 6.48 1963075
0.00 2.94 3.98 0.00 8.00 8.27 0.00 0.00 4.42 5.30 5.78 5.94 5.75 6.71 7.20 7.81 2.11 3.76 0.00 9.65 6.24 6.33 9.91 5.21 0.00 3.03 4.04 4.94 5.94 6.13 7.41 6.41 1976165
0.00 2.97 0.00 0.00 7.99 8.28 0.00 0.00 4.50 5.30 5.80 5.92 5.62 6.39 7.19 7.79 2.19 3.63 0.00 9.07 6.26 6.34 9.83 5.20 0.00 3.04 3.94 5.40 5.95 6.12 6.69 0.00 1989255
0.00 3.03 3.97 0.00 8.01 8.28 0.00 0.00 4.41 5.28 5.81 6.57 6.08 6.36 7.17 7.82 2.28 3.78 0.00 9.06 6.25 6.33 9.70 5.24 0.00 3.03 4.12 5.28 6.00 6.17 6.82 6.36 2002345
0.00 3.01 4.01 0.00 7.99 8.29 0.00 0.00 4.40 5.29 5.79 5.96 5.69 6.44 7.19 7.84 2.28 3.81 0.00 9.06 6.27 6.34 9.73 5.29 0.00 3.05 4.13 5.07 5.93 6.18 6.63 0.00 2015435
0.00 3.00 4.24 0.00 8.02 8.27 0.00 0.00 4.36 5.28 5.78 6.00 5.73 6.37 7.31 7.85 2.29 3.79 7.31 9.69 6.25 6.34 0.00 5.44 0.00 3.05 3.92 4.88 6.02 6.17 6.88 6.55 2028525
0.00 3.02 4.04 0.00 8.00 8.26 0.00 0.00 4.38 5.30 5.71 6.01 5.50 6.39 7.03 7.85 2.29 3.72 0.00 9.07 6.22 6.37 0.00 5.37 0.00 3.05 3.95 5.26 5.95 6.10 6.76 6.44 2041615
0.00 3.01 3.98 0.00 8.00 8.27 0.00 0.00 4.37 5.27 5.97 5.93 5.65 6.28 7.24 7.79 2.28 3.92 0.00 9.73 6.25 6.42 0.00 5.26 0.00 3.04 3.89 4.87 5.95 6.26 6.72 0.00 2054705
0.00 3.02 3.96 0.00 8.02 8.29 0.00 0.00 4.54 5.35 5.76 5.95 5.63 6.39 7.11 7.78 2.05 3.58 0.00 9.66 6.37 6.38 0.00 5.41 0.00 3.04 3.90 5.00 5.93 6.16 6.92 7.09 2067795
0.00 3.02 3.86 0.00 8.03 8.28 0.00 0.00 4.54 5.33 5.71 5.93 5.67 6.26 7.23 0.00 2.38 3.68 7.48 9.62 6.40 6.34 0.00 5.32 0.00 3.06 3.92 4.79 5.94 6.13 6.86 6.33 2080885
5.32 3.02 3.81 5.50 8.04 8.27 0.00 0.00 4.46 5.33 5.73 5.96 5.54 6.40 7.21 0.00 2.03 3.56 0.00 9.65 6.45 6.45 0.00 5.40 0.00 3.02 3.92 4.86 5.99 0.00 6.73 6.38 2093975
0.00 3.01 3.82 5.73 8.06 8.27 0.00 0.00 4.57 5.28 5.79 6.00 5.48 6.36 7.94 7.78 2.05 3.88 0.00 9.64 6.40 6.83 0.00 0.00 0.00 3.09 3.95 5.04 6.00 6.14 6.75 6.39 2107065
0.00 3.02 3.97 5.70 8.07 8.29 0.00 0.00 4.49 5.29 5.76 5.98 5.50 6.41 7.09 7.79 2.40 3.93 0.00 8.93 6.42 0.00 0.00 0.00 0.00 0.00 4.09 5.04 5.93 6.15 6.74 6.52 2120155
0.00 3.01 3.91 0.00 8.39 8.25 0.00 0.00 4.67 5.30 5.80 6.07 5.58 6.56 7.28 7.58 2.01 3.70 7.57 9.09 6.42 0.00 9.98 0.00 0.00 3.12 3.84 4.77 5.95 6.12 6.65 6.50 2133245
5.40 3.00 3.86 0.00 8.04 8.06 3.28 5.92 4.41 5.23 5.71 5.98 5.75 6.43 7.05 7.68 2.01 3.60 0.00 8.91 6.48 0.00 0.00 5.32 0.00 3.02 3.82 4.83 5.93 6.12 6.83 0.00 2146335
5.82 3.01 3.91 5.68 8.11 8.07 0.00 0.00 4.63 5.37 5.75 0.00 5.76 6.35 7.00 7.54 2.18 3.75 0.00 8.98 0.00 0.00 9.96 5.31 0.00 3.15 3.84 5.02 5.94 6.18 6.82 6.51 2159425
5.82 2.90 3.90 0.00 0.00 8.26 0.00 0.00 5.22 5.40 5.77 5.92 5.53 6.29 7.37 7.35 2.07 3.84 0.00 9.08 6.27 0.00 0.00 5.37 0.00 3.08 3.82 4.95 6.17 6.15 0.00 6.48 2172515
0.00 2.89 3.93 0.00 8.16 6.73 0.00 5.89 4.41 5.39 5.87 5.97 5.82 6.42 7.09 7.42 2.26 3.56 0.00 9.14 6.22 6.29 0.00 0.00 0.00 3.07 3.83 4.71 5.93 6.14 6.80 6.38 2185605
0.00 2.90 3.89 3.60 8.11 8.15 0.00 0.00 4.78 5.40 5.79 6.76 5.53 6.33 6.96 7.29 2.10 3.94 7.33 9.42 6.21 0.00 0.00 5.35 0.00 3.11 3.79 0.00 5.90 6.20 6.69 6.53 2198695
0.00 3.01 3.92 0.00 8.06 8.15 0.00 5.78 4.70 5.42 5.78 6.03 6.15 6.36 7.03 7.58 2.06 3.47 7.34 9.01 6.24 6.29 0.00 4.74 0.00 3.05 3.86 5.13 5.93 6.21 6.70 6.32 2211785
0.00 2.97 4.04 3.12 7.99 8.08 0.00 6.43 4.57 5.42 5.79 6.17 5.53 6.25 6.95 7.50 2.02 4.26 7.25 9.12 6.14 6.58 0.00 0.00 0.00 3.15 3.85 5.36 5.93 6.12 6.68 6.40 2224875
0.00 2.94 3.91 0.00 8.16 8.31 0.00 0.00 4.60 5.46 5.85 6.59 5.55 6.29 7.02 6.91 2.08 3.58 7.31 9.13 6.38 6.29 0.00 4.25 0.00 3.15 3.93 4.69 5.98 0.00 6.74 7.02 2237965
0.00 3.00 3.93 0.00 8.07 8.05 3.40 0.00 4.85 5.48 5.81 6.07 5.62 6.38 7.32 7.00 2.10 3.66 6.83 9.14 6.19 6.89 0.00 4.26 0.00 3.03 3.76 5.54 5.97 6.14 6.69 6.38 2251055
0.00 3.00 3.97 0.00 8.02 7.84 3.97 0.00 4.87 5.52 5.86 6.09 5.39 6.28 7.01 6.87 2.04 3.99 7.10 9.13 6.27 0.00 0.00 0.00 0.00 3.18 3.79 4.68 5.90 6.12 6.93 6.36 2264145
0.00 3.01 4.02 0.00 8.19 7.99 0.00 5.91 4.50 5.50 5.83 6.27 5.61 6.28 7.02 7.18 2.02 3.68 0.00 9.12 0.00 6.31 0.00 4.72 0.00 3.13 3.83 5.43 5.97 6.16 6.88 6.66 2277235
0.00 3.00 4.03 3.12 8.05 7.95 0.00 0.00 4.60 5.57 5.84 6.08 5.49 6.36 6.98 6.99 3.01 3.82 0.00 9.17 6.29 0.00 0.00 0.00 0.00 3.17 3.86 5.10 5.98 6.16 6.81 6.91 2290325
0.00 2.95 4.07 0.00 8.06 7.99 0.00 6.04 4.64 5.55 5.80 6.06 5.46 6.30 7.01 6.86 2.19 3.69 7.08 9.08 6.13 6.94 0.00 4.41 0.00 3.11 3.89 4.93 5.94 6.19 6.91 6.41 2303415
0.00 2.97 4.02 2.81 0.00 7.96 0.00 5.92 4.71 5.53 5.82 6.12 5.77 6.42 7.07 6.78 2.24 3.95 0.00 9.14 6.33 6.28 0.00 0.00 0.00 3.43 3.78 5.01 5.98 6.17 6.82 6.81 2316505
0.00 3.04 4.01 0.00 7.98 8.09 0.00 0.00 4.73 5.48 5.81 6.15 5.53 6.51 7.10 6.80 2.38 3.87 0.00 9.16 6.18 6.28 9.72 4.79 0.00 3.22 3.84 5.36 6.26 0.00 6.80 6.40 2329595
0.00 3.07 4.04 0.00 8.72 7.94 0.00 6.06 4.58 5.53 6.17 6.08 5.53 6.37 7.10 6.78 2.14 3.75 7.12 9.15 6.62 6.29 0.00 0.00 0.00 3.11 3.87 5.58 6.00 6.11 6.81 6.38 2342685
0.00 2.96 4.05 3.02 8.03 7.92 0.00 6.46 4.64 5.52 5.84 6.06 5.54 6.39 7.82 6.80 2.04 3.96 7.46 9.15 6.58 6.28 0.00 0.00 0.00 3.05 3.83 5.55 5.92 6.15 6.80 6.52 2355775
6.02 3.01 4.05 0.00 7.94 8.21 0.00 0.00 4.63 5.58 5.88 6.18 5.55 6.39 7.14 6.83 2.41 3.62 0.00 9.18 6.79 6.29 9.73 4.37 0.00 3.05 3.78 5.06 6.55 6.18 6.83 6.40 2368865
5.89 3.00 4.09 3.50 0.00 8.19 0.00 5.82 4.57 5.61 5.84 0.00 5.65 6.31 7.13 6.79 2.07 3.68 0.00 9.16 6.16 6.44 0.00 4.20 0.00 3.04 3.86 5.34 6.01 6.11 6.76 6.38 2381955
5.37 3.06 4.02 0.00 8.06 7.93 0.00 0.00 4.70 5.52 5.79 6.08 5.42 6.33 0.00 6.84 2.17 4.02 7.32 9.14 0.00 6.45 9.81 4.66 0.00 3.05 3.83 5.20 5.99 6.12 6.78 6.46 2395045
0.00 3.00 4.08 0.00 0.00 8.14 0.00 5.84 4.93 5.65 5.78 6.24 5.41 6.31 7.19 6.91 2.06 4.02 7.23 9.15 6.12 6.29 0.00 0.00 0.00 3.05 3.79 4.86 5.89 6.27 6.95 6.45 2408135
0.00 3.02 4.11 0.00 0.00 8.17 0.00 5.90 4.81 5.55 6.29 6.25 5.45 6.33 7.06 6.86 2.05 3.81 7.72 9.16 6.61 6.31 0.00 5.37 0.00 3.07 3.87 5.23 5.97 6.37 7.46 0.00 2421225
0.00 3.04 4.08 0.00 8.06 7.92 0.00 0.00 4.80 5.64 5.79 6.05 5.43 6.30 7.14 7.18 2.14 3.68 0.00 9.15 6.33 6.30 0.00 5.32 0.00 3.08 3.98 5.10 5.94 6.14 6.81 0.00 2434315
0.00 2.99 4.07 0.00 0.00 8.34 0.00 0.00 4.75 5.55 5.91 6.03 5.45 6.26 7.11 6.81 2.04 3.76 7.74 9.12 6.32 6.30 0.00 0.00 0.00 3.08 0.00 5.04 5.91 6.35 7.01 0.00 2447405
0.00 3.00 4.48 0.00 8.51 8.34 0.00 6.73 4.78 5.59 5.86 6.10 5.86 6.30 7.08 7.54 2.05 3.66 0.00 9.11 6.62 6.31 0.00 4.07 0.00 3.07 3.88 4.84 6.00 6.17 6.93 6.44 2460495
0.00 3.01 4.13 5.59 8.07 8.10 0.00 0.00 4.79 5.55 5.93 6.09 5.69 6.44 0.00 6.80 2.04 3.91 0.00 9.10 6.66 6.30 0.00 4.03 0.00 3.07 3.87 5.57 6.22 6.19 6.82 6.51 2473585
0.00 2.95 4.04 0.00 8.08 8.25 0.00 0.00 4.81 5.55 5.90 0.00 5.43 7.02 7.11 6.93 2.07 3.87 0.00 8.95 6.29 6.28 0.00 0.00 0.00 3.07 3.79 0.00 5.92 6.25 6.88 6.68 2486675
0.00 2.97 4.08 0.00 0.00 8.17 0.00 0.00 4.59 5.54 5.85 6.17 5.45 6.28 7.15 7.51 2.22 3.85 0.00 8.94 6.41 6.30 9.73 0.00 0.00 3.07 3.86 0.00 5.91 6.50 6.78 6.46 2499765
0.00 2.88 4.08 0.00 0.00 0.00 0.00 5.95 4.66 5.53 5.87 6.11 0.00 6.35 7.13 7.11 2.09 3.72 0.00 8.95 6.16 6.31 9.80 0.00 0.00 3.06 3.87 0.00 0.00 6.19 6.85 6.48 2512855
0.00 2.90 4.06 0.00 8.05 8.02 0.00 0.00 4.84 5.63 0.00 6.06 6.07 6.78 7.14 6.97 2.08 3.75 7.20 8.95 6.20 6.49 0.00 4.62 0.00 3.06 3.87 5.04 5.97 6.31 6.86 0.00 2525945
0.00 2.96 4.05 0.00 8.05 7.89 0.00 0.00 4.72 5.60 5.87 6.06 5.45 6.29 7.17 6.82 2.07 3.72 0.00 9.09 6.18 6.47 9.76 0.00 0.00 3.06 3.78 5.63 5.92 6.19 6.88 6.65 2539035
0.00 3.00 4.10 0.00 8.04 7.89 0.00 6.57 4.53 5.70 5.80 6.12 5.44 6.38 7.10 6.77 2.05 4.34 0.00 9.12 6.17 6.31 0.00 0.00 0.00 3.07 3.92 4.83 6.10 6.34 6.81 6.47 2552125
0.00 2.87 4.37 0.00 7.94 8.56 0.00 0.00 4.61 5.75 5.91 6.15 5.36 6.51 7.48 6.92 2.03 3.64 0.00 9.13 6.08 6.55 9.75 0.00 0.00 3.06 3.75 5.51 5.93 6.24 6.87 6.51 2565215
0.00 2.99 4.06 0.00 7.92 8.02 0.00 0.00 4.68 5.62 5.88 6.03 6.10 6.34 7.23 6.77 2.21 3.80 0.00 9.13 6.20 7.08 0.00 0.00 0.00 3.06 3.73 4.94 0.00 6.18 7.62 6.43 2578305
0.00 3.00 4.08 0.00 8.07 8.03 0.00 0.00 4.63 5.56 5.88 6.08 5.39 6.49 7.55 6.78 2.03 3.72 7.29 9.11 6.31 6.78 0.00 0.00 0.00 3.08 3.77 5.01 6.01 6.17 6.80 6.40 2591395
0.00 3.04 4.10 0.00 8.06 7.99 0.00 6.18 4.56 5.58 5.85 6.13 5.41 6.49 7.16 7.16 2.13 3.77 0.00 9.12 6.77 6.61 9.77 0.00 0.00 3.07 3.79 5.26 5.93 6.20 6.79 6.59 2604485
0.00 3.02 4.12 0.00 8.10 8.02 0.00 0.00 4.50 5.59 5.82 6.05 5.41 6.37 7.21 6.93 2.09 3.88 0.00 9.11 6.79 0.00 9.80 0.00 0.00 3.06 3.78 4.94 5.91 6.17 6.85 6.53 2617575
0.00 2.98 4.08 0.00 8.08 8.31 0.00 0.00 4.54 5.57 5.92 6.07 5.42 6.35 7.21 6.79 2.12 3.81 0.00 9.12 6.51 0.00 0.00 4.53 0.00 3.07 3.78 0.00 6.05 6.18 6.91 7.21 2630665
0.00 3.01 4.09 0.00 8.06 8.07 0.00 0.00 4.91 5.61 5.88 6.09 5.36 6.38 7.17 7.47 2.11 3.61 0.00 9.12 6.32 6.64 0.00 5.29 0.00 3.09 3.78 5.20 6.03 6.61 6.87 0.00 2643755
0.00 2.87 4.06 0.00 8.10 7.89 0.00 0.00 4.80 5.55 5.85 6.09 5.43 6.39 7.33 6.89 2.24 3.55 0.00 9.14 6.10 6.95 0.00 0.00 0.00 3.06 3.72 5.57 5.94 6.28 6.79 6.43 2656845
0.00 3.00 4.08 0.00 8.07 7.97 0.00 6.16 4.99 5.58 5.95 6.12 5.42 6.83 7.16 6.88 2.19 3.51 0.00 9.12 6.18 6.58 0.00 4.55 0.00 3.07 3.72 5.04 6.68 6.20 6.85 6.43 2669935
0.00 3.00 4.02 0.00 8.07 7.88 3.31 0.00 4.80 5.59 5.89 6.09 5.39 6.50 0.00 6.76 2.20 3.53 0.00 9.11 6.33 6.51 0.00 0.00 0.00 3.08 3.75 4.83 6.01 6.27 6.80 0.00 2683025
0.00 3.01 4.03 0.00 8.07 7.93 0.00 6.12 4.90 5.62 5.89 6.09 5.45 6.35 7.44 6.80 2.10 4.08 0.00 9.17 6.13 6.54 0.00 0.00 0.00 3.08 3.77 5.22 6.14 6.29 6.90 6.44 2696115
0.00 3.06 4.04 0.00 7.94 8.16 0.00 0.00 4.80 5.66 5.92 6.12 5.48 6.35 7.19 6.98 2.05 3.65 0.00 9.12 6.62 6.52 0.00 0.00 0.00 3.11 3.83 5.26 6.00 6.44 6.80 6.43 2709205
0.00 3.03 4.11 0.00 8.05 8.15 0.00 0.00 4.71 5.67 5.91 6.19 5.33 6.57 7.16 6.96 2.04 3.58 0.00 9.19 6.16 6.55 0.00 5.52 0.00 3.71 3.89 5.10 5.95 6.20 6.79 6.46 2722295
0.00 3.02 4.00 5.77 8.05 7.96 3.17 0.00 4.88 5.66 5.88 6.13 5.30 6.44 7.37 6.99 2.20 3.97 0.00 9.16 6.07 6.44 0.00 0.00 0.00 3.10 4.04 5.21 5.99 6.17 6.76 6.44 2735385
0.00 3.06 4.04 5.81 8.06 7.93 0.00 5.94 4.77 5.63 5.98 6.16 5.52 6.35 7.23 6.84 2.25 4.06 7.42 9.17 6.08 0.00 0.00 0.00 0.00 3.24 3.74 5.49 5.89 6.21 6.82 6.48 2748475
0.00 3.03 4.03 0.00 8.19 7.88 0.00 5.93 4.86 5.67 5.91 6.18 5.35 6.36 7.21 6.92 2.09 3.88 0.00 9.16 5.96 6.69 0.00 0.00 0.00 3.11 3.88 0.00 6.06 6.19 6.94 6.66 2761565
0.00 3.02 4.05 5.72 8.07 7.89 0.00 0.00 4.81 5.68 5.88 6.12 5.34 6.47 7.38 6.91 2.08 3.81 7.33 9.17 6.00 6.90 0.00 0.00 0.00 3.10 3.78 4.85 5.92 6.27 6.87 0.00 2774655
0.00 2.96 4.11 0.00 8.08 7.93 0.00 5.86 4.64 5.65 5.98 6.10 5.56 6.53 7.26 6.79 2.15 3.56 7.10 9.20 6.14 6.77 0.00 0.00 0.00 3.11 3.73 5.00 5.93 6.31 6.80 6.60 2787745
0.00 2.93 4.11 2.59 8.06 7.90 0.00 6.09 4.83 5.70 5.96 6.30 5.23 6.46 7.19 6.81 2.32 3.62 7.02 9.14 0.00 6.80 9.23 0.00 0.00 3.21 3.79 5.04 5.92 6.26 6.82 6.44 2800835
0.00 2.97 4.06 0.00 8.64 7.92 0.00 6.44 4.90 5.76 6.08 6.17 5.26 6.57 7.25 7.03 3.00 3.39 7.25 9.20 6.37 6.52 0.00 0.00 0.00 3.15 3.76 5.06 5.91 6.24 6.80 6.58 2813925
0.00 3.02 4.06 3.26 0.00 7.94 3.40 6.06 4.77 3.77 5.91 6.44 5.19 6.64 7.21 7.05 2.04 4.13 7.13 9.18 5.85 5.93 0.00 5.04 0.00 3.34 3.76 5.28 6.22 6.21 6.93 6.49 2827015
0.00 3.06 4.09 3.28 8.07 8.02 0.00 6.57 4.72 5.75 5.92 6.22 5.17 6.48 7.41 6.79 2.21 3.64 7.28 9.29 6.08 6.03 4.57 0.00 0.00 3.11 3.80 5.18 6.26 6.23 6.96 6.48 2840105
0.00 3.02 4.21 2.99 8.00 7.90 0.00 5.73 4.76 5.78 6.04 6.13 5.13 6.49 7.62 6.95 2.83 3.61 6.51 9.04 5.74 0.00 9.78 4.51 0.00 3.13 3.78 5.45 5.96 6.76 6.88 0.00 2853195
0.00 3.05 4.11 0.00 0.00 7.82 3.80 6.12 4.96 5.26 5.99 6.50 5.00 6.55 0.00 6.76 2.75 3.53 6.59 9.06 5.71 6.17 0.00 3.91 0.00 3.19 3.85 0.00 6.10 6.34 6.95 6.53 2866285
0.00 3.02 4.11 2.77 8.07 7.87 0.00 5.80 4.84 5.77 6.01 6.37 5.09 6.52 7.56 6.82 2.03 3.64 7.02 9.16 5.61 6.02 0.00 3.04 0.00 3.21 4.00 5.05 5.99 6.20 6.95 6.64 2879375
0.00 3.00 4.13 5.79 8.38 7.82 0.00 5.89 4.96 5.36 5.97 0.00 5.28 6.39 7.38 6.79 0.00 3.65 6.75 9.12 0.00 5.63 9.67 4.47 0.00 3.10 3.79 5.11 5.93 6.22 7.09 6.72 2892465
0.00 2.97 4.20 0.00 8.21 7.86 0.00 5.60 5.04 5.91 6.04 0.00 5.27 6.46 7.38 6.75 2.10 3.64 6.73 9.10 5.77 5.99 0.00 5.22 0.00 3.11 3.97 5.18 5.98 6.31 6.99 6.63 2905555
0.00 3.01 4.14 2.99 8.22 7.82 0.00 5.77 4.92 5.87 6.18 6.19 5.02 6.71 7.41 6.79 2.14 4.04 6.72 9.11 5.69 6.18 9.72 3.57 0.00 3.14 3.89 5.17 5.95 6.25 7.14 6.79 2918645
5.77 2.85 4.16 3.26 0.00 8.07 0.00 5.67 5.07 5.89 6.02 6.33 5.18 6.56 7.32 7.02 2.07 3.66 6.73 9.08 5.54 5.71 9.54 4.82 0.00 3.12 3.84 5.10 5.96 6.49 7.04 6.72 2931735
0.00 3.04 4.16 0.00 8.25 7.93 0.00 5.57 5.01 5.16 6.38 6.21 5.11 6.49 7.35 7.11 2.46 3.71 6.89 9.10 5.47 6.11 9.62 0.00 0.00 3.17 3.82 5.62 5.97 6.31 6.99 6.66 2944825
5.35 2.98 4.18 3.00 7.95 8.07 3.33 5.71 5.09 3.56 6.07 0.00 5.17 6.69 7.35 6.90 2.03 3.74 7.07 9.05 5.64 5.44 0.00 3.88 0.00 3.17 3.83 5.34 5.96 6.70 7.76 0.00 2957915
0.00 2.89 4.10 0.00 8.62 7.94 0.00 5.59 5.04 5.53 6.04 6.22 5.24 6.70 7.54 0.00 2.01 3.73 7.02 8.99 5.64 5.49 9.73 0.00 0.00 3.15 3.83 5.74 5.95 6.44 7.02 6.51 2971005
0.00 2.97 4.15 0.00 8.65 7.82 0.00 5.69 0.00 5.99 6.11 6.39 5.21 6.67 7.37 6.98 2.48 3.62 6.76 9.07 5.90 0.00 0.00 4.11 0.00 3.15 3.90 5.18 5.96 6.32 7.12 6.52 2984095
0.00 3.02 4.20 0.00 7.99 5.46 0.00 5.68 4.92 5.89 6.15 6.51 5.13 6.59 7.38 7.07 2.03 3.59 6.77 9.06 5.51 5.78 0.00 4.95 0.00 3.30 3.83 4.99 6.10 6.42 7.00 6.55 2997185
5.78 2.98 4.17 2.95 7.99 7.90 0.00 5.68 5.01 5.89 6.25 6.26 5.02 6.71 7.39 6.93 2.97 3.57 7.02 9.07 5.58 5.88 0.00 4.93 0.00 0.00 3.89 5.15 5.91 6.54 6.98 6.65 3010275
0.00 3.04 4.09 0.00 8.14 7.97 0.00 5.54 4.88 5.94 6.10 0.00 5.30 7.23 7.59 6.91 2.01 3.59 6.96 9.10 5.73 5.64 9.44 5.19 0.00 3.18 3.80 0.00 6.04 6.36 7.15 0.00 3023365
0.00 3.01 4.14 0.00 8.17 7.87 0.00 5.58 5.06 5.09 6.90 6.21 5.30 6.50 7.41 6.97 0.00 3.64 6.98 9.19 5.68 0.00 0.00 0.00 0.00 3.20 3.95 5.11 5.93 6.42 7.06 6.54 3036455
0.00 3.00 4.12 0.00 8.16 7.97 0.00 6.43 5.25 5.92 6.12 6.22 5.07 6.68 7.55 6.94 2.11 3.72 7.09 9.39 5.38 5.83 0.00 0.00 0.00 3.87 3.82 5.15 5.99 6.37 7.07 6.60 3049545
0.00 3.00 4.16 0.00 8.17 7.84 0.00 6.38 4.89 5.92 6.03 6.23 5.22 6.80 7.38 6.91 2.75 3.71 7.08 9.11 5.68 5.21 0.00 0.00 0.00 3.66 3.93 5.07 5.97 6.51 7.14 7.18 3062635
5.48 3.10 4.23 0.00 8.18 7.83 0.00 5.53 5.17 5.91 6.08 6.28 5.07 6.52 8.12 6.95 0.00 3.71 6.97 9.11 5.70 5.61 0.00 0.00 0.00 3.87 3.86 5.78 5.94 6.42 7.01 6.56 3075725
0.00 3.01 4.24 0.00 8.70 7.83 0.00 5.52 5.15 5.93 6.04 6.22 5.29 6.52 7.37 6.90 2.93 4.33 6.86 9.84 5.67 0.00 0.00 0.00 0.00 3.89 3.90 5.20 5.99 6.43 0.00 6.70 3088815
0.00 3.01 4.22 0.00 8.18 7.81 0.00 5.51 5.28 5.93 6.05 6.23 5.10 6.66 7.50 7.00 0.00 3.70 6.85 9.10 5.73 0.00 0.00 0.00 0.00 3.91 3.90 5.36 5.95 6.42 7.19 6.61 3101905
0.00 2.87 4.14 0.00 0.00 7.81 0.00 5.52 5.06 5.92 6.03 6.35 5.07 6.58 7.39 7.63 0.00 3.75 6.85 9.10 5.75 5.22 0.00 0.00 0.00 3.91 3.90 5.32 6.05 6.52 7.05 6.64 3114995
0.00 3.01 4.27 5.87 8.13 7.91 0.00 5.53 5.07 5.92 6.02 6.34 5.28 6.76 7.74 6.91 2.04 4.69 6.86 9.85 5.69 5.24 0.00 0.00 0.00 3.90 3.89 5.28 6.10 6.84 7.06 6.74 3128085
0.00 2.99 4.27 0.00 8.09 7.84 0.00 5.51 5.02 5.90 6.07 6.21 5.44 6.59 7.45 6.98 2.83 3.72 6.95 9.84 5.64 6.12 0.00 0.00 0.00 3.88 3.86 5.46 6.04 6.52 7.29 6.55 3141175
0.00 3.01 4.22 0.00 8.08 7.82 0.00 5.52 5.00 5.90 6.03 6.23 5.09 6.62 7.41 6.98 0.00 3.97 7.22 9.83 5.59 5.65 0.00 0.00 0.00 3.88 3.89 5.46 6.01 6.54 7.06 6.74 3154265
0.00 3.02 4.13 0.00 8.06 7.79 0.00 5.48 5.12 5.89 6.07 6.30 4.98 6.66 7.45 7.61 2.01 3.76 6.88 9.85 5.70 5.72 0.00 0.00 0.00 3.91 3.91 5.48 6.05 6.74 7.16 0.00 3167355
0.00 3.00 4.12 0.00 8.04 7.81 0.00 5.51 5.12 5.90 6.41 6.21 5.10 6.76 7.42 6.95 2.62 4.06 7.03 9.83 5.50 6.13 0.00 0.00 0.00 3.88 3.90 5.36 6.11 6.37 7.00 6.60 3180445
0.00 2.99 4.10 0.00 8.04 7.77 0.00 5.50 5.13 5.93 6.06 6.24 5.01 6.78 7.43 6.92 2.08 3.86 7.15 9.26 5.49 5.27 0.00 4.67 0.00 3.88 3.90 5.03 5.95 6.39 7.04 6.61 3193535
0.00 3.01 4.12 0.00 8.12 7.78 0.00 5.53 4.98 5.84 6.35 6.25 5.01 6.76 7.49 6.91 2.63 3.79 7.24 9.84 5.45 5.62 0.00 0.00 0.00 0.00 3.89 5.27 6.00 6.67 7.04 6.66 3206625
0.00 3.01 4.13 0.00 8.05 7.83 0.00 0.00 4.92 5.89 6.49 6.24 5.24 6.55 7.56 6.90 2.27 3.75 6.90 9.84 5.48 6.01 0.00 0.00 0.00 3.92 3.88 5.19 6.01 6.37 7.10 0.00 3219715
0.00 2.99 4.22 0.00 8.05 7.80 0.00 5.74 4.99 5.90 6.05 6.40 5.06 6.88 7.90 6.83 2.85 3.78 6.94 9.83 5.45 5.40 9.98 4.93 0.00 3.91 3.87 5.36 6.06 6.40 7.08 6.74 3232805
0.00 3.02 4.10 0.00 8.06 7.85 0.00 5.79 4.92 5.89 6.20 6.31 0.00 6.67 7.46 6.92 2.12 3.88 6.95 9.83 5.79 0.00 0.00 0.00 0.00 3.19 3.91 5.23 6.02 6.44 7.09 6.66 3245895
0.00 3.00 4.08 0.00 8.05 7.78 0.00 5.30 5.16 5.90 6.16 6.24 5.55 6.64 7.49 7.42 2.86 4.27 7.02 9.84 5.54 5.32 0.00 0.00 0.00 0.00 3.91 5.16 6.00 6.42 7.25 6.57 3258985
0.00 2.94 4.03 0.00 8.07 7.80 0.00 5.30 5.18 5.93 6.13 6.26 5.14 6.77 7.47 7.00 2.01 3.65 6.98 9.22 5.35 0.00 0.00 0.00 0.00 3.18 3.88 5.69 5.98 6.49 7.11 0.00 3272075
0.00 3.06 4.08 5.81 8.05 7.80 0.00 5.60 5.16 5.92 6.09 6.33 5.02 6.87 7.48 7.04 2.13 3.69 0.00 9.09 5.49 5.83 0.00 0.00 0.00 3.36 3.86 5.61 0.00 6.54 7.22 0.00 3285165
0.00 2.97 4.14 5.77 8.06 7.79 0.00 5.39 5.07 5.92 6.10 6.38 5.11 7.01 7.43 6.92 2.03 4.09 6.85 9.08 5.77 5.51 0.00 0.00 0.00 3.17 3.87 5.17 6.02 6.40 7.30 6.54 3298255
0.00 3.01 4.07 0.00 8.03 7.80 0.00 5.32 5.02 5.87 6.10 6.65 4.96 6.62 7.98 6.92 2.01 3.62 6.77 9.11 5.42 5.63 0.00 3.52 0.00 3.14 3.80 5.32 6.00 6.54 7.18 7.34 3311345
0.00 3.01 4.03 0.00 7.96 7.82 0.00 5.05 5.24 5.97 6.05 6.40 5.01 6.58 7.57 7.39 2.49 3.67 6.96 9.12 5.48 5.47 0.00 0.00 0.00 3.14 3.85 5.31 6.63 6.48 7.09 6.65 3324435
0.00 2.99 4.07 0.00 7.98 7.77 0.00 5.18 5.05 5.96 6.12 6.30 5.13 6.84 7.42 7.03 2.97 3.92 6.68 9.22 5.60 5.13 0.00 4.58 0.00 3.14 4.15 5.05 6.04 6.54 7.09 0.00 3337525
0.00 3.06 4.09 0.00 7.98 7.87 0.00 4.94 5.04 5.95 0.00 6.25 5.22 6.66 7.45 7.06 2.84 3.61 0.00 9.05 5.74 5.48 0.00 3.91 0.00 3.17 3.98 5.35 6.01 6.40 7.11 6.78 3350615
0.00 3.03 4.07 3.48 7.98 7.81 3.98 4.78 5.23 5.96 6.29 6.28 5.15 6.84 8.11 7.12 2.11 3.82 6.69 9.23 5.34 0.00 0.00 4.25 0.00 3.16 3.92 0.00 5.98 6.53 7.09 7.00 3363705
0.00 3.01 4.06 3.23 7.98 7.80 0.00 4.84 5.35 5.98 6.15 6.16 5.28 6.73 0.00 7.06 2.10 3.67 6.82 9.20 5.72 0.00 0.00 4.83 0.00 3.13 3.85 0.00 6.09 6.51 7.16 0.00 3376795
0.00 2.97 4.04 0.00 7.96 7.81 0.00 4.61 5.08 5.97 6.49 6.22 4.99 6.91 7.63 7.13 2.13 3.72 7.04 0.00 5.24 5.49 0.00 3.90 0.00 3.20 4.03 5.47 6.35 6.68 7.25 6.53 3389885
0.00 3.01 4.07 0.00 8.06 7.79 0.00 4.60 5.11 5.96 6.13 6.20 5.05 6.68 7.54 7.01 2.05 4.10 7.16 9.02 5.38 5.32 0.00 0.00 0.00 3.20 3.89 5.22 6.23 6.62 7.20 6.84 3402975
0.00 3.03 4.05 0.00 7.97 8.00 0.00 4.71 5.33 5.97 6.12 6.18 5.10 7.01 7.73 7.15 2.08 3.73 6.87 9.30 5.24 4.93 0.00 4.15 0.00 3.17 4.09 5.35 6.12 6.68 7.12 6.52 3416065
0.00 3.05 4.09 5.98 7.95 8.02 0.00 4.54 5.27 6.01 6.07 6.21 5.13 6.75 7.72 7.12 2.92 3.66 6.73 9.18 5.73 5.11 0.00 5.02 0.00 3.25 3.84 0.00 6.09 6.72 7.04 7.26 3429155
0.00 3.03 4.13 0.00 8.00 8.03 3.81 4.58 5.11 4.75 6.13 6.17 5.12 6.72 0.00 7.24 2.04 3.64 6.77 9.81 5.24 4.92 0.00 3.90 0.00 3.32 3.84 5.50 6.05 6.94 7.20 0.00 3442245
0.00 2.98 4.11 3.31 7.96 7.94 0.00 4.29 5.75 3.19 6.29 6.23 5.44 6.80 7.63 7.62 2.17 3.54 6.68 9.08 5.08 4.92 0.00 4.81 0.00 3.22 3.90 5.34 6.06 7.00 7.25 0.00 3455335
0.00 3.01 4.14 0.00 8.08 8.00 0.00 4.17 5.21 6.13 6.14 6.17 5.14 6.71 7.59 7.26 2.03 3.70 6.92 9.11 4.96 4.98 0.00 4.37 0.00 3.12 3.88 5.35 6.10 6.76 7.25 6.67 3468425
0.00 3.03 4.17 3.13 7.84 8.16 0.00 4.33 5.12 6.02 6.29 6.32 5.35 6.60 7.64 7.33 2.03 3.72 6.75 9.12 4.84 0.00 0.00 4.19 0.00 3.11 3.84 5.43 6.09 6.68 7.26 0.00 3481515
0.00 2.95 4.17 2.82 7.69 8.11 0.00 4.18 5.08 5.54 6.13 6.16 5.13 6.71 7.65 7.33 2.03 3.52 6.86 9.09 5.45 4.86 0.00 4.06 0.00 3.19 3.98 5.49 6.07 6.63 7.12 6.75 3494605
0.00 3.03 4.15 0.00 7.89 7.63 0.00 4.14 5.48 6.02 6.15 0.00 5.20 6.58 7.66 7.37 2.03 3.83 6.74 9.09 4.72 4.87 0.00 5.46 0.00 3.15 3.87 5.47 6.11 6.76 7.03 6.66 3507695
0.00 3.01 4.35 0.00 7.74 7.59 3.30 4.11 5.14 6.03 6.15 6.25 5.30 6.64 7.67 7.50 2.13 3.66 7.09 9.42 4.70 4.87 0.00 3.89 0.00 3.32 3.90 5.45 6.27 6.75 7.39 7.10 3520785
0.00 3.02 4.15 3.27 8.37 7.49 4.10 4.03 5.25 4.75 6.15 6.42 5.88 6.68 7.67 7.59 2.13 3.70 6.99 9.07 4.75 5.03 0.00 4.73 0.00 3.44 3.97 5.38 6.28 6.63 7.21 6.92 3533875
0.00 3.02 4.19 5.68 7.58 7.66 0.00 3.68 5.47 5.62 6.18 6.24 5.51 6.65 7.80 7.67 2.37 3.64 6.92 9.15 4.62 4.95 0.00 5.00 0.00 3.16 4.00 5.48 6.32 6.66 7.22 6.71 3546965
5.31 3.10 4.21 0.00 7.95 0.00 0.00 3.98 0.00 6.04 6.16 6.31 5.83 6.77 7.77 7.59 2.02 3.72 6.69 9.10 4.59 5.00 8.84 4.19 0.00 3.10 3.91 5.37 6.20 6.72 7.22 6.65 3560055
0.00 2.98 4.21 0.00 7.68 7.56 0.00 3.95 5.27 2.54 6.13 6.22 5.58 6.94 7.89 7.49 2.06 3.87 0.00 9.12 4.90 4.97 0.00 2.72 0.00 3.12 3.91 5.65 6.28 6.89 7.09 6.57 3573145
0.00 2.84 4.25 0.00 7.61 7.64 0.00 3.77 5.20 5.03 6.16 6.21 5.74 6.85 7.76 7.69 2.10 3.79 7.07 9.06 4.60 0.00 0.00 4.86 0.00 3.13 3.89 5.59 6.29 6.71 7.55 6.86 3586235
0.00 3.01 4.30 0.00 7.07 7.63 3.16 3.88 5.23 3.75 6.12 6.23 5.86 6.79 7.89 0.00 2.07 3.76 7.31 9.07 4.64 5.01 9.76 3.86 0.00 3.20 3.92 5.61 6.52 6.82 7.29 6.75 3599325
0.00 2.98 4.25 0.00 7.03 6.66 0.00 3.67 5.58 5.08 6.18 0.00 5.81 6.99 7.79 7.84 2.18 3.93 7.04 9.06 4.48 0.00 0.00 4.51 0.00 3.13 3.90 6.01 6.23 6.84 7.08 7.03 3612415
0.00 3.02 4.26 2.96 7.18 7.48 3.72 3.57 5.23 5.63 6.12 6.44 5.83 6.84 7.97 7.96 2.08 3.69 7.16 9.13 4.53 5.00 9.80 3.89 0.00 3.13 3.89 5.62 6.24 6.78 7.16 6.61 3625505
0.00 2.86 4.26 2.80 7.19 7.49 3.35 3.56 5.03 4.55 6.21 6.23 6.02 6.79 8.18 7.77 2.11 3.75 7.04 9.86 4.55 0.00 0.00 5.43 0.00 3.12 3.87 5.65 6.28 6.92 7.03 6.99 3638595
0.00 2.90 4.25 0.00 7.66 7.45 3.14 3.46 0.00 2.79 6.15 6.43 5.87 7.04 7.81 7.93 2.12 3.59 6.83 9.11 4.41 5.10 0.00 3.88 0.00 3.20 3.85 6.19 6.34 7.50 7.18 6.69 3651685
0.00 2.88 4.29 2.78 7.49 7.58 3.63 3.60 5.70 4.84 6.10 6.23 6.01 5.89 8.04 8.09 2.07 3.62 7.07 9.20 4.54 5.17 6.19 4.21 0.00 3.13 3.86 5.58 6.33 6.95 7.09 0.00 3664775
0.00 2.99 4.45 0.00 7.13 7.58 3.47 3.50 5.13 3.67 6.18 6.20 5.97 3.42 7.89 8.07 2.13 3.66 7.12 9.07 4.52 5.10 9.80 4.17 0.00 3.15 3.84 5.54 6.32 7.00 7.35 6.71 3677865
0.00 2.85 4.27 3.59 7.05 6.07 0.00 3.44 5.71 5.46 6.16 6.14 6.07 7.30 7.92 8.13 2.02 3.65 7.29 9.07 4.40 5.10 9.86 3.26 0.00 3.16 3.96 0.00 6.50 7.10 7.12 6.80 3690955
0.00 2.97 4.39 2.72 6.08 7.28 3.49 3.55 4.96 4.23 6.14 6.18 6.20 4.73 7.83 7.87 2.08 4.03 7.29 9.03 4.54 5.39 6.91 4.41 0.00 3.20 3.85 0.00 6.40 7.09 7.07 6.73 3704045
0.00 3.02 4.34 2.93 7.67 6.92 2.16 3.46 2.94 2.92 6.18 6.25 6.24 6.48 7.86 7.93 2.24 3.70 7.01 9.06 4.38 0.00 5.73 3.87 0.00 3.16 3.88 5.51 3.73 6.97 7.09 6.79 3717135
0.00 2.57 3.96 2.28 6.99 4.89 3.32 3.37 5.32 4.29 6.67 4.90 4.54 4.87 8.07 8.06 2.04 3.64 6.99 9.02 4.43 5.28 5.32 4.29 0.00 3.15 3.87 0.00 6.53 7.15 7.04 0.00 3730225
5.69 2.91 4.36 3.94 5.12 3.78 3.99 3.46 3.58 3.87 6.15 6.12 6.11 2.41 8.07 8.33 2.09 3.74 6.94 9.07 4.42 5.29 5.10 3.88 0.00 3.19 3.88 5.68 6.60 6.99 6.99 6.77 3743315
0.00 2.85 4.37 3.64 5.41 4.03 3.31 3.71 3.47 3.13 6.06 5.93 0.00 3.76 8.17 8.29 2.14 3.94 6.87 9.09 4.45 5.98 4.65 3.57 0.00 3.16 3.67 5.55 6.58 7.05 7.08 6.93 3756405
0.00 2.83 4.51 3.20 6.23 4.55 3.04 3.26 4.03 3.43 5.35 5.53 6.65 3.25 8.60 4.90 2.18 3.67 6.66 9.25 4.48 5.57 4.26 3.70 0.00 3.30 3.65 5.61 6.31 7.14 7.21 7.22 3769495
0.00 3.02 4.49 2.74 3.72 4.21 3.33 3.15 2.59 4.57 5.62 5.89 3.20 2.14 8.32 0.00 2.03 4.03 6.81 9.28 3.90 5.53 3.17 3.33 0.00 3.16 3.61 5.54 6.67 7.31 3.57 6.98 3782585
3.45 3.02 2.70 2.48 4.02 4.12 3.38 3.16 2.37 2.76 2.96 5.86 3.41 4.58 8.33 0.00 2.10 3.58 3.85 9.13 4.81 5.63 3.39 3.60 0.00 2.99 3.71 0.00 4.42 7.87 5.02 6.92 3795675
2.42 2.56 4.44 2.23 3.67 3.21 3.20 3.65 2.97 2.98 6.05 5.12 2.09 3.01 7.45 2.30 2.24 3.92 2.17 9.13 2.43 5.73 2.82 4.13 0.00 2.84 3.58 0.00 5.83 4.48 4.62 0.00 3808765
4.13 2.81 4.41 2.56 3.38 3.52 3.25 2.84 2.46 2.16 2.94 5.10 2.26 3.70 8.53 2.31 2.08 2.82 2.30 6.55 4.74 6.29 3.13 2.60 0.00 2.75 3.77 0.00 6.71 3.67 3.99 3.91 3821855
5.40 2.42 4.84 2.45 3.71 2.59 2.72 3.49 2.19 2.68 5.04 5.17 2.50 2.29 2.21 3.03 2.26 3.54 3.71 2.58 3.89 5.78 3.30 2.91 0.00 2.71 3.87 0.00 4.28 6.98 4.38 7.03 3834945
2.28 2.97 4.02 2.53 3.23 2.44 2.41 3.46 2.25 2.10 4.13 2.50 0.00 2.12 3.28 2.21 2.06 3.14 4.06 3.40 3.09 5.66 3.53 2.08 0.00 2.90 3.65 3.73 4.81 4.04 3.80 4.07 3848035
3.82 2.48 3.28 2.91 2.41 2.12 2.90 4.21 2.65 2.38 2.40 5.30 2.15 3.39 6.02 3.29 2.14 3.38 2.63 3.70 4.30 0.00 2.26 2.43 0.00 2.88 3.58 0.00 3.65 7.59 4.53 2.04 3861125
3.26 2.93 2.71 2.54 4.00 2.77 2.53 3.93 2.63 2.50 4.27 3.49 2.20 2.49 2.60 2.42 2.23 3.25 2.70 2.57 3.47 0.00 2.22 0.00 0.00 2.77 3.36 2.49 2.58 7.93 2.70 2.21 3874215
2.93 2.27 2.47 2.54 4.31 2.92 2.55 3.30 2.97 2.30 2.37 3.81 2.51 2.36 5.22 3.56 2.16 2.77 2.64 3.56 3.17 5.15 2.43 2.92 0.00 2.81 2.75 2.43 2.55 2.33 2.68 3.60 3887305
3.56 2.50 2.11 2.82 2.86 2.64 2.86 2.40 2.53 2.51 2.35 2.80 2.24 2.58 0.00 2.47 2.82 3.20 2.88 2.19 2.28 0.00 3.11 2.79 0.00 2.87 2.77 3.07 2.31 2.48 2.28 4.64 3900395
4.33 2.20 3.05 2.96 2.68 2.46 2.98 4.30 2.51 2.13 2.52 3.54 2.44 3.05 2.43 2.39 2.40 3.10 4.57 2.60 2.16 2.71 3.46 0.00 0.00 2.88 2.39 2.85 2.19 2.87 2.60 2.64 3913485
2.34 2.65 2.39 2.29 2.82 2.70 2.76 2.77 2.46 2.37 3.02 3.24 3.16 2.25 2.70 2.48 2.12 3.03 2.65 2.26 2.26 2.03 2.44 2.25 0.00 2.71 3.05 3.48 3.02 7.43 2.29 2.14 3926575
0.00 2.52 3.30 2.56 2.64 2.39 2.58 2.43 2.89 2.24 2.36 3.17 2.37 3.49 2.55 3.93 3.11 3.16 2.29 2.80 2.55 0.00 2.42 2.34 0.00 2.46 2.13 0.00 2.84 2.56 2.56 2.59 3939665
2.56 2.57 2.77 2.24 3.78 2.33 2.27 2.37 2.22 2.44 2.20 2.31 2.55 2.46 2.89 3.38 2.13 2.89 2.39 2.59 3.04 2.95 2.65 2.71 0.00 3.06 2.23 2.60 3.57 2.57 2.50 3.50 3952755
4.44 2.32 3.09 2.62 2.34 2.54 2.57 2.52 2.33 2.39 2.54 2.81 2.41 3.36 2.93 2.42 2.11 3.17 2.78 2.46 2.27 2.49 2.77 2.22 0.00 3.14 2.52 2.44 2.31 2.56 2.16 4.43 3965845
2.84 2.37 3.74 2.17 2.40 2.22 2.65 2.36 2.53 2.62 2.56 2.20 2.51 2.34 2.07 2.49 2.08 2.48 2.74 2.32 2.48 0.00 2.86 2.29 0.00 3.13 3.04 2.62 2.30 2.54 2.47 2.16 3978935
2.29 2.41 2.97 2.48 2.39 2.65 3.23 2.37 2.44 2.46 2.26 2.49 2.80 2.45 4.01 2.45 2.07 2.20 2.74 2.43 2.82 2.10 2.20 2.14 0.00 2.14 2.28 2.46 2.47 2.57 2.76 2.19 3992025
3.74 2.48 3.52 2.36 2.33 2.79 2.77 2.42 2.45 2.32 2.50 3.24 4.54 2.56 2.48 3.15 2.11 2.45 4.97 2.44 2.19 2.90 2.36 2.19 0.00 3.61 2.69 3.41 2.62 2.71 2.74 2.58 4005115
2.69 2.49 2.84 2.35 2.16 2.82 2.58 2.23 2.38 2.10 2.31 2.79 2.60 2.10 3.69 2.44 2.10 3.20 2.78 4.30 2.74 0.00 2.13 2.06 0.00 3.20 2.52 2.73 2.60 2.50 2.44 4.23 4018205
3.89 2.66 4.47 2.86 2.95 2.46 2.65 2.27 2.50 2.45 2.23 3.00 2.43 2.95 2.42 3.66 2.10 2.61 2.39 2.36 2.49 0.00 2.32 2.53 0.00 3.27 3.23 2.38 2.39 2.56 2.70 2.59 4031295
2.88 2.72 2.42 2.85 4.47 3.16 2.27 2.19 3.80 2.49 2.75 2.56 2.94 3.57 6.05 2.71 2.38 3.08 3.36 2.56 2.97 0.00 2.28 2.32 0.00 2.52 3.46 2.88 2.32 2.98 2.48 2.94 4044385
2.75 2.24 2.69 2.29 3.45 2.48 2.59 2.70 2.82 2.31 2.85 4.35 3.70 2.62 2.88 2.82 2.13 2.88 3.05 2.13 2.39 5.43 2.49 2.26 0.00 2.95 2.81 2.46 3.20 3.41 2.75 4.29 4057475
4.38 2.09 3.16 2.30 2.86 2.10 2.91 2.09 2.44 2.23 3.10 2.38 3.66 2.46 5.95 3.11 2.16 3.25 3.03 2.19 2.69 5.34 2.49 2.05 0.00 3.32 2.85 2.32 2.87 2.63 2.78 3.67 4070565
2.46 2.69 3.37 2.31 3.12 2.33 2.61 2.27 3.16 2.46 2.16 2.63 2.58 3.08 3.35 2.39 2.06 3.62 3.04 2.25 2.48 0.00 2.18 2.83 0.00 3.24 2.84 2.31 2.66 2.65 2.53 2.40 4083655
3.83 2.24 2.91 2.53 4.09 3.06 2.47 2.55 2.62 2.52 2.29 6.82 3.37 2.79 4.09 3.76 2.26 3.54 2.38 2.30 2.44 5.12 2.87 3.00 0.00 3.26 2.87 2.16 3.86 4.17 3.67 3.67 4096745
3.82 2.52 4.17 2.45 4.16 2.41 2.85 2.39 2.27 2.66 3.18 2.35 4.33 2.15 2.98 6.60 2.15 3.56 5.02 2.25 3.31 2.28 2.32 2.54 0.00 3.18 3.59 2.84 3.21 3.50 2.20 3.49 4109835
4.08 2.76 3.65 2.25 2.57 2.64 2.90 2.44 2.18 3.10 2.87 3.48 2.75 2.43 6.38 4.61 2.12 4.07 3.18 2.10 2.39 5.24 2.53 2.67 0.00 2.56 2.95 0.00 2.27 2.73 2.71 4.26 4122925
4.37 2.82 4.26 2.31 3.63 2.70 2.39 2.95 2.26 2.43 2.81 6.77 3.52 2.37 2.72 4.87 2.12 3.33 2.66 9.13 3.67 0.00 2.62 2.43 0.00 0.00 3.31 0.00 5.09 2.26 2.68 4.35 4136015
2.84 2.70 5.20 2.25 2.45 2.51 3.30 2.86 2.89 2.61 4.33 4.58 3.69 2.55 4.95 4.65 2.21 3.75 2.36 3.01 3.21 5.33 2.62 2.26 0.00 3.33 3.34 0.00 4.65 4.45 3.47 4.48 4149105
4.30 2.43 4.68 2.59 3.31 3.26 3.13 2.82 3.19 2.43 4.78 6.95 4.60 3.30 4.10 5.00 2.10 3.22 3.96 3.73 3.23 5.33 2.60 3.66 0.00 2.29 3.83 0.00 3.86 2.40 2.73 4.23 4162195
4.05 2.67 5.23 2.45 2.99 2.43 3.24 5.78 2.98 2.58 4.06 6.93 3.71 3.89 5.79 7.00 2.11 3.65 4.41 5.40 5.15 5.53 2.85 3.51 0.00 3.58 2.57 2.88 3.45 5.19 4.15 4.44 4175285
3.96 3.03 5.01 2.97 3.34 3.24 2.70 6.28 2.62 2.82 6.48 6.90 4.68 3.41 4.58 5.90 2.13 3.91 5.82 3.96 4.20 5.73 2.37 3.74 0.00 3.23 3.47 0.00 2.47 5.99 4.17 4.44 4188375
4.18 2.43 4.02 2.28 4.66 3.88 2.98 6.25 3.56 2.36 6.36 6.90 4.60 3.74 6.36 4.10 2.05 3.40 2.75 8.96 5.37 6.04 2.34 2.14 0.00 3.24 3.88 2.78 5.01 6.20 3.96 4.44 4201465
3.84 2.98 5.10 2.47 4.59 4.19 3.54 6.20 3.89 2.87 3.86 0.00 4.71 3.66 6.29 7.32 2.08 4.37 6.21 2.63 4.26 5.56 4.28 3.64 0.00 3.02 3.29 0.00 5.76 5.98 3.79 4.47 4214555
3.90 2.83 4.88 2.92 4.63 4.54 3.36 5.69 3.57 4.65 5.08 6.95 4.72 3.80 6.28 6.72 2.14 3.75 3.75 9.22 5.19 5.59 3.65 2.54 0.00 3.22 3.74 0.00 5.11 4.75 3.06 4.51 4227645
4.13 2.99 5.08 2.95 4.64 4.14 3.29 6.19 3.31 2.67 6.50 7.11 4.68 5.47 6.32 6.70 2.04 3.74 4.87 8.96 5.24 0.00 2.40 3.99 0.00 3.27 3.75 0.00 3.18 3.97 3.72 4.48 4240735
4.24 2.90 5.19 2.66 4.58 4.61 3.47 6.22 3.88 3.74 6.70 6.92 4.50 4.87 6.30 5.03 2.15 3.96 7.50 9.25 5.39 5.56 4.31 4.15 0.00 3.23 3.73 0.00 4.47 6.09 3.45 4.62 4253825
4.07 3.31 5.03 2.43 4.59 4.56 3.25 6.34 3.84 4.32 6.40 7.01 4.79 5.66 6.36 6.36 2.08 3.85 5.57 9.04 5.24 5.67 3.36 0.00 0.00 3.25 3.72 0.00 4.47 5.99 4.18 4.66 4266915
3.98 2.98 5.02 2.09 4.64 4.56 3.88 5.77 3.85 4.60 6.60 7.00 4.57 5.64 6.29 6.73 2.16 3.81 6.75 9.21 5.30 5.72 7.20 4.87 0.00 3.34 3.75 0.00 5.97 5.92 4.24 4.49 4280005
3.96 2.98 4.92 2.85 4.61 4.68 3.66 5.62 3.78 4.06 6.51 7.02 4.65 4.32 6.36 6.42 2.03 3.74 0.00 9.67 5.52 0.00 6.52 4.59 0.00 3.24 3.83 0.00 5.64 5.96 4.21 4.48 4293095
4.48 2.96 5.31 2.87 4.62 4.62 3.45 5.71 3.82 4.61 6.39 0.00 4.84 5.60 6.29 6.51 2.05 3.64 7.14 8.95 5.38 6.42 8.06 2.56 0.00 3.31 3.81 0.00 5.50 5.93 3.85 4.48 4306185
4.00 2.82 5.09 2.99 4.61 4.61 3.31 6.00 3.83 4.16 6.45 6.94 4.63 5.64 6.32 6.35 2.07 4.12 0.00 8.94 5.42 5.75 3.47 3.95 0.00 3.63 3.79 0.00 5.70 5.94 4.24 4.43 4319275
3.91 2.88 5.04 2.96 4.61 4.24 3.71 5.74 3.79 3.14 6.56 6.93 4.54 5.68 0.00 6.72 2.07 3.92 6.75 9.71 5.45 5.71 5.07 3.38 0.00 3.34 3.77 0.00 5.54 6.00 4.23 4.59 4332365
4.11 2.90 4.93 2.65 4.62 4.64 4.00 5.93 3.79 4.70 6.54 7.06 4.58 5.72 6.34 6.58 2.15 3.84 6.43 8.82 5.99 5.84 9.66 4.58 0.00 3.76 3.69 0.00 5.57 5.92 4.22 4.57 4345455
4.03 2.83 4.82 2.72 4.66 4.65 3.49 5.66 3.91 4.64 6.43 6.98 0.00 5.64 6.46 6.37 2.12 3.71 6.89 9.41 0.00 5.79 4.44 3.79 0.00 3.07 3.73 0.00 5.66 5.92 4.26 4.71 4358545
3.85 2.86 4.98 2.88 4.99 4.61 3.73 5.78 3.84 4.67 6.43 7.04 4.55 5.74 6.34 6.31 2.13 3.69 7.31 8.82 5.53 5.80 9.51 4.45 0.00 3.05 3.68 0.00 5.55 5.89 4.20 4.43 4371635
3.92 2.87 4.86 2.58 4.53 4.64 3.69 5.81 3.84 4.69 6.40 7.11 5.31 5.70 6.41 6.63 2.06 3.96 6.82 8.80 5.48 5.73 9.97 4.23 0.00 3.23 3.76 6.05 5.57 5.92 4.20 4.52 4384725
3.81 2.84 4.90 2.71 4.34 4.65 0.00 6.04 3.77 4.79 6.51 7.10 4.62 5.69 6.40 6.61 2.01 3.66 6.71 8.95 5.55 5.95 6.98 4.56 0.00 3.05 3.86 0.00 5.48 6.19 4.20 4.42 4397815
3.91 2.85 4.92 2.66 4.52 4.64 0.00 6.02 3.86 4.69 6.71 7.09 4.51 5.71 6.37 6.28 0.00 3.74 7.04 9.06 5.38 5.82 0.00 0.00 0.00 3.25 3.78 0.00 5.58 5.87 0.00 4.53 4410905
4.01 2.87 5.02 2.65 4.36 4.75 4.07 6.09 3.77 4.72 6.42 0.00 4.49 5.74 6.38 6.92 2.04 3.88 6.73 9.18 5.51 5.78 9.31 3.84 0.00 3.08 3.83 0.00 5.75 5.94 4.24 4.53 4423995
3.88 2.80 5.05 2.81 4.51 4.66 4.18 5.70 3.84 4.64 6.52 7.01 4.52 5.73 6.37 6.48 2.01 3.83 6.71 8.98 5.51 5.74 9.84 4.39 0.00 3.11 3.71 5.97 5.56 5.98 4.25 4.45 4437085
3.96 2.82 4.95 2.70 4.27 4.62 3.92 5.73 3.77 4.67 6.44 7.06 4.48 5.64 6.36 6.32 2.79 3.81 7.60 9.10 5.77 5.74 9.74 3.89 0.00 3.19 3.72 0.00 5.61 5.90 4.25 4.60 4450175
3.97 2.80 5.05 2.74 4.28 4.63 3.66 5.56 3.79 4.74 6.52 7.58 4.55 5.70 6.37 6.32 2.06 3.90 7.01 9.00 5.50 0.00 9.90 3.87 0.00 3.11 3.72 0.00 5.66 5.97 4.23 4.54 4463265
3.98 2.83 4.94 2.79 4.31 4.63 3.34 5.89 3.80 4.67 6.61 7.20 4.58 5.65 6.54 6.60 0.00 3.67 6.92 9.01 5.55 5.92 9.63 3.90 0.00 3.08 3.73 0.00 5.56 5.97 4.26 4.93 4476355
3.95 2.83 4.86 2.80 4.33 4.63 3.75 6.13 3.99 4.67 6.49 0.00 4.70 5.73 6.55 6.31 2.09 3.76 6.97 8.92 5.49 5.86 9.53 3.87 0.00 3.11 3.73 0.00 5.62 6.08 4.28 4.51 4489445
3.95 2.84 4.88 2.98 4.35 4.65 0.00 5.54 3.91 4.66 6.67 7.04 4.87 5.69 6.46 6.65 2.35 3.80 7.09 8.98 5.42 5.80 9.64 3.86 0.00 3.11 3.71 0.00 5.69 6.03 4.18 4.58 4502535
3.99 2.82 5.34 2.95 4.41 4.66 0.00 5.45 3.85 4.70 6.40 7.10 4.69 5.75 6.79 6.24 2.22 3.98 7.24 8.97 5.40 5.99 9.61 4.20 0.00 3.13 3.69 0.00 5.57 5.91 4.22 4.54 4515625
3.87 2.80 4.92 2.98 4.32 4.67 0.00 5.48 3.89 4.66 6.68 7.15 4.70 5.78 0.00 6.25 2.42 3.91 6.98 8.95 5.39 5.85 9.46 4.42 0.00 3.12 3.70 0.00 5.64 5.92 4.28 4.46 4528715
3.94 2.81 4.86 0.00 4.63 4.63 3.47 5.70 4.09 4.64 6.57 7.01 4.77 5.63 6.35 6.53 2.71 3.78 6.95 8.97 5.39 0.00 9.64 3.82 0.00 3.12 3.70 0.00 5.62 5.93 4.27 4.50 4541805
3.92 2.82 4.98 3.24 4.47 4.63 0.00 5.55 3.83 4.62 6.58 7.04 4.74 5.70 7.07 6.23 0.00 3.79 7.03 8.95 5.36 0.00 9.64 3.86 0.00 3.13 3.70 0.00 5.62 5.91 4.29 4.48 4554895
3.93 2.82 4.96 3.18 4.81 4.64 0.00 5.60 0.00 4.72 6.56 7.03 4.88 5.65 6.44 6.32 2.12 3.87 6.91 8.96 5.39 0.00 9.73 3.91 0.00 3.12 3.70 6.19 5.57 5.90 4.22 4.46 4567985
3.96 2.79 5.00 0.00 4.43 4.64 0.00 5.81 3.90 4.63 6.39 7.04 4.70 5.66 6.36 6.70 2.15 3.73 6.85 8.96 5.40 6.03 9.71 3.88 0.00 3.12 3.70 0.00 5.67 5.92 4.20 4.48 4581075
3.93 2.80 4.91 0.00 4.54 4.64 3.86 5.47 3.76 4.63 6.49 7.03 4.70 5.68 6.35 6.33 2.12 3.83 6.93 8.95 5.39 6.04 9.65 3.91 0.00 3.11 3.70 6.15 5.61 5.94 4.36 4.48 4594165
3.93 2.81 4.86 0.00 4.55 4.63 3.29 5.46 3.77 4.71 6.56 7.00 4.69 5.65 6.37 6.42 2.10 3.95 6.80 8.91 5.38 5.87 9.66 4.55 0.00 3.11 3.70 6.14 5.53 5.92 4.19 4.46 4607255
3.96 2.81 5.63 2.75 4.63 4.66 3.35 5.50 3.81 4.65 6.43 7.01 4.66 5.67 6.36 6.41 2.13 3.90 6.99 8.90 5.39 0.00 9.72 3.80 0.00 3.12 3.71 0.00 5.59 5.98 4.26 4.49 4620345
3.90 2.78 4.97 2.79 4.62 4.62 3.87 5.94 3.80 4.62 6.39 7.11 4.64 5.70 6.35 6.41 2.13 3.76 6.90 8.91 5.41 5.82 9.70 4.44 0.00 3.11 3.69 6.09 5.59 5.93 4.27 4.49 4633435
3.88 2.80 4.89 2.77 4.48 4.65 3.71 6.10 3.75 4.67 6.45 7.05 4.54 5.72 6.50 6.41 2.07 3.99 6.88 9.07 5.40 5.78 9.68 4.58 0.00 3.11 3.71 6.15 5.65 5.96 4.99 4.49 4646525
3.91 2.78 4.92 2.81 4.31 4.64 3.71 5.95 3.77 4.68 6.80 7.04 4.68 5.69 0.00 6.24 2.03 3.77 6.90 8.92 5.40 0.00 9.66 3.88 0.00 3.12 3.70 6.17 5.49 5.98 4.32 4.49 4659615
3.91 2.80 5.09 2.78 4.61 4.65 3.31 5.55 4.00 4.69 6.58 7.24 4.81 5.78 6.53 6.42 2.01 3.74 7.01 8.90 5.38 5.79 9.62 4.49 0.00 3.12 3.69 6.19 5.63 5.98 4.24 4.58 4672705
3.90 2.80 4.93 2.75 4.30 4.66 3.77 5.89 3.75 4.74 6.55 7.23 4.63 5.69 7.05 6.33 2.06 3.76 6.91 8.91 5.38 5.77 9.73 4.45 0.00 3.13 3.70 6.18 5.57 5.95 4.28 4.54 4685795
3.91 2.78 5.06 2.79 4.31 4.66 3.52 5.92 3.76 4.68 6.70 7.02 4.56 5.71 6.35 6.33 2.80 3.83 6.93 8.90 5.40 6.06 9.91 4.48 0.00 3.13 3.70 0.00 5.52 5.94 4.62 4.49 4698885
0.00 2.79 4.87 2.79 4.31 4.65 3.31 5.52 3.88 4.64 6.83 7.03 5.24 5.63 6.35 6.32 2.03 3.89 7.04 8.90 5.38 0.00 9.68 4.46 0.00 3.12 3.70 6.23 5.54 5.96 4.25 4.56 4711975
4.37 2.80 4.82 3.37 4.35 4.66 3.63 5.82 3.90 4.65 6.43 7.09 4.75 5.71 6.34 6.42 2.10 3.95 7.19 8.90 5.39 5.84 9.82 4.49 0.00 3.12 3.70 0.00 5.62 5.94 4.22 4.58 4725065
3.94 2.78 4.94 2.91 4.48 4.65 3.33 5.45 4.45 4.68 6.47 7.03 4.72 5.75 6.37 6.30 0.00 3.80 7.30 8.81 5.36 0.00 9.93 4.48 0.00 3.11 3.69 0.00 5.48 5.95 4.31 4.51 4738155
4.37 2.79 4.83 2.85 4.32 4.67 0.00 5.77 3.88 4.69 6.48 7.18 0.00 5.72 6.34 6.32 2.80 3.86 7.23 8.89 5.36 0.00 0.00 4.11 0.00 3.12 3.70 0.00 5.46 6.75 4.22 4.55 4751245
4.06 2.80 4.95 2.88 4.30 4.65 4.06 6.56 3.80 4.77 6.54 7.04 4.77 5.65 6.35 6.30 0.00 4.02 0.00 8.91 5.41 6.40 0.00 3.82 0.00 3.11 3.71 6.22 5.47 5.95 4.22 4.52 4764335
4.03 2.80 4.92 2.96 4.41 4.81 0.00 5.71 3.86 4.62 6.52 7.05 4.56 5.87 6.51 6.39 0.00 3.85 0.00 8.90 5.47 5.88 9.55 3.90 0.00 3.12 3.70 6.17 5.51 5.91 4.35 4.57 4777425
4.10 2.80 5.03 2.95 4.47 4.61 3.84 5.88 3.89 4.77 6.47 7.06 4.53 5.67 6.35 6.30 2.02 4.13 0.00 8.89 5.44 5.80 9.66 4.47 0.00 3.08 3.71 5.99 5.50 6.08 0.00 4.43 4790515
4.25 3.23 4.80 2.86 4.30 4.60 3.82 5.82 3.84 4.67 6.48 7.03 4.58 5.68 6.37 6.33 2.96 3.90 0.00 8.88 5.39 5.85 0.00 4.08 0.00 3.09 3.70 6.14 5.49 5.93 4.98 4.57 4803605
3.93 2.82 4.85 2.71 4.31 4.60 3.85 6.42 3.90 4.65 6.52 7.06 4.69 5.71 6.36 6.46 2.01 3.79 0.00 8.89 5.65 0.00 0.00 4.48 0.00 3.10 3.71 6.14 5.58 5.95 4.23 4.43 4816695
3.90 2.86 4.83 2.79 4.33 4.61 0.00 6.16 3.87 4.65 6.45 7.06 4.61 5.76 6.35 6.28 2.01 3.85 0.00 8.86 5.41 0.00 0.00 3.89 0.00 3.13 3.71 6.15 5.56 5.92 4.25 4.46 4829785
3.92 2.82 4.90 2.83 4.30 4.67 0.00 6.00 3.82 4.68 6.61 7.09 4.62 5.82 6.35 6.28 2.04 3.72 0.00 8.89 5.42 0.00 0.00 3.89 0.00 3.11 3.69 6.08 5.43 5.92 4.28 4.44 4842875
4.58 2.80 4.94 2.80 4.32 4.62 0.00 5.97 3.86 4.73 6.49 7.07 4.57 5.70 6.36 6.27 2.05 3.77 0.00 8.89 5.41 6.42 0.00 3.93 0.00 3.10 3.70 0.00 5.43 5.95 4.23 4.45 4855965
3.93 3.55 5.00 2.88 4.33 4.62 0.00 5.91 3.80 4.84 6.53 7.06 4.51 5.68 6.37 6.84 2.03 3.90 7.48 8.89 5.39 5.80 0.00 4.27 0.00 3.10 3.72 0.00 5.57 5.93 4.28 4.45 4869055
4.26 2.89 4.98 2.90 4.29 4.61 0.00 6.02 3.80 4.70 6.50 7.17 4.55 0.00 6.40 0.00 2.02 4.31 7.08 8.87 5.40 5.79 0.00 4.41 0.00 3.10 3.72 0.00 5.70 5.90 4.31 4.53 4882145
4.60 2.87 4.96 2.91 4.30 4.61 0.00 5.71 3.80 4.71 6.55 7.12 4.48 5.59 6.36 6.45 2.02 3.78 7.29 8.80 5.37 5.78 0.00 4.50 0.00 3.10 3.70 0.00 5.65 5.94 4.41 4.58 4895235
4.58 2.83 5.05 2.84 4.32 4.60 0.00 6.14 3.75 4.60 6.41 7.03 4.54 5.67 6.41 6.33 0.00 3.81 7.34 8.92 5.40 5.80 9.45 4.49 0.00 3.11 3.71 0.00 5.45 5.93 4.28 4.41 4908325
4.18 2.79 5.01 2.83 4.31 4.61 0.00 5.94 3.80 4.64 6.50 7.14 4.56 5.62 6.42 6.45 0.00 4.37 0.00 8.92 5.38 5.82 9.62 4.48 0.00 3.10 3.71 0.00 5.58 5.95 4.23 4.41 4921415
4.01 2.81 5.00 2.82 4.30 4.59 0.00 5.95 3.80 4.67 6.42 7.08 4.47 6.06 6.42 6.42 0.00 3.89 7.59 8.92 5.37 0.00 9.58 3.98 0.00 3.11 3.71 0.00 5.47 5.95 4.30 4.42 4934505
3.94 2.81 4.94 2.91 4.31 4.60 0.00 6.10 3.91 4.76 6.57 7.06 4.54 5.64 6.38 6.40 2.01 3.88 0.00 8.91 5.37 0.00 9.68 3.91 0.00 3.10 3.71 0.00 5.56 5.95 4.24 0.00 4947595
3.94 3.10 4.93 2.88 4.30 4.61 3.55 5.95 0.00 4.74 6.38 0.00 4.55 5.60 6.40 6.25 2.02 3.89 0.00 8.92 5.39 5.82 0.00 3.89 0.00 3.10 3.71 6.01 5.52 5.98 4.25 4.43 4960685
3.92 2.84 4.90 2.88 4.29 4.61 3.53 5.77 3.85 4.71 6.45 7.02 4.52 5.60 6.38 6.26 2.75 3.94 0.00 8.91 5.40 0.00 9.98 3.90 0.00 3.11 3.71 0.00 5.47 5.96 4.28 4.43 4973775