4.46 3.03 5.26 3.25 4.44 4.45 3.71 3.26 4.51 5.78 6.10 6.06 4.20 4.98 0.00 6.41 2.17 3.69 6.84 9.33 4.89 0.00 0.00 5.61 0.00 4.65 6.24 4.58 5.63 7.40 4.10 4.14 1552699
4.45 3.04 5.26 3.25 4.43 4.45 3.72 3.26 4.51 5.79 6.11 6.07 4.21 4.98 0.00 6.41 2.13 3.68 6.95 9.36 4.88 0.00 0.00 5.30 0.00 4.66 6.25 4.58 5.64 7.39 4.09 4.15 1565789
4.47 3.05 5.26 3.24 4.43 4.46 3.71 3.27 4.51 5.79 6.11 6.06 4.20 4.99 0.00 6.41 2.12 3.69 6.83 9.34 4.88 0.00 0.00 5.57 0.00 4.65 6.25 4.59 5.64 7.38 4.09 4.14 1578879
4.47 3.04 5.26 3.25 4.43 4.47 3.73 3.25 4.50 5.79 6.11 6.06 4.19 4.97 0.00 6.42 2.08 3.73 6.83 9.34 4.87 0.00 0.00 5.46 0.00 4.66 6.24 4.58 5.63 7.39 4.09 4.15 1591969
4.46 3.04 5.27 3.24 4.43 4.46 3.92 3.26 4.51 5.79 6.10 6.07 4.20 4.98 0.00 6.42 2.08 3.73 6.89 9.33 4.87 0.00 0.00 5.46 0.00 4.66 6.25 4.58 5.64 7.38 4.09 4.14 1605059
4.47 3.02 5.26 3.25 4.42 4.45 4.19 3.26 4.50 5.79 6.12 6.06 4.21 4.97 0.00 6.42 2.06 3.75 6.91 9.29 4.86 0.00 0.00 5.46 0.00 4.66 6.24 4.59 5.65 7.39 4.09 4.15 1618149
4.46 3.03 5.26 3.24 4.43 4.46 3.73 3.26 4.50 5.79 6.10 6.06 4.20 5.04 0.00 6.41 2.05 3.74 6.81 9.03 4.87 0.00 0.00 5.26 0.00 4.66 6.25 4.59 5.62 7.38 4.10 4.14 1631239
4.46 2.93 5.29 3.24 4.42 4.46 3.81 3.26 4.51 5.79 6.11 6.07 4.19 5.01 0.00 6.42 2.02 3.77 6.81 9.06 4.87 0.00 0.00 5.31 0.00 0.00 6.25 4.61 5.63 7.40 4.09 4.14 1644329
4.47 2.93 5.31 3.25 4.43 4.46 3.72 3.25 4.52 5.79 6.11 6.08 4.21 5.00 0.00 6.41 2.04 4.04 6.80 9.02 4.87 5.37 0.00 5.26 0.00 0.00 6.24 4.56 5.65 7.41 4.10 4.15 1657419
4.46 3.03 0.00 3.25 4.42 4.47 3.73 3.27 4.51 5.80 6.14 6.06 4.20 4.98 0.00 6.41 2.03 4.03 6.83 9.01 4.87 5.39 10.33 5.31 0.00 0.00 6.24 4.76 5.62 7.31 4.08 4.15 1670510
4.46 3.03 5.25 3.24 4.42 4.47 4.20 3.23 4.51 5.83 6.12 6.06 4.18 4.98 0.00 6.40 2.02 4.08 6.82 9.18 4.85 0.00 0.00 5.31 0.00 4.66 6.24 4.48 5.62 7.40 3.96 4.19 1683599
4.46 3.03 5.25 3.26 4.43 4.46 4.21 3.31 4.51 5.85 6.12 6.05 4.15 5.00 0.00 6.41 2.02 3.97 7.03 9.02 4.85 5.34 0.00 5.31 0.00 4.65 6.24 4.62 5.62 7.46 3.93 4.47 1696689
4.47 3.02 5.22 3.25 4.43 4.46 4.21 3.29 4.39 5.84 6.21 6.05 4.01 4.98 5.30 6.41 2.03 3.92 6.85 9.00 4.87 0.00 0.00 5.33 0.00 4.66 6.24 4.46 5.60 7.43 3.96 4.21 1709779
4.46 3.04 5.24 3.27 4.43 4.47 4.22 3.25 4.46 5.81 6.22 6.08 4.19 4.97 5.26 6.41 2.02 4.03 6.80 8.99 4.88 0.00 0.00 5.32 0.00 4.67 6.23 4.43 5.64 7.81 3.95 4.17 1722869
4.47 3.03 0.00 3.30 4.42 4.49 4.20 3.27 4.36 5.81 6.09 6.07 4.33 4.96 5.81 6.42 2.03 4.08 6.80 9.00 4.89 5.66 0.00 5.24 0.00 4.66 6.23 5.07 5.61 7.39 3.96 4.83 1735959
4.46 3.03 5.26 3.29 4.43 4.49 3.91 3.28 4.70 5.84 6.18 7.00 3.93 4.98 0.00 6.41 2.04 3.83 6.98 8.98 4.89 0.00 0.00 5.36 0.00 4.67 6.23 4.49 5.62 7.32 3.95 4.40 1749049
4.47 3.03 5.26 3.27 4.44 4.48 0.00 3.27 4.60 5.85 6.17 6.24 3.92 4.99 5.21 6.38 0.00 3.81 6.82 9.00 4.91 5.30 10.68 5.32 0.00 4.67 6.25 4.57 5.60 7.35 3.96 4.11 1762140
4.47 3.03 0.00 3.32 4.42 4.50 0.00 3.37 4.66 5.77 6.12 6.27 4.03 4.98 5.26 6.41 0.00 3.79 6.82 9.00 4.93 5.34 10.68 5.35 0.00 0.00 6.15 4.58 5.59 7.42 4.06 4.88 1775230
4.46 3.04 0.00 3.42 4.43 4.49 0.00 3.25 4.65 5.84 6.15 6.07 3.93 4.96 5.18 6.41 0.00 3.70 6.86 9.00 5.31 0.00 10.66 5.24 0.00 0.00 6.13 4.73 5.63 7.39 4.00 4.13 1788320
4.47 3.03 5.32 0.00 4.66 4.48 3.72 3.24 4.61 5.86 6.11 0.00 4.11 4.96 5.30 6.33 0.00 3.72 6.80 9.02 4.89 5.31 10.63 5.11 0.00 4.77 6.20 4.91 5.64 7.36 3.97 4.72 1801410
4.47 3.03 5.29 3.38 4.53 4.48 0.00 3.21 4.61 5.89 6.10 0.00 4.07 5.07 5.30 6.35 0.00 4.19 7.07 9.24 5.06 5.32 0.00 5.32 0.00 4.72 6.26 0.00 5.72 8.16 3.98 4.21 1814499
4.47 3.03 5.79 3.41 4.55 4.54 0.00 3.17 4.44 5.82 6.08 6.16 4.14 4.99 5.27 6.34 2.02 0.00 6.91 9.00 5.01 5.29 10.62 5.07 0.00 4.66 6.32 4.89 5.61 7.40 3.92 0.00 1827590
4.47 3.02 5.29 3.50 4.48 4.50 0.00 3.19 4.64 5.88 6.10 6.13 4.10 5.20 5.22 6.47 2.02 3.71 6.41 9.39 4.88 5.30 0.00 5.40 0.00 4.51 6.35 0.00 5.85 7.52 4.01 4.14 1840679
4.47 2.98 0.00 3.26 4.51 4.48 3.94 3.19 4.60 5.99 6.12 6.16 4.21 4.98 5.13 6.42 2.11 3.89 6.91 0.00 4.75 5.26 0.00 0.00 0.00 4.82 6.36 4.30 5.80 7.37 4.00 4.09 1853769
4.48 3.03 5.71 3.36 4.43 4.49 3.35 3.25 4.55 5.80 6.37 6.58 4.21 4.98 5.36 6.39 0.00 3.86 7.05 0.00 4.93 0.00 0.00 5.50 0.00 4.59 6.23 4.41 5.79 7.46 3.95 4.56 1866859
4.51 2.99 0.00 3.47 4.45 4.42 0.00 3.32 4.54 5.86 6.10 6.71 4.20 4.94 5.33 6.41 0.00 3.66 6.44 0.00 5.13 0.00 0.00 0.00 0.00 5.19 6.33 4.54 5.64 7.34 3.99 4.45 1879949
4.74 3.01 5.29 3.36 4.48 4.42 4.09 3.24 4.76 5.86 6.09 6.10 4.08 4.95 5.26 6.51 2.17 3.76 7.26 0.00 4.83 5.32 0.00 0.00 0.00 4.72 6.35 4.76 5.60 7.93 3.99 4.21 1893039
4.84 2.99 0.00 3.37 4.61 4.42 3.98 3.22 4.59 5.83 6.32 6.08 3.93 4.92 5.18 6.45 0.00 3.65 7.07 0.00 4.86 0.00 0.00 4.53 0.00 4.80 6.20 5.13 5.92 7.32 3.99 4.16 1906129
4.63 3.01 0.00 3.40 4.51 4.24 3.54 3.22 4.67 5.91 6.17 6.08 4.08 4.97 5.88 6.43 0.00 3.89 7.08 9.06 4.81 5.52 0.00 4.88 0.00 4.63 6.31 4.72 5.63 7.30 3.97 4.12 1919219
4.76 3.03 0.00 3.38 4.49 4.42 3.51 3.38 4.62 5.88 6.19 6.05 4.15 4.83 5.17 6.58 0.00 3.84 7.21 9.07 4.85 5.39 0.00 4.94 0.00 4.94 6.18 5.10 5.95 0.00 4.02 4.19 1932309
4.48 3.02 0.00 3.38 4.55 4.25 3.44 3.36 4.62 5.84 6.08 6.04 3.99 4.19 5.10 6.25 2.67 3.69 7.19 9.08 4.89 5.44 0.00 4.61 0.00 4.78 6.24 4.24 5.66 7.43 3.95 4.17 1945399
5.32 3.01 0.00 3.32 4.48 4.27 3.31 3.31 4.82 5.84 6.10 6.14 4.10 4.74 5.02 6.51 0.00 3.92 0.00 9.31 5.05 5.82 0.00 4.70 0.00 5.11 6.29 5.18 5.63 7.30 4.06 4.17 1958489
4.51 3.03 0.00 3.34 4.73 4.27 3.20 3.40 4.76 5.83 6.09 6.04 4.14 4.76 5.07 6.54 0.00 3.71 6.76 9.16 4.97 5.26 0.00 4.64 0.00 5.12 6.22 4.42 5.67 7.41 3.91 4.15 1971579
4.41 3.02 0.00 3.41 4.49 4.28 3.25 3.34 4.86 5.82 6.10 6.26 4.18 3.79 4.45 6.54 0.00 3.65 6.64 9.30 4.88 0.00 0.00 4.48 0.00 5.17 6.16 0.00 5.99 7.27 3.97 4.16 1984669
4.41 3.02 0.00 3.41 4.49 4.31 3.02 3.48 4.75 5.90 6.03 6.15 4.16 4.45 4.93 6.66 2.59 3.69 6.91 9.06 4.92 5.33 10.71 4.52 0.00 4.73 6.18 4.54 5.77 7.30 4.00 4.32 1997760
4.64 3.02 5.57 2.95 4.49 4.28 3.13 3.38 5.02 5.93 6.05 6.06 3.98 4.66 5.07 6.70 0.00 3.56 6.91 9.07 5.04 5.55 0.00 4.87 0.00 4.67 6.19 5.31 5.64 7.41 4.06 4.13 2010849
4.38 3.02 5.49 3.21 4.48 4.36 2.98 3.22 5.04 5.95 6.11 6.08 3.59 4.49 4.98 6.77 0.00 3.57 6.56 9.22 4.91 5.67 0.00 4.46 0.00 4.60 6.22 4.54 5.82 7.25 4.08 4.19 2023939
4.17 3.02 0.00 3.24 4.54 4.35 2.88 3.54 5.11 5.92 6.05 5.97 3.90 4.35 5.04 6.90 2.70 3.61 6.89 0.00 4.91 5.46 0.00 4.47 0.00 5.40 6.12 4.55 5.76 7.43 4.06 4.17 2037029
4.69 3.01 5.26 3.33 4.57 4.52 2.77 3.41 5.19 5.92 6.03 6.03 3.47 4.21 5.09 6.92 2.90 3.64 6.93 0.00 5.04 0.00 10.68 4.60 0.00 4.50 6.15 4.66 5.90 7.32 3.95 4.19 2050120
4.22 3.02 0.00 3.50 4.65 4.44 2.76 3.30 5.20 5.88 6.04 6.18 4.01 4.10 5.12 6.93 0.00 3.58 0.00 8.99 5.05 5.40 0.00 4.84 0.00 4.61 6.08 4.56 5.76 7.97 4.22 4.19 2063209
4.28 2.99 5.25 3.51 4.58 4.47 2.87 3.40 5.22 5.90 6.00 6.19 3.38 3.87 5.10 6.90 0.00 4.50 6.96 8.96 4.96 0.00 0.00 0.00 0.00 4.70 6.04 4.68 5.66 7.30 4.11 4.89 2076299
4.17 3.01 0.00 3.27 4.56 4.50 2.72 3.42 5.30 5.91 6.09 6.02 3.18 3.87 5.08 6.85 2.59 3.67 6.94 9.08 4.99 5.41 0.00 4.49 0.00 4.70 6.07 4.85 5.71 7.31 4.02 4.12 2089389
4.03 3.03 5.22 3.30 4.62 4.50 2.36 3.28 5.30 5.92 6.05 6.06 3.31 3.82 4.89 6.48 0.00 3.85 6.94 9.34 5.17 5.83 10.39 0.00 0.00 5.34 6.38 4.69 5.66 7.55 4.10 4.23 2102480
4.58 3.00 5.28 3.25 4.58 4.55 2.44 3.45 5.26 5.93 6.05 6.18 3.22 3.76 4.89 6.19 0.00 3.56 6.90 9.10 5.88 5.58 0.00 4.60 0.00 4.45 6.09 4.65 5.64 7.52 4.05 4.15 2115569
4.07 3.01 5.28 3.26 4.58 4.52 2.44 3.35 3.18 5.98 5.98 6.11 3.32 3.74 4.94 6.19 2.32 3.79 0.00 9.08 5.18 0.00 10.35 0.00 0.00 4.51 6.14 4.79 5.84 7.29 3.99 4.30 2128660
4.13 3.01 5.20 3.30 4.60 4.54 2.25 3.49 5.38 5.92 6.03 6.01 3.21 3.67 4.82 6.11 0.00 3.67 6.98 9.06 5.15 5.46 10.75 5.26 0.00 4.54 6.16 4.54 5.80 7.33 4.09 4.16 2141750
4.37 3.00 5.25 3.06 4.62 4.55 2.33 3.34 5.39 6.07 6.02 5.99 3.32 3.73 5.02 6.04 0.00 3.70 6.58 9.09 5.17 0.00 10.82 5.38 0.00 4.53 6.17 4.73 5.75 7.38 3.94 4.17 2154840
4.12 3.00 5.11 3.07 4.65 4.69 2.39 3.45 5.44 5.92 5.98 5.99 3.32 3.64 4.89 6.57 0.00 3.63 6.86 9.07 5.14 5.59 0.00 5.10 0.00 4.51 6.63 4.62 5.78 7.36 3.93 4.16 2167929
4.10 2.99 5.27 3.24 4.57 4.56 2.35 3.24 5.35 5.94 5.99 6.03 3.30 3.64 4.67 6.40 0.00 3.68 6.67 9.13 5.08 0.00 0.00 4.50 0.00 0.00 6.04 4.81 5.84 7.52 3.97 4.41 2181019
4.39 2.98 0.00 3.25 4.55 4.66 2.26 3.49 5.40 5.94 6.05 6.01 3.30 3.64 4.94 6.01 2.11 3.71 7.40 9.59 5.11 5.54 0.00 5.47 0.00 4.57 6.05 4.71 5.74 7.31 4.18 4.20 2194109
4.13 3.00 5.26 3.20 0.00 4.59 2.34 3.58 5.43 5.93 6.09 6.01 3.15 3.66 4.75 6.19 2.02 3.65 6.85 9.09 5.06 5.76 0.00 0.00 0.00 4.55 6.06 0.00 5.87 7.32 4.03 4.15 2207199
4.19 3.00 5.20 3.25 4.72 4.59 2.29 3.42 5.29 5.95 6.03 6.01 3.22 3.62 4.89 5.79 2.54 3.93 6.70 9.13 5.51 5.57 0.00 5.31 0.00 4.53 6.05 0.00 5.80 7.43 3.95 4.15 2220289
4.13 3.00 5.28 3.21 4.72 4.60 2.37 3.76 5.22 5.96 6.05 6.00 3.12 3.62 4.96 5.98 0.00 3.80 6.79 9.69 5.14 0.00 10.37 0.00 0.00 4.53 6.23 4.63 5.76 7.42 3.93 4.20 2233380
4.25 2.99 0.00 3.27 4.60 4.60 2.29 3.30 5.26 5.95 6.02 6.00 3.22 3.67 4.69 5.88 2.25 3.92 6.81 9.58 5.10 0.00 10.36 0.00 0.00 4.57 6.16 5.05 5.82 7.39 3.90 4.16 2246470
4.05 2.99 5.25 3.53 4.56 4.58 2.20 3.38 5.32 5.94 6.01 5.99 3.27 3.74 4.63 5.84 2.10 3.77 6.58 0.00 5.18 0.00 0.00 0.00 0.00 4.54 6.14 4.86 5.74 7.47 4.01 4.16 2259559
4.26 2.99 5.51 3.43 4.56 4.59 2.31 3.28 5.25 6.03 6.00 6.00 3.29 3.65 4.67 5.83 2.55 3.62 6.59 9.00 5.21 0.00 0.00 5.70 0.00 4.53 6.15 5.45 5.72 7.47 3.95 4.17 2272649
4.10 2.98 5.23 3.30 4.57 4.59 2.26 3.33 5.24 5.99 6.03 5.99 3.18 3.71 4.64 5.90 2.22 3.68 6.55 8.99 5.24 6.25 0.00 5.75 0.00 4.59 6.15 0.00 5.74 7.43 3.93 4.14 2285739
4.09 2.98 0.00 3.45 4.59 4.58 2.31 3.56 5.23 6.00 5.99 6.00 3.19 3.74 4.77 5.90 2.10 4.10 6.57 8.98 5.16 5.61 0.00 0.00 0.00 4.60 6.16 0.00 5.78 7.42 3.90 4.14 2298829
4.10 2.98 5.25 3.33 4.59 4.59 2.42 3.41 0.00 6.05 6.04 6.00 3.17 3.74 4.72 5.90 2.51 3.68 6.60 9.00 5.43 5.57 0.00 0.00 0.00 4.59 6.15 4.99 5.82 7.43 4.00 4.21 2311919
4.08 2.96 0.00 3.29 4.59 4.59 2.31 3.47 0.00 6.05 5.96 6.01 3.16 3.75 4.82 5.95 2.53 3.90 6.59 8.99 5.23 5.61 0.00 0.00 0.00 4.58 6.15 5.45 5.87 7.35 3.95 4.18 2325009
4.09 2.98 0.00 2.97 4.59 4.58 2.30 3.70 0.00 5.97 6.00 5.98 3.27 3.82 5.28 5.98 2.52 3.63 6.60 8.99 5.09 0.00 0.00 5.28 0.00 4.60 6.17 4.73 5.82 0.00 3.92 4.17 2338099
4.08 2.98 0.00 3.31 4.60 4.58 2.35 3.74 5.29 5.95 6.00 6.00 3.19 3.76 4.69 5.97 2.36 3.69 6.63 9.01 5.33 5.63 0.00 0.00 0.00 4.61 6.17 4.78 5.69 7.39 3.90 4.19 2351189
4.07 2.98 0.00 2.94 0.00 4.59 2.32 3.26 5.28 5.97 5.97 5.99 3.20 3.67 4.71 5.99 2.52 3.67 6.59 0.00 5.11 0.00 0.00 5.71 0.00 4.61 6.17 4.75 5.85 7.36 4.03 4.18 2364279
4.08 2.98 0.00 0.00 0.00 4.61 2.28 3.33 5.28 6.04 5.98 5.99 3.17 3.70 4.94 0.00 2.55 3.68 6.58 9.58 5.12 0.00 0.00 5.55 0.00 4.59 6.16 5.02 5.70 7.51 3.87 4.17 2377369
4.08 2.98 0.00 3.51 4.96 4.65 2.41 3.32 5.24 6.02 5.95 6.01 3.20 3.65 4.65 5.76 2.18 3.59 7.09 0.00 5.09 5.80 0.00 5.69 0.00 4.60 6.18 4.75 5.75 7.46 3.86 4.19 2390459
4.09 2.98 0.00 3.44 0.00 4.63 2.22 3.37 5.23 6.02 6.07 5.98 3.20 3.69 4.76 5.87 0.00 3.74 7.15 0.00 5.27 6.00 0.00 5.67 0.00 4.59 6.08 5.21 5.94 7.35 3.90 4.19 2403549
4.09 2.98 5.25 3.52 0.00 4.63 3.17 3.24 5.26 6.01 5.95 5.98 3.19 3.73 4.63 5.73 0.00 3.80 6.85 0.00 5.32 5.57 0.00 5.62 0.00 4.59 6.10 4.82 5.79 7.37 3.92 4.18 2416639
4.09 2.99 0.00 3.08 0.00 4.63 2.23 3.45 5.30 5.98 5.99 5.98 3.17 3.68 4.64 6.06 0.00 3.68 6.78 0.00 5.24 5.60 0.00 5.29 0.00 4.58 6.19 4.89 5.78 7.58 4.73 4.20 2429729
4.06 2.98 5.18 3.86 0.00 4.67 2.27 3.37 5.28 5.99 6.00 5.96 3.27 3.67 4.47 5.61 0.00 3.73 6.76 0.00 5.63 5.57 0.00 0.00 0.00 4.52 6.05 5.05 5.83 7.31 3.91 4.17 2442819
4.08 2.99 0.00 2.94 5.24 4.66 2.25 3.46 5.24 5.98 5.99 6.00 3.15 3.61 4.40 5.83 0.00 3.95 6.64 8.99 5.31 0.00 0.00 4.83 0.00 4.50 6.04 4.75 5.94 7.26 3.88 4.15 2455909
4.08 2.99 0.00 2.94 0.00 4.64 2.30 3.32 5.27 5.96 6.00 6.03 3.30 3.69 4.51 5.62 0.00 3.94 6.58 9.00 5.46 5.54 0.00 0.00 0.00 4.58 6.05 4.69 6.02 7.31 3.92 4.18 2468999
4.20 2.99 5.21 2.90 4.75 4.60 2.30 3.28 5.35 5.99 6.09 6.10 3.15 3.64 4.55 5.68 2.02 3.65 6.63 9.01 5.10 0.00 0.00 0.00 0.00 4.51 6.26 4.81 5.93 7.35 3.88 4.31 2482089
4.10 2.97 5.23 3.24 5.35 4.58 2.35 3.45 5.22 5.95 6.02 6.14 3.18 3.63 4.52 5.75 2.27 3.71 6.60 0.00 5.34 5.61 0.00 5.10 0.00 4.51 6.08 0.00 5.88 7.26 3.87 4.21 2495179
4.01 2.99 5.21 2.93 4.58 4.60 2.20 3.25 5.44 5.99 5.94 0.00 3.19 3.63 4.70 5.86 2.20 3.68 6.92 0.00 5.26 0.00 0.00 5.48 0.00 4.53 6.03 5.03 5.83 7.35 3.91 4.16 2508269
4.03 2.99 5.24 3.30 4.59 4.59 2.21 3.41 5.58 5.94 6.01 5.97 3.18 3.64 4.45 5.69 2.40 4.18 6.83 9.00 5.24 0.00 0.00 0.00 0.00 4.67 6.05 0.00 5.76 7.49 3.94 4.86 2521359
3.97 3.00 0.00 3.05 4.71 4.83 2.27 3.33 5.25 5.96 5.96 5.98 3.18 3.68 4.42 5.58 2.09 3.68 7.07 0.00 5.24 5.53 0.00 4.67 0.00 4.55 6.04 4.87 5.85 7.22 4.12 0.00 2534449
3.79 2.99 0.00 3.30 4.59 4.62 2.30 3.39 5.38 6.03 6.00 6.02 3.35 3.63 4.51 5.38 2.72 3.76 7.02 9.70 5.25 5.61 0.00 4.82 0.00 5.12 6.30 4.78 5.80 7.37 3.93 0.00 2547539
3.86 3.00 0.00 3.29 4.67 4.67 2.24 3.32 4.77 5.99 5.98 5.99 3.20 3.62 4.49 5.30 0.00 3.87 7.54 9.07 5.46 5.66 0.00 0.00 0.00 5.26 6.26 0.00 5.86 7.38 3.94 4.20 2560629
3.76 2.97 5.10 3.26 4.55 4.67 2.15 3.39 5.28 5.99 5.98 5.99 3.27 3.63 4.34 5.80 2.73 3.69 7.05 9.12 5.06 5.58 10.33 0.00 0.00 4.51 6.04 0.00 5.74 7.65 3.93 4.17 2573720
3.75 3.00 0.00 3.31 4.73 4.60 2.23 3.54 0.00 6.00 6.00 0.00 3.22 3.63 4.40 5.27 0.00 3.70 6.81 9.10 5.19 0.00 10.41 0.00 0.00 4.59 6.04 5.19 5.79 7.62 4.00 4.11 2586810
3.84 3.01 0.00 3.04 4.54 4.64 2.18 3.39 5.32 5.96 6.11 6.01 3.22 3.59 4.44 5.61 2.03 3.66 6.73 9.69 5.21 5.53 0.00 0.00 0.00 5.06 6.05 5.34 5.89 7.91 3.94 4.17 2599899
4.27 3.04 0.00 3.28 4.55 4.59 2.35 3.51 5.29 6.10 6.06 6.15 3.11 3.64 4.34 5.53 0.00 3.95 6.82 9.69 5.10 0.00 0.00 5.33 0.00 4.48 6.19 4.99 5.80 7.52 3.90 4.14 2612989
4.36 3.04 0.00 3.23 4.55 4.57 2.20 3.33 5.24 6.03 5.97 6.62 3.14 3.61 4.49 4.99 2.24 3.67 7.44 9.72 5.07 5.67 0.00 0.00 0.00 5.26 6.14 4.93 5.81 7.39 3.91 4.14 2626079
4.32 3.06 0.00 3.30 4.56 4.56 2.19 3.44 5.31 6.02 5.97 6.15 3.25 3.62 4.34 5.00 0.00 3.74 6.79 0.00 5.08 5.63 0.00 4.89 0.00 0.00 6.13 5.15 5.78 7.21 3.93 4.13 2639169
4.18 3.05 0.00 3.26 4.57 4.56 2.29 3.57 5.24 6.01 5.99 6.11 3.14 3.67 4.49 5.01 2.06 3.77 6.68 9.09 5.35 5.95 0.00 4.53 0.00 0.00 5.90 5.05 5.79 7.27 4.10 4.18 2652259
4.00 3.08 5.29 3.23 4.56 4.63 2.20 3.51 5.95 5.93 6.02 6.27 3.31 3.86 4.34 5.32 2.85 3.71 6.91 9.35 5.29 0.00 0.00 4.73 0.00 5.23 6.32 0.00 6.05 7.42 3.89 4.19 2665349
4.04 3.05 5.20 3.30 4.56 4.61 2.20 3.51 5.30 5.96 6.02 6.06 3.10 3.71 4.34 4.77 2.87 3.65 7.20 0.00 5.46 5.58 0.00 5.15 0.00 5.37 6.39 5.24 6.06 7.22 3.90 4.13 2678439
4.04 3.07 0.00 3.27 4.57 4.58 2.23 3.40 5.55 5.99 5.98 5.99 3.21 3.63 4.23 4.74 2.09 3.77 7.44 0.00 5.15 5.67 10.33 4.49 0.00 4.84 6.02 5.09 6.07 7.27 4.17 4.12 2691530
3.98 3.02 0.00 3.27 4.59 4.56 2.64 3.45 5.18 5.96 5.93 6.13 3.13 3.58 4.32 4.86 0.00 3.79 6.82 9.56 5.39 5.66 10.73 4.66 0.00 5.15 6.03 5.23 6.00 7.32 3.99 4.30 2704620
4.22 3.02 0.00 3.28 4.61 4.60 2.24 3.47 5.23 5.99 6.01 5.99 3.08 3.62 4.48 4.65 2.17 3.70 6.83 9.54 5.15 0.00 10.67 4.59 0.00 0.00 6.00 5.76 5.96 7.41 3.95 4.13 2717710
4.39 3.04 0.00 0.00 4.58 4.59 2.21 3.52 5.30 5.95 6.01 6.17 3.04 3.65 4.28 4.58 2.15 3.67 6.87 9.48 5.33 5.64 0.00 4.57 0.00 4.48 6.28 5.06 6.04 7.42 4.04 4.14 2730799
3.99 3.03 0.00 3.26 4.58 4.67 2.25 3.49 0.00 5.99 5.97 6.20 0.00 3.57 4.40 4.86 2.47 3.86 6.90 9.07 5.14 0.00 0.00 4.48 0.00 4.53 6.26 5.71 5.90 7.31 3.94 4.14 2743889
3.95 3.01 0.00 3.29 4.60 4.55 2.24 3.46 0.00 5.93 6.02 6.16 3.13 3.58 4.31 4.65 2.12 3.81 6.88 0.00 5.28 5.75 0.00 0.00 0.00 4.55 6.26 5.10 5.99 7.33 3.91 4.13 2756979
4.07 3.04 0.00 3.25 4.53 4.60 2.16 3.59 5.55 5.92 5.90 6.17 3.04 3.59 4.40 4.74 2.19 3.76 6.85 9.54 5.36 0.00 0.00 4.45 0.00 4.54 6.13 5.08 6.02 7.37 3.93 4.19 2770069
3.79 3.02 0.00 3.26 4.58 4.56 2.32 3.69 5.13 5.94 5.95 5.98 3.11 3.55 4.28 4.70 2.22 3.84 6.85 0.00 5.27 5.63 0.00 4.53 0.00 4.50 6.23 5.18 5.91 7.34 3.94 4.12 2783159
3.66 3.02 0.00 3.26 4.56 4.58 2.38 3.47 0.00 5.95 6.06 5.99 3.06 3.56 4.27 4.69 2.53 3.76 6.93 0.00 5.41 5.61 10.37 4.50 0.00 4.48 6.04 5.99 6.18 7.69 3.94 4.11 2796250
3.79 3.01 0.00 3.29 4.51 4.59 2.15 3.52 0.00 5.95 5.97 5.95 3.26 3.59 4.24 4.56 2.74 3.75 6.87 9.47 5.16 5.62 0.00 4.73 0.00 4.41 6.19 5.28 6.00 7.53 3.93 4.14 2809339
3.60 3.02 0.00 3.30 4.55 4.57 2.23 3.93 5.72 5.94 5.93 5.99 3.27 3.61 4.27 4.67 0.00 3.78 6.78 0.00 5.15 5.62 0.00 0.00 0.00 4.55 5.95 0.00 6.11 7.25 3.89 4.13 2822429
3.66 2.95 0.00 0.00 4.63 4.55 2.23 3.52 5.09 5.96 5.99 5.97 3.22 3.59 4.40 4.63 2.74 3.94 6.90 9.04 5.16 5.63 10.73 4.50 0.00 4.48 6.02 5.21 6.12 7.51 3.90 4.13 2835520
3.96 2.96 0.00 0.00 4.64 4.56 2.25 3.40 5.25 5.97 5.93 5.97 3.17 3.63 4.25 4.71 2.74 3.99 6.87 9.00 5.26 0.00 0.00 4.54 0.00 4.48 6.35 5.23 6.08 7.25 3.96 0.00 2848609
3.70 2.96 0.00 0.00 4.65 4.59 2.45 3.74 5.27 5.95 5.95 0.00 3.12 3.64 4.25 4.53 2.01 3.83 6.84 9.02 5.40 5.75 0.00 4.94 0.00 4.41 6.15 0.00 6.10 7.37 3.97 4.16 2861699
3.69 2.95 0.00 3.25 4.62 4.54 2.22 3.76 0.00 5.93 5.94 5.96 3.11 3.72 4.42 4.69 2.26 3.92 6.98 8.98 5.85 5.79 10.37 4.49 0.00 4.51 5.99 5.27 6.07 7.49 3.90 4.26 2874790
3.97 2.96 5.17 3.26 4.65 4.61 2.34 3.56 5.31 5.97 5.94 5.96 3.21 3.59 4.17 4.49 0.00 3.93 7.03 8.98 5.50 5.75 0.00 4.50 0.00 4.58 6.03 0.00 6.10 7.25 3.88 4.23 2887879
3.82 2.98 0.00 3.24 4.56 4.54 2.45 3.50 0.00 5.94 6.16 6.03 3.14 3.62 4.24 4.65 2.77 3.76 7.51 9.01 5.29 5.72 0.00 4.45 0.00 4.60 6.01 5.25 6.11 7.51 4.05 4.15 2900969
3.81 2.97 0.00 3.20 4.59 4.51 2.30 4.12 0.00 3.19 5.99 5.95 3.30 3.63 4.20 4.43 2.16 3.75 7.30 9.03 5.34 5.87 0.00 4.47 0.00 4.56 6.07 0.00 6.17 7.23 3.91 4.14 2914059
3.76 2.97 0.00 3.24 4.60 4.63 2.32 3.62 0.00 5.99 5.94 5.95 3.11 3.62 4.39 4.58 2.11 3.88 6.34 9.02 5.68 5.83 0.00 4.48 0.00 4.55 6.04 5.69 6.22 7.17 3.96 4.16 2927149
0.00 2.98 0.00 3.27 4.55 4.60 2.46 3.83 0.00 5.97 5.94 5.94 3.06 3.84 4.25 4.52 2.94 4.07 6.61 9.01 5.43 0.00 0.00 4.58 0.00 4.55 6.15 0.00 6.12 7.20 3.91 4.22 2940239
4.22 2.96 0.00 3.01 4.62 4.54 2.46 3.50 5.28 5.98 0.00 5.95 3.05 3.61 4.38 4.36 2.01 3.88 6.62 9.00 5.31 5.90 0.00 4.19 0.00 4.60 6.04 5.50 6.06 7.33 3.93 4.22 2953329
3.87 2.96 5.37 3.32 4.66 4.66 2.37 3.70 5.62 5.95 5.94 5.98 3.17 3.63 4.33 4.46 2.86 3.75 0.00 9.01 5.36 5.87 10.90 0.00 0.00 4.52 6.05 5.59 6.18 7.35 3.92 4.20 2966420
3.95 2.93 0.00 3.23 4.70 4.61 2.44 3.57 5.76 5.96 6.56 5.95 3.13 3.70 4.44 4.39 2.95 3.85 6.57 9.01 5.61 5.87 0.00 4.62 0.00 4.56 6.13 5.37 6.23 7.26 3.92 4.16 2979509
3.69 2.96 0.00 3.20 4.56 4.65 2.57 3.64 5.25 5.99 5.99 6.00 3.14 3.70 4.37 4.29 2.03 4.48 6.99 9.00 5.50 5.81 0.00 0.00 0.00 4.62 5.98 0.00 6.21 7.48 3.93 4.16 2992599
3.61 2.95 0.00 3.22 4.59 4.56 2.44 4.19 5.19 5.95 5.92 6.00 3.20 3.83 4.35 4.55 0.00 3.88 6.71 9.00 5.38 5.98 0.00 0.00 0.00 4.46 6.15 6.01 6.18 7.43 3.98 4.18 3005689
3.48 2.97 0.00 3.25 4.56 4.60 2.51 3.81 5.21 6.02 5.92 6.02 3.27 3.70 4.44 4.39 2.51 3.73 6.64 9.02 5.43 0.00 5.35 4.82 0.00 4.48 6.09 5.98 6.30 7.52 4.10 4.41 3018779
3.57 2.92 0.00 3.24 4.61 4.61 2.52 3.95 5.19 5.97 6.06 5.88 3.19 3.74 4.35 0.00 3.00 3.74 6.68 9.02 5.38 5.86 0.00 4.91 0.00 4.42 6.02 5.49 6.37 7.37 4.06 4.19 3031869
3.57 2.95 0.00 3.19 4.58 4.53 2.54 4.05 0.00 4.21 6.31 5.86 3.39 3.73 4.27 4.28 2.88 4.36 6.87 9.03 5.68 6.02 0.00 0.00 0.00 0.00 6.05 5.87 6.29 7.43 4.06 4.26 3044959
4.05 2.77 0.00 3.23 4.56 4.61 2.63 3.97 5.32 5.75 5.90 0.00 3.24 3.79 4.57 4.45 2.34 3.97 6.86 8.98 5.53 0.00 0.00 4.56 0.00 5.16 6.11 5.57 6.39 7.38 3.94 4.32 3058049
3.59 2.78 0.00 3.43 4.63 4.56 2.78 4.24 5.22 5.69 5.97 5.93 3.47 3.77 4.36 4.21 2.69 3.91 7.22 9.03 5.45 6.34 10.67 4.64 0.00 4.59 6.11 5.70 6.49 7.30 3.94 4.29 3071140
3.50 2.81 5.30 3.27 4.56 4.52 2.72 4.12 5.28 6.05 5.92 5.92 3.33 3.74 4.37 4.23 2.03 3.78 6.72 0.00 5.41 6.34 10.30 5.90 0.00 4.64 6.20 0.00 6.50 7.20 4.01 4.22 3084230
3.43 2.83 5.33 3.23 5.14 4.54 2.86 4.17 5.09 6.05 5.74 5.82 3.49 3.84 4.38 4.32 0.00 4.28 6.90 9.10 5.86 6.10 10.94 4.62 0.00 0.00 6.13 5.84 6.47 7.23 3.97 4.31 3097320
3.63 2.71 0.00 3.25 4.63 4.49 2.96 4.24 5.26 4.44 5.65 5.88 3.37 3.75 4.74 4.26 2.11 3.93 6.83 9.02 5.39 6.05 10.42 4.47 0.00 4.64 6.06 6.27 6.80 7.21 3.95 4.46 3110410
3.24 2.69 5.27 3.52 4.68 4.53 3.15 4.29 5.15 5.55 5.48 6.00 3.53 3.79 4.42 4.23 2.53 3.73 6.65 9.01 5.43 6.16 0.00 4.89 0.00 4.51 6.20 5.89 6.55 7.41 3.93 4.35 3123499
3.55 2.59 5.13 3.64 4.60 4.49 3.50 4.33 3.53 5.96 5.47 5.78 3.43 3.92 4.46 4.33 2.08 3.81 7.18 8.99 5.51 6.77 0.00 5.19 0.00 4.50 6.06 5.91 6.48 7.29 3.99 4.25 3136589
3.33 2.62 0.00 3.40 4.54 4.57 3.25 4.47 5.03 5.10 5.31 5.86 3.57 3.78 4.62 4.41 2.14 4.07 6.62 9.10 5.78 0.00 10.39 4.95 0.00 4.53 6.06 0.00 6.44 7.33 4.12 4.41 3149680
3.41 2.63 5.23 3.06 4.57 4.54 3.91 4.51 5.16 4.06 5.09 5.78 3.42 3.74 4.66 4.33 2.80 3.84 6.75 8.90 6.00 0.00 4.32 4.25 0.00 4.78 6.04 0.00 6.56 7.48 4.00 4.18 3162769
3.43 2.63 0.00 3.23 4.54 4.47 3.43 4.57 5.05 4.78 4.72 5.65 3.47 3.76 4.62 4.20 2.28 3.76 7.17 9.36 5.66 6.34 10.57 4.88 0.00 4.52 6.15 5.79 6.68 7.38 3.99 4.27 3175860
3.38 2.67 0.00 3.23 4.62 4.55 3.54 4.64 5.34 3.77 4.67 5.51 3.43 3.76 4.66 4.53 2.61 3.79 7.03 9.15 5.82 6.28 0.00 4.49 0.00 4.53 6.22 0.00 6.73 7.34 4.18 4.13 3188949
3.56 2.73 5.29 3.33 5.31 4.43 3.33 4.59 0.00 4.66 4.66 5.25 3.53 4.19 4.72 4.26 2.75 3.97 7.00 9.45 5.77 0.00 3.04 5.14 0.00 0.00 6.48 0.00 6.75 6.39 3.94 4.07 3202039
3.38 2.74 5.26 3.69 4.73 4.40 4.13 4.66 4.72 4.91 4.60 5.05 3.47 3.97 4.64 4.28 2.02 3.76 7.66 9.11 6.26 6.20 0.00 4.46 0.00 4.76 6.10 0.00 6.33 7.34 3.97 4.12 3215129
3.63 2.64 5.14 3.49 4.70 4.52 3.30 4.54 5.15 4.25 4.59 4.93 3.42 4.22 4.77 4.16 2.42 3.84 6.66 8.70 5.64 0.00 10.69 4.97 0.00 4.23 6.17 0.00 6.79 7.31 3.94 4.11 3228220
3.46 2.69 5.24 3.32 4.52 4.39 3.28 3.87 5.47 3.04 4.56 4.78 3.47 4.23 4.76 4.12 2.62 3.85 7.00 9.03 5.87 0.00 0.00 4.81 0.00 4.52 6.04 0.00 6.85 7.77 3.86 4.17 3241309
3.58 2.76 5.24 3.24 4.65 4.39 3.56 4.02 2.84 3.74 4.75 4.69 3.63 4.25 4.80 4.13 2.41 3.74 7.10 9.03 5.83 6.85 0.00 5.13 0.00 4.43 6.12 0.00 6.85 7.47 4.03 4.11 3254399
3.49 2.72 0.00 2.50 4.54 4.40 3.31 3.43 5.22 4.47 4.73 4.48 3.53 4.34 4.82 4.23 2.03 3.81 6.99 9.17 6.04 0.00 10.73 0.00 0.00 4.38 6.68 0.00 6.80 7.70 4.08 4.14 3267490
3.56 2.69 0.00 3.46 4.60 4.37 3.38 3.48 5.18 4.00 4.67 4.80 3.72 4.43 5.01 4.15 2.09 3.77 0.00 8.90 6.03 0.00 0.00 4.88 0.00 4.55 6.18 0.00 6.99 7.43 4.11 4.37 3280579
3.91 2.71 5.06 3.18 4.62 4.45 3.35 3.34 5.27 4.37 4.68 4.60 3.42 4.34 4.79 4.14 2.06 3.93 6.98 9.26 6.05 0.00 0.00 4.56 0.00 4.48 6.12 0.00 6.95 7.25 4.12 4.19 3293669
3.82 2.85 0.00 3.19 4.80 4.43 3.41 3.35 5.27 3.77 4.76 4.59 3.64 4.69 5.04 4.21 2.59 3.88 7.01 9.14 6.19 6.46 0.00 5.58 0.00 4.20 6.06 0.00 6.82 7.43 4.10 4.11 3306759
3.75 2.79 5.05 3.25 5.20 4.52 3.30 3.52 3.44 3.42 4.68 4.67 3.53 4.55 4.97 4.30 2.92 3.98 7.04 9.02 6.47 0.00 10.63 4.42 0.00 4.34 6.05 0.00 6.99 7.61 4.17 4.39 3319850
3.71 2.78 5.18 3.04 4.53 4.47 3.33 3.35 5.08 3.36 4.75 4.74 3.57 4.17 5.06 4.57 2.02 3.92 6.90 9.57 6.63 0.00 0.00 4.28 0.00 4.44 6.07 0.00 7.26 7.29 4.23 4.23 3332939
4.05 3.04 5.44 2.61 4.63 4.67 3.29 3.53 5.08 3.33 4.82 4.76 2.90 2.39 5.14 4.53 2.82 4.05 6.60 9.04 6.34 6.50 0.00 4.30 0.00 4.37 6.04 0.00 7.39 7.56 4.22 4.12 3346029
3.77 2.90 5.09 3.02 4.80 4.45 2.19 3.35 2.94 2.96 4.93 4.98 4.01 4.65 5.29 4.51 2.59 4.11 7.29 9.24 6.06 0.00 10.70 0.00 0.00 4.38 6.02 0.00 5.26 7.44 4.39 4.22 3359120
3.88 3.00 5.02 3.45 4.63 4.47 3.17 3.49 4.14 3.23 4.73 4.76 3.83 4.11 5.27 4.67 3.05 3.86 4.16 8.70 4.24 6.61 0.00 4.52 0.00 4.82 6.04 0.00 6.57 7.28 4.20 4.52 3372209
3.85 2.86 5.05 3.20 4.90 4.51 3.15 3.36 4.93 3.11 4.85 4.87 3.76 2.56 5.37 4.76 2.19 2.19 3.24 0.00 5.72 0.00 10.24 5.19 0.00 4.36 6.16 0.00 7.13 6.43 4.33 4.12 3385300
3.96 3.01 5.22 3.44 4.59 4.48 3.05 3.53 4.24 3.89 4.91 4.91 3.97 3.41 5.44 4.86 0.00 4.30 7.08 8.65 6.14 6.69 10.66 0.00 0.00 4.35 6.11 0.00 7.13 7.17 4.25 4.41 3398390
4.07 2.85 5.01 2.84 4.68 4.51 2.56 3.61 4.36 3.49 4.86 5.16 3.86 3.63 5.37 5.03 2.30 4.28 6.63 8.28 4.18 6.51 8.00 4.60 0.00 4.42 6.10 0.00 7.18 6.35 4.21 4.16 3411479
4.03 2.99 5.11 3.20 4.68 4.60 2.95 3.65 4.77 3.50 5.07 4.92 3.90 4.83 5.51 5.17 2.12 4.12 7.00 8.66 6.41 0.00 9.41 4.63 0.00 4.64 6.06 0.00 7.22 7.19 4.29 4.39 3424569
4.06 2.91 5.68 3.05 4.68 4.49 2.72 3.61 4.77 3.92 4.93 5.06 4.00 5.00 5.63 5.30 2.12 3.78 6.12 0.00 6.04 6.41 9.00 4.81 0.00 4.46 6.13 0.00 7.27 7.33 4.30 4.14 3437659
4.11 2.93 5.10 2.82 4.68 4.88 2.69 3.85 4.86 3.46 5.08 4.94 4.07 2.95 5.72 5.44 2.09 3.93 6.53 8.81 3.57 6.65 3.67 4.39 0.00 4.27 6.06 0.00 6.95 7.30 4.82 4.13 3450749
4.13 2.92 5.39 2.89 4.68 4.50 2.95 3.69 4.64 3.90 4.98 5.09 4.04 4.88 5.82 5.53 2.75 3.79 6.96 8.34 3.00 6.52 10.85 5.06 0.00 4.17 5.98 0.00 7.21 7.30 4.39 4.26 3463840
4.19 3.04 5.08 3.48 4.69 4.49 2.90 3.90 4.02 3.76 5.03 5.17 4.10 4.86 5.86 5.74 2.24 3.77 6.67 0.00 4.74 6.51 4.06 4.73 0.00 4.19 5.90 0.00 7.20 7.65 4.37 4.28 3476929
4.35 3.06 5.02 3.39 4.72 4.27 2.93 3.70 4.38 2.42 5.06 5.21 4.18 4.55 6.01 5.92 2.05 3.69 6.71 8.64 2.98 0.00 0.00 4.61 0.00 4.41 5.82 0.00 7.12 7.19 4.58 4.33 3490019
4.31 3.01 5.15 2.78 4.76 4.48 2.75 3.74 2.88 3.21 5.06 5.54 4.31 5.35 6.04 6.01 2.37 3.73 6.72 8.63 6.28 6.61 3.10 0.00 0.00 4.26 5.97 0.00 7.17 7.26 4.47 4.77 3503109
4.48 3.01 5.19 3.15 4.64 4.50 2.75 3.71 3.11 3.39 5.15 5.41 4.48 4.29 6.03 6.33 2.04 3.51 6.56 8.48 4.27 6.44 3.32 3.79 0.00 4.72 6.03 0.00 7.17 7.53 4.30 4.32 3516199
4.50 3.04 5.12 2.76 4.78 4.55 2.87 3.99 3.84 2.74 4.55 5.77 4.41 5.78 6.09 6.29 2.34 3.65 3.87 8.70 5.96 6.83 3.80 4.60 0.00 4.36 5.87 0.00 7.21 7.28 4.47 4.24 3529289
4.60 2.92 5.22 2.51 4.60 4.49 2.89 3.99 4.31 3.64 5.04 5.65 4.61 4.06 6.03 4.88 2.07 3.41 6.86 8.97 5.99 6.37 4.11 0.00 0.00 4.50 5.70 0.00 2.91 7.29 4.49 4.37 3542379
4.65 3.24 5.17 2.66 4.69 4.26 2.95 3.93 2.81 3.45 5.11 5.76 4.73 5.25 6.11 6.91 2.55 3.56 3.60 8.96 4.69 6.38 3.10 4.07 0.00 4.32 5.63 6.23 5.50 7.17 4.35 4.27 3555469
4.61 2.99 5.08 2.64 4.66 4.55 3.00 4.05 3.60 3.78 5.17 5.58 5.12 3.87 6.35 6.73 2.05 3.07 6.30 8.78 4.74 0.00 4.48 4.24 0.00 4.73 5.34 0.00 3.67 5.95 4.49 3.97 3568559
4.30 2.98 5.27 2.77 4.96 3.58 2.91 2.98 3.90 2.86 2.67 5.65 4.98 3.05 6.26 6.80 2.17 3.87 7.08 6.69 2.36 6.54 3.67 4.01 0.00 4.46 5.63 0.00 7.23 7.22 4.49 0.00 3581649
2.63 2.92 4.58 2.81 4.64 3.11 3.21 4.21 2.71 2.88 2.78 6.61 5.09 4.26 6.47 6.77 2.22 3.89 7.07 8.80 4.80 0.00 2.65 2.12 0.00 4.17 5.24 0.00 5.84 2.40 4.53 4.44 3594739
3.44 2.75 4.72 2.63 3.63 3.04 2.82 4.23 2.41 2.84 3.80 5.91 5.14 2.77 6.54 6.92 2.16 3.56 5.07 9.08 3.82 5.78 2.16 3.07 0.00 4.26 5.44 0.00 3.65 7.33 4.54 4.07 3607829
3.97 2.43 4.82 2.57 4.64 2.58 2.61 3.79 2.56 2.66 3.31 4.97 4.83 5.05 5.92 5.21 2.25 3.94 2.92 2.30 4.48 5.03 2.28 3.23 0.00 4.06 4.16 3.42 2.74 3.44 3.79 4.31 3620919
3.62 2.79 3.57 2.10 3.64 3.29 3.09 4.59 3.23 2.42 2.37 2.79 5.21 2.53 4.36 2.39 2.37 3.90 3.87 2.66 3.76 4.72 2.53 2.56 0.00 3.54 2.88 5.73 3.67 5.38 3.27 4.42 3634009
3.64 2.71 4.46 2.20 5.00 2.81 3.17 2.16 2.18 2.59 3.28 5.66 3.73 2.75 3.85 3.20 2.07 2.63 4.77 3.15 3.26 4.37 3.72 3.10 0.00 2.40 3.47 0.00 3.71 4.44 4.98 4.49 3647099
2.67 2.92 2.80 2.60 4.33 3.42 2.59 4.11 2.67 2.55 2.33 2.22 2.42 2.81 7.60 7.90 2.37 3.04 2.91 2.91 2.50 0.00 3.19 2.16 0.00 2.99 2.62 3.51 2.37 3.50 2.15 4.51 3660189
3.49 2.62 2.66 2.66 4.88 2.36 2.99 2.48 2.31 2.40 2.24 2.72 2.39 3.54 2.83 2.68 2.10 2.46 2.88 2.12 2.21 0.00 2.49 2.14 0.00 2.98 3.33 3.77 2.33 2.81 2.52 4.68 3673279
3.11 2.58 2.14 2.60 3.82 2.45 3.33 3.11 2.58 2.96 2.60 2.42 4.08 3.10 2.91 2.94 2.40 2.22 2.41 3.04 3.26 2.26 2.28 2.51 0.00 2.81 2.85 2.26 2.37 2.45 2.80 4.60 3686369
3.78 2.54 2.43 2.48 2.90 2.53 2.41 2.24 2.52 2.45 3.19 2.50 2.43 2.55 4.47 2.81 2.57 2.26 2.91 0.00 2.33 4.63 2.39 2.11 0.00 2.64 2.51 4.66 2.15 2.30 2.75 2.70 3699459
3.06 2.66 4.65 2.19 2.17 2.61 2.16 2.57 2.53 2.60 2.26 2.62 2.38 2.62 5.06 3.80 2.26 2.37 2.88 2.52 2.43 4.94 2.38 2.64 0.00 3.45 2.76 3.47 2.54 2.49 2.56 3.81 3712549
2.78 2.10 3.01 2.30 3.01 2.43 2.35 2.55 2.18 2.49 2.49 2.16 2.71 2.55 2.29 3.26 2.31 2.74 2.51 2.76 2.96 3.43 2.33 2.11 0.00 3.01 2.42 0.00 2.99 2.41 2.65 3.49 3725639
2.09 2.42 3.50 2.21 2.91 3.20 2.48 2.19 2.74 2.18 2.20 2.16 2.12 2.46 2.76 2.68 2.73 2.91 2.63 3.90 3.63 2.26 2.11 2.18 0.00 2.75 2.53 2.75 2.19 3.24 3.83 2.31 3738729
2.12 2.32 2.87 2.58 2.58 2.39 2.57 2.30 2.72 2.65 2.23 3.63 2.11 2.51 3.09 2.32 2.56 2.53 2.44 2.73 2.12 2.40 2.64 3.29 0.00 3.20 2.29 2.45 2.50 2.24 2.78 2.43 3751819
2.43 2.29 2.30 2.59 4.12 2.56 2.33 2.44 2.37 2.91 2.23 3.71 2.27 2.75 2.34 2.35 2.41 2.33 2.61 2.88 2.88 2.32 2.66 0.00 0.00 3.48 3.54 2.30 2.65 2.60 3.03 3.18 3764909
0.00 2.18 2.10 2.64 2.32 2.64 3.17 2.42 2.53 2.40 2.24 2.43 2.16 2.58 3.03 2.69 2.08 2.73 2.52 3.00 3.19 3.70 2.66 2.26 0.00 2.93 2.60 2.63 2.49 2.68 2.53 2.36 3777999
2.27 2.58 2.21 2.72 2.43 2.43 2.42 2.64 2.56 2.31 2.09 2.51 2.48 2.32 2.47 2.38 2.14 2.87 2.39 2.29 2.27 2.07 2.36 2.43 0.00 3.68 2.30 2.39 2.25 3.38 3.40 0.00 3791089
2.26 2.52 2.49 2.31 2.99 3.21 2.27 2.62 2.58 2.44 2.77 2.44 2.49 2.50 3.42 2.37 2.32 2.57 2.28 3.90 2.28 2.22 2.58 0.00 0.00 3.07 2.61 2.78 2.95 2.49 2.43 2.13 3804179
2.67 2.38 2.81 2.21 2.41 2.22 2.64 2.27 2.40 2.36 2.19 2.45 2.31 2.70 2.57 2.34 2.14 2.24 2.35 2.72 2.47 0.00 2.31 2.46 0.00 2.79 2.56 2.31 2.53 3.67 3.32 2.04 3817269
2.43 2.45 2.75 2.14 2.69 2.55 2.25 2.22 2.38 2.15 2.09 3.12 2.63 2.34 2.68 2.67 2.36 2.18 3.59 2.41 2.89 2.29 2.29 2.37 0.00 3.70 2.92 2.39 2.64 2.80 2.31 2.16 3830359
2.88 2.38 2.36 2.79 2.74 2.46 2.39 2.62 3.09 2.89 3.17 3.66 2.53 2.76 2.38 2.51 2.89 2.79 2.31 2.70 2.38 2.35 2.41 2.18 0.00 3.63 3.06 2.46 2.33 2.62 2.13 2.89 3843449
2.84 2.99 2.28 2.10 2.42 2.32 2.68 2.24 2.62 2.60 2.27 2.68 2.39 2.42 2.96 2.43 2.25 2.21 2.64 2.68 3.49 2.01 2.15 2.58 0.00 2.08 2.41 2.04 2.62 2.23 2.33 2.23 3856539
2.34 2.82 3.29 2.69 2.64 2.46 2.55 2.41 2.46 2.27 2.29 3.10 2.34 2.92 2.59 2.64 2.09 2.51 3.31 3.13 2.31 2.69 2.66 2.24 0.00 2.39 3.23 2.88 3.09 3.22 2.45 2.49 3869629
2.33 2.36 2.21 2.78 2.46 2.35 2.23 2.18 3.09 2.58 2.65 2.53 2.40 2.39 2.60 2.33 2.09 2.29 2.54 2.49 2.68 2.76 3.11 2.04 0.00 2.82 2.45 2.78 2.25 3.98 2.19 2.66 3882719
2.13 2.86 2.55 2.22 2.88 2.28 2.63 2.81 2.76 2.18 2.18 2.66 2.61 2.73 3.83 2.66 2.28 2.56 2.19 2.69 2.56 2.23 2.16 2.08 0.00 2.73 2.54 3.34 2.48 2.14 2.34 2.74 3895809
3.67 2.47 2.22 2.14 2.44 2.57 2.58 2.67 2.27 2.07 2.10 2.61 2.44 2.52 2.54 2.33 2.21 2.38 2.32 2.81 2.59 0.00 2.46 2.40 0.00 4.66 2.31 3.31 2.79 2.43 3.67 2.21 3908899
3.14 2.50 3.24 2.70 2.59 2.80 2.78 2.55 2.98 2.90 2.57 2.91 3.65 2.63 2.99 2.70 2.48 3.19 3.04 2.30 2.44 3.02 2.70 2.22 0.00 2.70 2.96 2.61 2.23 2.62 2.93 2.16 3921989
2.72 2.58 4.36 2.42 2.38 2.23 3.41 2.23 3.04 2.28 2.37 2.88 3.40 2.44 3.03 2.37 2.13 2.63 2.36 3.23 3.03 2.05 2.44 2.55 0.00 3.18 3.12 2.54 2.92 3.40 2.52 2.14 3935079
2.53 2.42 3.07 2.49 2.33 2.21 2.26 2.64 2.76 2.29 2.57 2.50 2.18 3.44 2.30 2.66 2.29 2.95 2.76 2.52 2.30 0.00 2.59 2.81 0.00 2.01 2.27 3.22 2.30 3.32 2.51 2.51 3948169
3.69 2.32 3.34 2.31 2.93 2.53 2.46 3.56 2.60 2.34 4.36 2.48 3.97 2.71 4.38 3.53 2.24 3.04 2.63 2.28 3.24 0.00 2.58 2.69 0.00 3.19 3.32 3.08 3.13 3.35 2.98 4.16 3961259
4.54 2.70 4.38 2.90 3.90 2.62 2.92 3.18 3.03 2.50 3.65 0.00 3.81 2.55 2.34 2.99 2.09 3.68 3.56 4.08 3.53 2.38 2.41 2.50 0.00 2.54 3.04 2.91 3.25 3.63 2.65 2.99 3974349
3.31 2.42 3.98 2.74 2.43 2.28 2.79 3.25 2.41 2.95 2.81 4.48 4.96 2.59 6.56 3.65 2.19 3.41 2.54 2.16 3.34 0.00 2.39 2.51 0.00 4.34 3.62 3.09 2.54 3.78 2.12 6.19 3987439
4.25 2.60 4.29 2.75 2.39 2.69 3.10 2.93 3.78 2.47 2.79 6.43 5.10 2.65 6.81 2.73 2.06 2.76 4.19 9.29 2.93 5.16 3.04 3.58 0.00 4.55 2.47 3.17 2.79 2.29 2.71 2.57 4000529
3.76 2.52 4.09 2.77 3.87 4.80 2.27 3.26 2.23 3.16 4.24 4.85 3.54 5.79 6.57 5.50 2.08 2.65 4.32 9.07 2.78 4.47 3.34 2.30 0.00 4.82 2.88 2.97 3.28 3.93 2.48 6.12 4013619
4.17 2.70 4.02 2.60 4.14 4.06 3.30 3.29 2.94 3.49 3.13 3.29 4.42 2.46 6.59 2.83 2.32 3.86 5.65 6.74 3.45 4.98 3.39 2.20 0.00 4.32 2.61 2.85 3.38 3.10 2.79 6.04 4026709
4.23 2.38 4.11 2.30 3.97 2.30 3.25 4.02 4.20 2.92 3.13 3.72 5.07 4.00 5.38 3.19 2.45 3.05 2.41 9.15 4.83 4.61 3.38 3.28 0.00 0.00 2.97 3.24 2.43 2.40 4.98 6.41 4039799
3.98 2.58 3.91 2.19 4.02 3.11 3.11 4.22 5.03 3.61 4.48 3.40 5.17 3.10 7.04 4.73 2.44 3.71 5.84 8.99 3.67 0.00 2.18 3.84 0.00 4.64 3.31 3.11 3.36 2.88 2.47 6.15 4052889
4.10 2.88 4.03 2.37 3.38 2.80 2.68 4.29 3.88 2.78 2.70 6.86 4.96 6.03 6.69 6.13 2.08 3.94 4.91 3.34 4.27 4.50 2.78 2.39 0.00 4.49 4.39 3.19 3.31 3.77 3.49 5.96 4065979
4.28 3.04 4.06 2.68 4.08 3.33 2.95 4.27 4.97 3.37 6.91 0.00 4.95 3.93 6.54 6.17 2.13 2.91 5.02 9.58 4.33 0.00 3.05 2.52 0.00 4.61 2.77 3.41 3.21 3.53 4.04 0.00 4079069
3.64 2.87 2.38 2.57 3.99 4.19 3.14 4.45 5.29 2.53 6.15 6.84 4.99 4.43 6.54 6.22 2.10 3.42 3.22 9.12 4.23 4.40 2.59 4.02 0.00 4.68 3.49 2.96 3.27 3.21 5.70 5.98 4092159
4.03 2.92 4.28 2.75 4.12 4.33 2.71 4.42 2.20 2.83 6.81 6.88 4.97 5.51 6.36 6.29 2.06 3.56 2.25 8.95 4.17 4.55 5.43 2.18 0.00 5.20 5.55 2.95 2.65 3.81 5.00 6.12 4105249
4.66 2.87 4.44 3.00 4.30 3.38 3.07 4.37 0.00 3.17 6.60 0.00 4.96 4.81 6.59 6.10 2.11 3.52 3.61 9.08 4.14 4.53 3.95 3.67 0.00 4.54 4.44 2.94 3.12 3.77 5.23 5.96 4118339
4.36 2.94 4.34 2.25 4.13 3.68 3.12 3.93 5.22 2.71 5.45 6.90 4.89 4.38 6.53 6.23 2.08 3.68 6.89 9.08 4.12 4.69 2.54 3.30 0.00 4.97 4.87 2.79 3.16 3.59 3.77 5.83 4131429
4.21 2.90 4.24 2.59 3.87 4.42 3.06 4.46 5.17 2.78 6.69 6.90 4.96 6.09 6.48 6.25 2.03 3.79 6.43 9.11 4.21 5.07 3.96 2.16 0.00 4.58 5.40 3.00 3.28 3.74 5.73 5.81 4144519
4.21 2.96 4.42 2.85 4.34 2.59 3.03 4.35 5.21 3.88 6.56 7.03 4.97 5.85 7.28 6.20 2.04 3.54 6.92 8.97 4.09 4.51 4.00 4.04 0.00 4.42 5.87 2.73 3.18 3.66 5.67 5.93 4157609
4.11 3.04 4.42 2.73 4.47 4.73 2.15 3.78 5.19 3.69 6.60 6.81 4.99 5.95 6.52 6.27 2.02 3.35 5.37 9.11 4.26 4.48 2.47 3.29 0.00 4.60 5.03 3.00 3.19 3.88 5.64 6.05 4170699
4.55 2.90 4.42 2.85 4.31 2.75 3.08 4.49 3.25 3.57 6.56 6.87 4.92 5.96 6.52 6.49 2.02 3.71 6.91 9.07 4.16 4.71 0.00 3.08 0.00 4.64 5.36 2.81 3.18 3.76 5.72 0.00 4183789
4.09 2.94 4.51 3.12 4.39 4.89 3.05 4.36 5.18 3.94 6.88 6.74 4.89 5.99 6.57 6.23 2.02 4.26 5.80 9.03 4.15 4.62 0.00 2.32 0.00 5.00 6.02 3.15 2.90 3.67 5.68 0.00 4196879
4.06 3.01 4.38 2.25 4.36 4.91 3.02 4.55 0.00 2.53 6.76 6.99 5.28 5.82 6.52 6.28 2.07 3.47 6.47 9.07 4.19 4.50 2.63 5.06 0.00 4.51 5.58 2.79 3.09 3.84 5.61 5.74 4209969
4.30 3.02 4.84 3.30 4.39 4.97 2.93 4.26 4.97 4.76 6.69 6.78 5.09 5.96 6.61 6.24 2.03 3.65 6.91 9.11 4.15 4.50 3.85 4.84 0.00 4.41 5.63 2.61 2.89 3.74 6.03 5.92 4223059
4.02 3.00 4.47 3.10 4.08 4.65 2.91 4.81 3.66 5.24 6.60 0.00 5.00 5.21 6.60 6.20 2.01 3.60 6.83 0.00 4.16 0.00 4.96 3.65 0.00 4.48 5.78 2.64 2.99 3.69 5.78 5.73 4236149
4.10 3.03 5.22 2.92 3.75 4.50 2.98 4.36 0.00 4.65 6.59 0.00 5.03 5.21 6.59 6.35 2.91 3.58 6.17 9.02 4.11 0.00 3.28 4.80 0.00 4.83 5.83 2.47 3.10 3.72 5.59 5.90 4249239
4.11 3.03 4.71 3.06 3.85 4.19 2.92 4.29 0.00 7.25 6.63 6.83 4.94 5.89 6.62 6.24 2.05 3.61 6.84 9.24 3.43 0.00 4.76 3.47 0.00 4.42 5.62 2.85 2.99 3.77 5.76 5.63 4262329
0.00 3.00 4.61 3.01 3.62 4.40 2.91 4.32 5.18 3.11 7.52 6.76 4.99 5.90 6.57 6.35 2.06 3.60 6.61 9.09 3.34 5.16 10.59 4.81 0.00 4.48 5.58 2.92 3.01 3.72 5.61 5.78 4275420
4.31 3.00 4.62 2.83 3.66 4.24 2.89 4.30 5.12 6.59 6.44 0.00 5.11 5.90 6.58 6.36 2.04 3.60 6.60 9.07 4.18 4.65 3.43 5.44 0.00 4.39 5.58 2.39 2.95 3.87 5.85 5.76 4288509
4.27 3.07 4.69 3.03 3.33 3.96 2.92 4.41 5.26 3.16 6.49 6.79 4.87 5.89 6.54 6.91 2.01 3.73 7.04 9.02 4.11 4.44 3.19 3.08 0.00 4.30 5.61 2.34 2.95 3.71 6.11 5.74 4301599
4.22 3.03 4.89 2.81 3.36 4.15 2.89 4.81 5.28 6.33 6.72 6.76 5.59 6.05 6.57 6.36 2.20 3.84 6.81 9.05 4.07 4.50 4.86 4.39 0.00 4.46 5.66 2.36 2.95 3.75 5.82 5.64 4314689
4.25 2.87 4.92 3.03 3.30 4.05 2.88 4.34 5.30 7.02 6.72 6.72 5.01 6.03 6.58 6.33 2.02 3.57 6.99 8.93 4.10 0.00 3.77 5.13 0.00 4.57 5.61 2.40 3.08 3.73 5.74 5.74 4327779
4.05 2.96 4.82 3.22 3.30 4.24 2.96 4.25 5.26 7.25 6.81 6.73 4.96 5.88 6.57 6.25 2.17 3.82 0.00 8.97 4.09 4.58 0.00 4.77 0.00 4.31 5.59 2.47 3.02 3.85 5.54 5.80 4340869
4.40 3.05 5.19 3.24 3.45 4.37 3.10 4.40 0.00 7.25 6.58 6.74 4.99 5.87 6.59 6.43 2.12 3.79 6.45 9.04 4.04 4.55 10.68 4.69 0.00 4.28 5.64 2.29 3.05 3.70 5.54 5.85 4353960
4.70 3.10 5.10 3.49 3.23 4.53 3.64 4.54 5.28 7.10 6.83 7.38 4.92 5.95 6.56 6.52 2.07 3.57 6.69 8.99 4.11 4.78 0.00 0.00 0.00 4.51 5.60 2.29 3.02 3.69 5.52 0.00 4367049
4.31 2.97 5.17 3.49 3.30 4.42 2.91 4.33 0.00 7.31 6.73 7.04 5.21 5.84 6.59 6.39 2.13 3.76 6.69 9.00 4.08 4.52 0.00 4.77 0.00 4.31 5.60 2.31 3.01 3.76 5.56 5.86 4380139
4.26 3.00 0.00 3.24 3.08 4.25 0.00 4.46 5.55 7.28 7.14 6.73 5.71 5.93 6.56 6.29 2.17 3.78 6.78 9.05 4.07 4.50 0.00 5.33 0.00 4.46 5.63 3.04 3.26 3.73 5.55 5.98 4393229
4.31 2.93 0.00 2.96 3.13 4.33 2.95 4.57 0.00 5.76 6.69 7.02 5.08 5.86 6.57 6.31 2.17 3.77 7.55 9.02 4.10 4.53 0.00 0.00 0.00 4.30 5.58 2.34 3.05 3.73 5.52 6.01 4406319
4.16 3.03 5.23 3.07 3.01 4.37 2.95 4.48 5.25 7.27 6.68 6.91 4.98 5.85 7.31 6.42 2.13 3.74 6.39 9.03 4.05 0.00 0.00 5.30 0.00 4.30 5.61 2.44 3.04 3.73 5.54 6.11 4419409
4.20 3.00 5.64 3.43 3.06 4.29 2.95 4.58 5.16 7.33 6.64 6.74 5.19 5.96 6.56 6.34 2.18 3.85 6.47 8.99 4.06 4.54 0.00 5.11 0.00 4.38 5.61 2.27 3.35 3.91 5.55 5.83 4432499
4.18 3.02 0.00 3.25 3.10 4.23 2.96 4.46 0.00 7.36 6.65 6.76 4.95 5.93 6.57 6.29 2.18 3.60 6.54 8.95 4.14 4.49 0.00 0.00 0.00 4.40 5.62 2.41 3.14 3.75 5.55 5.80 4445589
4.27 3.05 0.00 3.37 3.20 4.32 2.96 4.83 5.27 7.30 6.66 6.76 5.10 6.06 6.62 6.30 2.40 3.69 6.98 8.86 4.07 4.49 0.00 5.46 0.00 4.52 5.62 2.31 3.06 3.83 5.55 5.87 4458679
4.27 2.99 5.16 3.45 3.11 4.13 2.95 4.49 0.00 7.28 7.15 6.93 4.94 5.87 6.62 6.33 2.19 3.86 7.12 8.87 4.14 4.43 0.00 4.49 0.00 4.51 5.61 2.30 2.98 3.71 5.53 5.85 4471769
4.23 2.99 5.70 3.37 3.15 4.22 2.93 4.79 0.00 7.27 6.89 7.01 4.86 5.84 6.59 6.42 2.13 3.68 7.08 8.95 4.08 4.45 0.00 5.28 0.00 4.52 5.62 2.59 3.53 3.70 5.53 5.77 4484859
4.25 3.04 0.00 3.44 3.10 4.39 2.95 4.96 5.22 7.24 6.60 7.00 4.88 5.86 6.78 6.34 2.06 3.78 6.97 8.91 4.06 5.08 0.00 5.45 0.00 4.54 5.63 2.30 3.07 3.64 5.53 5.72 4497949
4.35 3.02 0.00 3.33 3.35 4.01 2.94 4.46 0.00 7.24 6.63 6.80 4.84 5.86 6.59 6.35 2.11 3.72 7.01 8.96 4.06 4.66 0.00 5.40 0.00 4.52 5.63 2.27 2.99 3.72 5.54 5.79 4511039
4.19 3.01 0.00 3.44 3.22 4.35 2.95 5.35 0.00 7.20 6.62 6.77 4.95 5.95 6.56 6.33 3.16 3.89 6.85 8.99 4.04 4.53 0.00 5.37 0.00 4.53 5.62 2.23 3.10 3.70 5.55 5.71 4524129
4.26 3.01 0.00 3.42 3.18 4.05 2.95 4.40 0.00 7.26 6.61 6.75 5.62 5.93 6.58 6.39 2.78 3.68 6.45 8.96 4.03 4.41 0.00 0.00 0.00 4.55 5.64 2.30 3.18 3.70 5.56 5.79 4537219
4.46 3.00 0.00 3.30 3.13 4.24 2.94 4.47 0.00 7.27 6.64 6.76 5.29 5.89 6.59 6.42 2.01 3.82 6.95 8.96 4.02 4.41 0.00 4.64 0.00 4.54 5.63 2.27 3.07 3.70 5.65 5.72 4550309
4.35 3.02 0.00 3.44 3.17 4.02 2.96 4.53 5.23 7.24 6.71 6.87 4.89 5.83 6.65 6.39 2.80 3.63 6.81 9.03 0.00 4.40 0.00 0.00 0.00 4.51 5.61 2.22 3.13 3.71 6.27 5.76 4563399
4.22 3.00 5.23 3.27 3.17 4.05 2.96 4.51 5.25 7.25 6.65 6.78 5.50 5.92 6.62 6.42 2.60 3.57 6.76 8.99 4.08 4.47 0.00 4.29 0.00 4.51 5.64 2.27 3.11 3.70 5.58 5.73 4576489
4.15 2.99 0.00 3.29 3.19 4.11 2.95 4.74 5.26 7.27 6.82 6.82 4.90 5.85 6.65 6.42 2.11 3.93 6.92 9.05 4.10 4.41 0.00 0.00 0.00 4.52 5.62 2.24 3.12 3.70 5.70 5.71 4589579
4.56 3.02 0.00 3.28 3.09 3.87 2.97 4.75 5.27 7.26 6.64 6.82 4.96 5.87 6.60 6.33 2.10 3.72 7.16 9.06 4.08 0.00 0.00 4.87 0.00 4.59 5.62 2.26 3.11 3.73 5.69 5.75 4602669
4.16 3.03 0.00 3.25 3.12 3.91 2.97 5.24 5.25 7.24 6.82 6.81 4.84 5.78 6.58 6.39 2.11 3.87 6.91 9.04 4.08 0.00 0.00 5.02 0.00 4.57 5.62 2.24 3.06 3.73 5.67 5.84 4615759
4.58 3.01 0.00 3.25 3.09 3.68 2.96 4.73 5.24 7.26 6.84 6.77 4.86 5.78 6.60 6.41 2.11 3.72 6.86 9.04 4.11 0.00 0.00 4.59 0.00 4.52 5.62 2.22 3.08 4.18 6.09 5.83 4628849
4.35 3.02 5.76 3.28 3.06 3.86 2.97 4.52 5.23 7.27 6.61 6.83 4.83 5.81 7.20 6.42 2.14 3.92 7.24 9.07 4.14 4.54 0.00 4.55 0.00 4.31 5.63 2.87 3.05 3.78 5.67 5.77 4641939
4.14 3.07 0.00 3.30 3.16 3.74 2.98 4.44 0.00 7.26 6.62 6.79 4.85 5.81 6.57 6.41 2.14 3.68 6.85 9.07 4.13 4.54 0.00 4.41 0.00 4.31 5.63 2.47 3.13 3.84 5.60 5.78 4655029
4.41 3.01 5.27 3.31 3.10 3.71 2.96 4.43 0.00 7.28 6.63 6.81 4.82 5.83 6.57 6.39 2.11 3.75 6.90 9.06 4.15 0.00 0.00 5.18 0.00 4.30 5.61 2.22 3.09 3.73 5.62 5.71 4668119
4.32 2.99 0.00 3.35 3.11 3.78 2.97 4.50 0.00 7.26 6.65 6.96 5.05 5.87 6.56 6.33 2.09 3.71 6.94 8.99 4.04 4.55 0.00 4.43 0.00 4.30 5.66 2.18 3.11 3.75 5.69 5.67 4681209
4.35 3.01 5.21 3.32 3.09 3.62 2.96 4.81 0.00 7.26 6.75 6.86 0.00 5.85 6.56 6.35 2.26 3.99 7.30 8.99 4.29 4.51 0.00 0.00 0.00 0.00 5.64 2.24 3.13 3.76 5.73 5.65 4694299
4.36 3.01 0.00 3.32 3.67 3.69 2.98 4.67 5.21 7.21 6.69 6.95 4.89 5.77 6.57 6.33 2.11 3.72 7.13 9.03 4.08 4.56 0.00 5.39 0.00 0.00 5.64 2.37 3.11 3.72 5.58 5.66 4707389
4.17 3.01 5.30 3.31 3.24 3.68 2.97 4.64 0.00 7.18 6.50 7.43 5.05 5.95 6.55 6.31 2.14 3.73 6.45 9.03 4.05 4.41 0.00 0.00 0.00 0.00 5.64 2.36 3.13 3.72 5.67 5.81 4720479
0.00 3.01 0.00 3.39 3.20 4.16 2.96 4.54 5.24 7.20 6.62 6.72 4.93 6.04 6.56 6.30 2.07 3.82 6.67 9.04 4.13 4.51 0.00 4.56 0.00 4.83 5.75 2.18 3.03 3.76 5.65 5.65 4733569
4.26 3.00 5.25 3.35 3.23 3.74 2.99 4.82 5.29 7.24 6.95 6.71 5.06 6.02 6.57 6.34 2.11 3.67 6.80 9.05 4.05 4.97 0.00 0.00 0.00 4.85 5.66 2.43 3.03 3.74 5.60 5.67 4746659
4.23 3.03 0.00 3.38 3.21 3.58 2.96 5.16 0.00 7.21 6.77 7.40 4.85 6.01 6.59 6.31 2.05 4.11 6.86 9.06 4.04 4.47 0.00 5.16 0.00 4.51 5.67 2.41 3.26 3.79 5.60 5.77 4759749
4.30 2.97 0.00 3.40 3.24 3.60 2.96 5.14 0.00 7.22 6.90 6.70 4.90 5.81 6.60 6.30 2.05 3.80 6.99 9.06 4.06 0.00 0.00 0.00 0.00 4.50 5.63 2.28 3.08 3.73 5.61 5.81 4772839
4.21 3.04 0.00 3.48 3.47 3.56 2.97 4.62 0.00 7.27 7.02 7.20 4.88 5.76 6.66 6.29 2.05 4.15 6.82 9.01 4.04 0.00 0.00 0.00 0.00 0.00 5.72 2.85 3.20 3.74 5.61 5.65 4785929
4.40 3.03 5.33 3.48 3.23 3.51 3.10 4.59 0.00 7.16 6.96 6.72 4.89 5.74 6.88 6.32 2.06 3.90 6.87 9.04 4.07 4.53 0.00 0.00 0.00 0.00 5.66 2.34 3.14 3.82 5.54 5.66 4799019
4.22 3.02 5.21 3.50 3.30 3.66 3.08 4.63 0.00 7.18 6.99 7.47 4.78 5.76 6.65 6.31 2.05 3.74 6.93 9.02 4.06 4.34 0.00 5.15 0.00 0.00 5.63 2.80 3.13 3.77 5.55 5.67 4812109
4.37 3.01 0.00 3.51 3.27 3.59 3.16 4.86 0.00 7.19 7.37 7.03 4.86 6.00 7.00 6.35 2.06 3.69 6.57 8.99 4.08 0.00 0.00 0.00 0.00 0.00 5.64 2.46 3.13 3.79 5.52 5.65 4825199
4.58 3.01 5.96 3.52 3.84 3.58 3.23 4.68 0.00 7.19 7.07 7.34 5.06 5.77 6.61 6.37 2.08 3.70 6.67 9.03 4.10 4.42 0.00 4.33 0.00 4.60 5.71 2.42 3.06 3.73 5.54 5.79 4838289
4.30 3.02 0.00 3.46 0.00 3.54 3.78 4.54 0.00 7.20 6.81 6.77 4.82 5.82 7.25 6.35 2.08 3.69 6.65 9.03 4.06 4.39 0.00 4.59 0.00 0.00 5.71 2.44 3.14 3.78 5.49 5.68 4851379
4.42 3.02 5.95 3.43 3.22 3.61 0.00 4.68 0.00 7.21 6.60 6.76 4.93 5.99 6.61 6.36 2.09 3.67 0.00 9.02 4.06 4.39 0.00 0.00 0.00 0.00 5.76 2.80 3.18 4.17 5.74 5.78 4864469
4.34 3.00 0.00 3.44 3.16 3.58 2.98 4.70 5.27 7.20 6.86 6.78 4.84 5.72 6.61 6.40 2.10 3.72 6.84 9.03 4.07 4.58 0.00 0.00 0.00 0.00 5.76 2.33 3.11 3.82 5.50 5.78 4877559
4.24 3.02 5.75 3.39 3.25 3.53 0.00 4.63 5.20 7.28 6.85 6.92 4.98 5.73 6.62 6.40 2.11 3.89 6.60 9.01 4.10 4.97 0.00 0.00 0.00 0.00 5.76 2.29 3.09 3.80 5.49 5.78 4890649
4.34 3.00 0.00 3.47 3.30 3.60 0.00 4.64 0.00 7.31 6.98 6.92 4.80 5.70 6.62 6.40 2.11 3.75 0.00 9.01 4.16 4.38 0.00 0.00 0.00 0.00 5.75 2.37 3.17 3.77 5.53 5.78 4903739
4.27 2.99 5.34 3.47 3.24 3.64 0.00 4.64 0.00 7.25 7.20 6.82 0.00 5.77 6.61 6.40 2.11 3.79 6.64 9.01 4.07 4.35 0.00 0.00 0.00 0.00 5.76 2.23 3.42 3.81 5.54 5.81 4916829
4.42 3.01 0.00 3.47 3.20 3.56 0.00 4.61 5.23 7.32 7.07 6.84 0.00 5.73 6.61 6.39 2.09 3.77 6.70 9.02 4.05 4.41 0.00 5.39 0.00 0.00 5.96 2.30 3.13 3.78 5.52 5.66 4929919
4.38 3.00 0.00 3.48 3.39 3.49 3.24 4.72 0.00 7.33 6.82 6.80 5.02 5.71 6.61 6.40 2.09 3.76 6.69 9.02 4.06 4.33 0.00 5.57 0.00 0.00 5.97 2.22 3.17 3.80 5.55 5.65 4943009
4.28 3.02 0.00 3.50 3.27 3.50 3.16 4.59 0.00 7.25 7.23 6.77 4.82 5.73 6.61 6.38 2.08 3.78 0.00 9.02 4.06 4.46 0.00 0.00 0.00 0.00 5.98 2.93 3.13 3.82 5.54 5.67 4956099
4.42 3.01 0.00 3.48 3.58 3.58 3.07 4.46 5.18 7.25 6.63 6.82 4.88 5.79 6.59 6.38 2.08 3.80 6.76 9.03 4.05 4.35 0.00 0.00 0.00 0.00 5.96 2.25 3.24 3.83 5.54 5.67 4969189
4.20 3.02 0.00 3.48 3.18 3.44 3.11 4.57 0.00 7.26 7.05 6.83 5.00 5.76 6.58 6.40 2.07 3.81 6.78 9.02 4.07 4.35 0.00 0.00 0.00 0.00 5.97 2.32 3.14 3.81 5.54 5.67 4982279
4.57 3.02 0.00 3.49 3.19 3.50 3.06 4.58 0.00 7.25 6.78 6.79 0.00 5.85 6.60 6.39 2.09 3.79 6.53 9.02 4.09 5.07 0.00 4.63 0.00 0.00 5.96 2.22 3.23 3.82 5.54 5.67 4995369
4.30 3.00 0.00 3.48 3.19 3.72 3.13 4.50 0.00 7.26 6.57 6.81 4.85 5.70 6.59 6.39 2.09 3.79 7.38 9.04 4.08 5.05 0.00 0.00 0.00 0.00 5.99 2.26 3.16 3.81 5.55 5.64 5008459
4.28 3.01 0.00 3.48 3.20 3.52 3.07 4.69 0.00 7.25 6.57 6.80 4.85 5.70 6.61 6.38 2.09 3.84 7.43 9.03 4.11 4.71 0.00 0.00 0.00 0.00 5.99 2.36 3.14 3.80 5.57 5.64 5021549
4.28 3.01 0.00 3.48 3.22 3.50 3.07 4.64 0.00 7.26 6.58 6.80 5.13 5.81 6.60 6.38 2.10 3.85 7.49 9.02 4.10 4.49 0.00 0.00 0.00 0.00 6.00 2.16 3.14 3.85 5.56 5.65 5034639
4.86 3.01 0.00 3.48 3.40 3.46 3.06 4.73 0.00 7.25 6.50 6.79 5.41 5.80 6.60 6.39 2.11 3.82 7.08 9.03 4.10 0.00 0.00 0.00 0.00 0.00 5.98 2.37 3.30 3.88 5.55 5.65 5047729
4.25 3.01 0.00 3.48 3.23 3.49 3.06 4.77 0.00 7.24 6.86 6.84 5.11 5.81 6.61 6.39 2.11 3.87 6.83 9.04 4.07 4.55 0.00 0.00 0.00 0.00 5.98 2.37 3.16 3.85 5.54 5.64 5060819
4.29 3.01 0.00 3.49 3.24 3.47 3.07 4.71 0.00 7.25 6.52 6.83 4.96 5.93 6.60 6.39 2.14 3.80 7.27 9.03 4.08 4.83 0.00 0.00 0.00 0.00 5.98 2.42 3.15 3.83 5.56 5.65 5073909
4.33 3.00 0.00 3.48 3.26 3.49 3.06 4.69 0.00 7.26 6.51 6.84 4.94 5.97 6.61 6.39 2.14 3.82 7.02 9.03 4.10 0.00 0.00 0.00 0.00 0.00 5.99 2.38 3.21 3.84 5.55 5.65 5086999
4.23 3.01 0.00 3.49 3.35 3.48 3.07 4.78 0.00 7.25 6.54 6.82 5.00 5.72 6.60 6.40 2.14 3.81 6.97 9.04 4.08 4.94 0.00 0.00 0.00 0.00 5.78 2.48 3.16 3.81 5.55 5.64 5100089
4.27 3.01 0.00 3.48 3.89 3.49 3.07 4.76 5.23 7.25 6.53 6.87 4.96 5.70 6.58 6.39 2.14 3.79 6.93 9.03 4.08 0.00 0.00 0.00 0.00 0.00 5.77 2.28 3.16 3.82 5.55 5.65 5113179
4.22 3.00 5.96 3.32 3.23 3.57 3.03 4.75 0.00 7.25 6.52 6.89 5.00 5.69 6.60 6.39 2.15 3.81 6.85 9.03 4.08 4.34 0.00 0.00 0.00 0.00 5.75 2.30 3.19 3.81 5.57 5.66 5126269
4.34 3.02 0.00 3.48 3.26 3.58 3.04 4.67 0.00 7.22 6.53 6.90 4.92 5.69 6.60 6.40 2.14 3.80 6.92 9.03 4.12 4.31 0.00 0.00 0.00 0.00 5.76 2.29 3.18 3.78 5.56 5.66 5139359
4.58 3.02 0.00 3.48 3.19 3.47 3.03 4.67 0.00 7.27 6.52 6.90 4.98 5.66 6.61 6.41 2.15 3.80 6.89 9.03 4.09 4.57 0.00 0.00 0.00 0.00 5.76 2.25 3.19 3.79 5.56 5.64 5152449
4.47 3.01 0.00 3.48 3.41 3.50 3.04 4.66 0.00 7.25 6.51 6.78 4.96 5.64 6.61 6.39 2.15 3.80 6.94 9.03 4.09 4.51 0.00 0.00 0.00 0.00 5.77 2.21 3.36 3.80 5.57 5.65 5165539
4.25 3.02 0.00 3.48 3.25 3.55 3.03 4.68 0.00 7.27 6.46 6.75 4.76 5.68 6.60 6.39 2.16 3.80 6.87 9.02 4.12 4.50 0.00 0.00 0.00 0.00 5.75 2.25 3.31 3.79 5.56 5.65 5178629
4.40 3.03 0.00 3.47 3.95 3.48 3.05 4.67 0.00 7.27 6.53 6.76 4.74 5.65 6.61 6.39 2.16 3.80 6.96 9.03 4.10 4.37 0.00 0.00 0.00 0.00 5.75 2.29 3.19 3.82 5.55 5.71 5191719
4.37 3.01 0.00 3.48 3.43 3.52 3.06 4.67 0.00 7.27 6.45 6.75 4.78 5.68 6.60 6.39 2.15 3.75 6.85 9.04 4.06 4.58 0.00 4.69 0.00 0.00 5.76 2.30 3.16 3.86 5.55 5.72 5204809
4.46 3.02 0.00 3.49 3.21 3.50 3.04 4.58 0.00 7.29 6.54 6.76 4.77 5.76 6.61 6.39 2.07 3.79 6.89 9.02 4.07 4.51 0.00 0.00 0.00 0.00 5.74 2.52 3.42 3.81 5.56 5.72 5217899
4.34 3.01 0.00 3.48 3.28 3.57 3.04 4.54 0.00 7.27 6.45 6.77 4.77 5.67 6.60 6.40 2.07 3.68 6.85 9.03 4.08 4.61 0.00 0.00 0.00 0.00 5.75 2.77 3.16 3.88 5.56 5.73 5230989
4.40 3.02 0.00 3.47 3.31 3.50 3.04 4.54 0.00 7.28 6.48 6.77 4.78 5.85 6.61 6.39 2.06 3.66 6.73 9.02 4.09 4.52 0.00 4.94 0.00 0.00 5.76 2.24 3.22 3.82 5.56 5.80 5244079
0.00 3.01 0.00 3.48 3.31 3.54 3.03 4.52 0.00 7.32 6.47 6.77 4.76 5.76 6.61 6.38 2.05 3.64 6.68 9.03 4.07 4.59 0.00 4.63 0.00 0.00 5.74 2.27 3.16 3.82 5.55 5.85 5257169
4.35 3.01 5.23 3.47 3.26 3.49 3.05 4.75 0.00 7.33 6.46 6.76 4.76 5.77 6.60 6.38 2.06 3.66 6.69 9.03 4.09 4.96 0.00 4.68 0.00 0.00 5.73 2.24 3.19 3.80 5.56 5.88 5270259
4.30 3.02 5.23 3.47 3.19 3.54 3.04 4.63 0.00 7.35 6.46 6.76 4.76 5.77 6.60 6.40 2.05 3.66 6.58 9.03 4.09 0.00 0.00 4.76 0.00 0.00 5.73 2.25 3.37 3.80 5.56 5.87 5283349
4.43 3.02 5.25 3.48 3.30 3.55 3.05 4.70 0.00 7.35 6.46 6.76 4.77 5.76 6.61 6.39 2.05 3.66 6.90 9.03 4.08 5.13 0.00 4.91 0.00 0.00 5.74 0.00 3.36 3.87 5.56 5.86 5296439
4.29 3.02 0.00 3.47 3.19 3.59 3.05 4.68 0.00 7.34 6.47 6.77 4.77 5.76 6.60 6.38 2.05 3.76 6.95 9.04 4.07 4.53 0.00 0.00 0.00 0.00 5.72 2.39 3.14 3.88 5.57 5.87 5309529
4.30 3.01 0.00 3.47 3.24 3.58 3.04 4.54 0.00 7.26 6.45 6.75 4.77 5.67 6.60 6.39 2.05 3.79 6.64 9.03 4.09 0.00 0.00 0.00 0.00 0.00 5.73 2.23 3.33 3.88 5.56 5.87 5322619
4.34 3.03 0.00 3.47 3.23 3.51 3.04 4.53 0.00 7.35 6.46 6.70 4.76 5.81 6.61 6.39 2.05 3.78 7.03 9.02 4.08 4.55 0.00 4.65 0.00 0.00 5.71 2.37 3.14 3.81 5.56 5.92 5335709
4.54 3.01 0.00 3.47 3.24 3.53 3.05 4.57 0.00 7.32 6.45 6.88 4.78 5.77 6.61 6.39 0.00 3.77 7.05 9.03 4.08 0.00 0.00 4.62 0.00 0.00 5.71 2.31 3.21 3.85 5.55 5.96 5348799
4.74 3.02 0.00 3.49 3.20 3.50 3.05 4.55 0.00 7.28 6.55 6.80 5.08 5.78 6.61 6.39 0.00 3.87 7.22 9.03 4.09 4.38 0.00 4.61 0.00 0.00 5.72 2.25 3.26 3.78 5.57 5.94 5361889
4.73 3.01 0.00 3.51 3.18 3.50 3.05 4.59 0.00 7.26 6.63 6.77 4.76 5.67 6.61 6.37 0.00 3.74 7.05 9.04 4.09 4.34 0.00 4.68 0.00 0.00 5.73 2.47 3.13 3.80 5.57 6.09 5374979
4.32 3.03 0.00 3.48 3.18 3.45 3.00 4.62 5.28 7.25 6.54 6.83 4.98 5.93 6.61 6.36 0.00 3.67 7.09 9.02 4.04 4.43 0.00 4.62 0.00 0.00 5.71 2.25 3.12 3.83 5.57 6.29 5388069
4.35 3.03 5.26 3.49 3.21 3.44 3.03 4.58 0.00 7.28 6.52 6.78 5.07 5.90 6.65 6.40 2.10 3.69 6.98 9.04 4.09 4.37 0.00 4.62 0.00 0.00 5.73 2.33 3.12 4.27 5.56 5.93 5401159
4.56 3.02 0.00 3.48 3.22 3.44 3.07 4.73 0.00 7.27 6.57 6.77 4.79 5.73 6.62 6.44 2.13 3.68 0.00 9.05 4.08 4.52 0.00 4.69 0.00 0.00 5.73 2.23 3.18 3.97 5.56 5.93 5414249
4.49 3.00 5.23 3.49 3.22 3.50 3.04 4.72 0.00 7.26 6.56 6.84 4.80 5.76 6.61 6.41 2.11 3.68 7.04 9.05 4.04 5.07 0.00 4.59 0.00 0.00 5.72 2.34 3.16 3.84 5.55 5.82 5427339
4.30 3.01 5.20 3.48 3.29 3.47 3.05 4.75 0.00 7.27 6.46 6.82 4.82 6.50 6.61 6.42 2.11 3.69 6.63 9.03 4.05 4.50 0.00 4.93 0.00 0.00 5.72 2.23 3.16 3.89 5.56 5.86 5440429
4.26 3.03 5.20 3.48 3.26 3.45 3.03 4.67 0.00 7.27 6.53 6.83 4.80 5.75 6.65 6.43 2.12 3.70 6.62 9.05 4.05 0.00 0.00 0.00 0.00 0.00 5.72 2.26 3.16 3.83 5.56 5.85 5453519
4.24 3.02 5.22 3.48 3.31 3.44 2.99 4.66 0.00 7.25 6.45 6.77 4.79 5.79 6.66 6.43 2.12 3.70 6.60 9.04 4.05 0.00 0.00 4.66 0.00 0.00 5.74 3.00 3.17 3.82 5.54 5.88 5466609
4.26 3.01 5.23 3.49 3.27 3.41 3.03 4.79 0.00 7.26 6.49 6.78 4.85 5.73 6.62 6.50 2.13 3.71 6.62 9.04 4.04 0.00 0.00 4.64 0.00 0.00 5.73 2.32 3.18 3.78 5.55 5.91 5479699
4.38 3.02 5.24 3.48 3.33 3.50 3.01 4.83 0.00 7.28 6.47 6.77 4.85 5.75 6.60 6.51 2.13 3.71 6.82 9.04 4.05 0.00 0.00 4.64 0.00 0.00 5.72 2.28 3.18 3.80 5.55 5.89 5492789
4.24 3.02 5.23 3.48 3.32 3.41 3.00 4.78 0.00 7.26 6.48 6.78 5.03 5.84 6.60 6.50 2.13 3.77 6.62 9.04 4.06 5.01 0.00 4.61 0.00 0.00 5.72 0.00 3.14 3.81 5.55 5.87 5505879
4.25 3.01 5.23 3.43 3.98 3.39 3.04 4.75 0.00 7.27 6.45 6.80 5.07 5.75 6.59 6.50 2.12 3.85 6.60 9.06 4.05 0.00 0.00 0.00 0.00 0.00 5.72 3.01 3.16 3.88 5.55 5.92 5518969
4.26 3.00 5.22 3.47 3.34 3.40 3.04 4.82 0.00 7.28 6.48 6.76 5.02 5.80 6.59 6.50 2.15 3.72 6.84 9.05 4.05 0.00 0.00 0.00 0.00 0.00 5.72 0.00 3.19 3.81 5.56 5.92 5532059
4.25 3.02 5.22 3.47 3.26 3.40 3.06 4.80 0.00 7.27 6.46 6.77 5.01 6.01 6.61 6.50 2.14 3.68 6.61 9.05 4.06 0.00 0.00 4.68 0.00 0.00 5.72 0.00 3.17 4.41 5.55 5.92 5545149
4.24 3.01 5.22 3.46 3.26 3.40 3.07 4.77 0.00 7.27 6.45 6.77 5.01 5.97 6.60 6.49 2.14 3.67 6.58 9.04 4.07 0.00 0.00 0.00 0.00 0.00 5.72 2.98 3.20 3.84 5.55 5.93 5558239
4.25 3.00 5.23 3.45 3.36 3.39 3.04 4.76 0.00 7.27 6.45 6.79 5.01 5.98 6.59 6.50 2.11 3.70 6.58 9.04 4.07 0.00 0.00 4.58 0.00 0.00 5.71 2.96 3.22 3.82 5.55 5.91 5571329
4.26 3.00 5.23 3.46 3.37 3.38 3.05 4.75 0.00 7.27 6.45 6.78 5.01 5.96 6.59 6.49 2.11 3.77 6.57 9.04 4.05 0.00 0.00 4.57 0.00 0.00 5.72 2.41 3.21 3.83 5.55 5.91 5584419
4.25 3.01 5.23 3.45 3.25 3.38 3.05 4.76 0.00 7.28 6.45 6.76 5.01 5.97 6.61 6.49 2.14 4.01 6.57 9.04 4.07 0.00 0.00 4.57 0.00 0.00 5.73 2.27 3.18 3.82 5.55 5.91 5597509
4.24 3.01 5.21 3.45 3.25 3.39 3.04 4.77 0.00 7.28 6.45 6.77 5.02 5.81 6.61 6.48 2.14 3.74 6.57 9.04 4.07 0.00 0.00 4.58 0.00 0.00 5.71 2.26 3.17 3.82 5.54 5.91 5610599
4.24 3.01 5.22 3.45 3.27 3.40 3.05 4.75 0.00 7.27 6.45 6.78 5.01 5.80 6.60 6.49 2.15 3.64 6.59 9.04 4.06 0.00 0.00 4.57 0.00 0.00 5.72 2.26 3.17 3.84 5.55 5.92 5623689
4.25 3.01 5.21 3.45 3.34 3.39 3.05 4.75 0.00 7.28 6.45 6.77 5.02 5.80 6.59 6.48 2.11 3.73 6.60 9.05 4.05 0.00 0.00 4.58 0.00 0.00 5.72 2.25 3.22 3.83 5.55 5.91 5636779
4.25 3.01 5.21 3.44 3.34 3.39 3.05 4.76 0.00 7.27 6.46 6.76 5.02 5.79 6.59 6.47 2.13 3.71 6.59 9.05 4.06 0.00 0.00 4.57 0.00 0.00 5.72 2.24 3.23 3.82 5.55 5.90 5649869
4.23 3.01 5.22 3.45 3.35 3.40 3.05 4.75 0.00 7.28 6.45 6.78 5.02 5.94 6.60 6.47 2.13 3.74 6.68 9.05 4.07 0.00 0.00 4.57 0.00 0.00 5.74 2.26 3.22 3.82 5.57 5.92 5662959
4.24 3.01 5.21 3.44 3.26 3.39 3.03 4.76 0.00 7.27 6.47 6.77 5.03 5.96 6.59 6.48 2.14 3.77 6.67 9.04 4.06 0.00 0.00 4.58 0.00 0.00 5.73 2.26 3.22 3.83 5.56 5.92 5676049
4.25 3.01 5.23 3.44 3.26 3.39 3.04 4.77 0.00 7.28 6.46 6.77 5.02 5.94 6.60 6.48 2.15 3.84 6.66 9.03 4.06 0.00 0.00 4.57 0.00 0.00 5.73 2.26 3.22 3.84 5.56 5.91 5689139
4.24 3.00 5.22 3.45 3.25 3.39 3.04 4.77 0.00 7.27 6.45 6.77 5.01 5.93 6.59 6.47 2.14 3.85 6.66 9.03 4.07 0.00 0.00 4.56 0.00 0.00 5.72 2.25 3.22 3.84 5.55 5.92 5702229
4.22 3.00 5.22 3.45 3.23 3.40 3.04 4.77 0.00 7.27 6.45 6.77 5.02 5.93 6.59 6.47 2.16 3.73 6.66 9.03 4.07 0.00 0.00 4.57 0.00 0.00 5.72 2.26 3.23 3.84 5.55 5.92 5715319
4.23 3.01 5.22 3.45 3.23 3.38 3.04 4.76 0.00 7.27 6.46 6.77 5.02 5.92 6.59 6.47 2.17 3.72 6.65 9.04 4.06 0.00 0.00 4.57 0.00 0.00 5.72 2.26 3.23 3.84 5.56 5.91 5728409
4.24 3.00 5.23 3.45 3.24 3.39 3.04 4.75 0.00 7.28 6.46 6.76 5.02 5.93 6.59 6.48 2.18 3.72 6.67 9.04 4.06 0.00 0.00 4.57 0.00 0.00 5.72 2.26 3.24 3.84 5.56 5.92 5741499
4.23 3.00 5.23 3.44 3.23 3.38 3.04 4.76 0.00 7.28 6.45 6.77 5.02 5.93 6.59 6.47 2.10 3.69 6.65 9.04 4.06 0.00 0.00 4.57 0.00 0.00 5.72 2.26 3.23 3.84 5.55 5.91 5754589
4.24 3.01 5.22 3.45 3.24 3.39 3.04 4.76 0.00 7.28 6.47 6.78 5.03 5.95 6.60 6.47 2.17 3.71 6.65 9.03 4.06 0.00 0.00 4.56 0.00 0.00 5.72 2.26 3.24 3.85 5.57 5.91 5767679
4.23 3.01 5.23 3.45 3.24 3.38 3.05 4.76 0.00 7.27 6.46 6.76 5.02 5.94 6.60 6.48 2.13 3.68 6.66 9.03 4.06 0.00 0.00 4.57 0.00 0.00 5.73 2.27 3.24 3.85 5.55 5.91 5780769