0.00 3.04 4.54 3.17 7.93 7.89 0.00 5.38 2.43 2.28 2.86 3.26 4.49 5.86 6.72 6.85 2.08 3.88 6.75 9.06 2.96 0.00 9.89 5.38 0.00 0.00 2.37 0.00 5.25 5.95 6.09 6.12 12149035
0.00 3.03 4.53 3.18 7.94 7.89 0.00 5.38 2.43 2.27 2.86 3.26 4.50 5.89 6.71 6.85 2.09 3.87 6.75 9.04 3.14 0.00 9.89 5.41 0.00 2.19 2.38 0.00 5.25 5.96 6.10 6.11 12162125
0.00 3.04 4.54 3.17 7.93 7.89 0.00 5.39 2.43 2.27 2.86 3.27 4.50 5.87 6.70 6.84 2.08 3.87 6.74 9.03 2.95 0.00 9.88 5.42 0.00 2.18 2.37 0.00 5.25 5.96 6.09 6.11 12175215
0.00 3.03 4.55 3.18 7.94 7.89 0.00 5.39 2.43 2.27 2.86 3.26 4.51 5.88 6.71 6.84 2.09 3.87 6.75 9.01 2.94 0.00 9.89 5.41 0.00 2.17 2.38 0.00 5.25 5.95 6.10 6.12 12188305
0.00 3.03 4.57 3.18 7.93 7.89 0.00 5.39 2.43 2.27 2.85 3.26 4.51 5.86 6.71 6.84 2.09 3.87 6.76 9.06 2.92 0.00 9.89 5.41 0.00 2.17 2.37 0.00 5.26 5.95 6.10 6.11 12201395
0.00 3.04 4.57 3.18 7.93 7.89 0.00 5.39 2.43 2.27 2.87 3.26 4.50 5.86 6.70 6.84 2.09 3.88 6.76 9.05 2.92 0.00 9.89 5.42 0.00 2.16 2.37 0.00 5.26 5.96 6.10 6.12 12214485
0.00 3.04 4.57 3.20 7.93 7.89 0.00 5.40 2.44 2.28 2.85 3.26 4.49 5.85 6.58 6.84 2.09 3.87 6.75 9.06 2.91 0.00 9.90 5.41 0.00 2.16 2.37 0.00 5.26 5.95 6.09 6.13 12227575
0.00 3.04 4.58 3.20 0.00 7.88 0.00 5.32 2.44 2.28 2.84 3.26 4.50 5.85 6.58 6.84 2.08 3.88 6.89 9.06 2.99 0.00 9.89 5.40 0.00 2.19 2.37 3.00 5.26 5.95 6.09 0.00 12240665
0.00 3.03 4.57 3.18 0.00 7.89 0.00 5.31 2.43 2.28 2.85 3.26 4.49 5.79 6.55 6.84 2.08 3.87 6.84 9.05 2.92 0.00 0.00 5.38 0.00 0.00 2.37 0.00 5.24 5.95 6.02 0.00 12253755
0.00 3.03 4.58 3.19 0.00 7.90 0.00 5.32 2.43 2.29 0.00 3.27 4.49 5.76 6.52 6.85 2.08 3.86 6.78 9.01 2.93 0.00 9.93 5.39 0.00 0.00 2.36 0.00 5.25 5.96 6.02 6.17 12266845
0.00 3.04 4.59 3.19 0.00 7.89 0.00 5.31 2.43 2.27 2.84 3.26 4.50 5.75 6.55 6.84 2.07 3.85 6.97 9.00 2.99 3.34 0.00 5.39 0.00 0.00 2.36 3.09 5.30 5.94 6.07 6.07 12279935
0.00 3.03 4.58 3.17 0.00 7.89 0.00 5.33 2.44 2.27 2.85 3.27 4.49 5.75 6.53 6.89 2.06 3.87 6.73 9.00 3.22 3.04 10.12 5.39 0.00 2.18 2.36 3.27 5.33 5.95 6.06 0.00 12293026
0.00 3.04 4.60 3.19 0.00 7.89 0.00 5.33 2.43 2.29 2.96 3.25 4.49 5.75 6.52 6.86 2.07 3.87 6.86 9.01 3.00 3.11 9.91 5.38 0.00 0.00 2.35 3.32 5.38 5.95 6.04 6.58 12306115
0.00 3.04 4.49 3.18 0.00 7.88 0.00 5.26 2.43 2.29 0.00 3.24 4.52 5.74 6.53 6.86 2.07 3.85 7.10 9.10 3.13 3.05 10.05 5.39 0.00 0.00 2.37 3.42 5.20 5.98 6.04 5.85 12319206
0.00 3.04 4.59 3.18 0.00 7.89 0.00 5.26 2.45 2.29 2.91 3.23 4.52 5.65 6.53 6.87 2.07 3.83 7.42 9.10 3.06 3.01 9.75 5.37 0.00 0.00 2.37 3.28 5.03 5.98 6.05 0.00 12332295
0.00 3.04 4.43 3.18 0.00 7.89 0.00 5.26 2.45 2.35 2.85 3.22 4.40 5.60 6.50 6.88 2.07 3.85 6.97 9.10 3.34 3.04 9.78 5.37 0.00 0.00 2.36 3.28 5.20 5.97 6.73 5.81 12345385
0.00 3.03 4.47 3.20 0.00 7.88 0.00 5.25 2.55 2.28 2.85 3.24 4.45 5.56 6.66 6.87 2.08 3.88 7.28 9.08 3.18 0.00 9.98 5.92 0.00 2.44 2.40 3.50 5.06 5.95 6.01 6.07 12358475
0.00 3.03 4.94 3.19 0.00 7.90 3.76 5.26 2.42 2.33 2.82 3.21 4.53 5.65 6.54 6.77 2.07 3.89 0.00 9.12 3.06 3.09 9.66 5.44 0.00 2.36 2.40 3.17 5.22 6.30 6.05 5.95 12371565
0.00 3.04 4.45 3.25 0.00 7.89 3.74 5.22 2.42 2.27 2.88 3.21 4.53 5.62 6.64 6.80 2.04 3.88 6.93 9.02 3.07 2.89 9.87 0.00 0.00 0.00 2.40 2.90 5.12 5.98 6.08 6.56 12384655
0.00 3.04 4.43 3.28 0.00 7.90 0.00 5.24 2.42 2.29 3.00 3.26 4.58 5.66 6.61 6.76 2.19 3.80 7.17 9.00 3.09 2.97 9.63 0.00 0.00 0.00 2.36 3.44 5.17 5.95 6.13 5.82 12397745
0.00 3.05 4.61 3.24 0.00 7.90 0.00 5.26 3.19 2.28 2.83 3.25 4.60 5.71 6.89 6.76 2.09 3.84 6.41 8.99 2.96 3.08 9.67 4.86 0.00 2.09 2.37 3.64 5.29 5.95 6.02 5.82 12410835
0.00 3.04 4.45 3.30 0.00 7.90 0.00 5.17 2.39 2.30 2.85 3.21 4.35 5.52 6.62 6.80 2.07 3.86 0.00 9.07 2.89 2.99 9.84 4.96 0.00 0.00 2.37 3.19 5.18 5.95 5.98 5.85 12423925
0.00 3.06 4.47 3.32 0.00 7.89 0.00 5.28 2.47 2.27 2.83 3.34 4.31 5.60 6.53 6.80 2.04 4.12 6.55 9.05 2.97 0.00 0.00 4.58 0.00 0.00 2.47 3.11 5.09 5.96 6.14 5.83 12437015
0.00 3.06 4.45 3.50 0.00 7.90 3.45 5.49 2.46 2.26 2.87 3.30 4.43 5.55 6.51 6.92 2.06 3.95 0.00 8.98 3.20 3.05 9.74 5.12 0.00 0.00 2.45 3.07 5.16 5.96 5.97 5.81 12450105
0.00 3.04 4.47 3.38 7.67 7.97 3.73 5.41 2.41 2.30 2.81 3.27 4.26 5.57 6.53 6.84 2.04 3.86 7.23 8.97 2.88 3.03 10.08 5.48 0.00 2.12 2.43 3.14 5.20 5.84 6.08 5.94 12463196
0.00 3.03 4.48 3.29 7.77 7.70 0.00 5.09 2.43 2.28 2.83 3.27 4.53 5.57 6.62 6.78 2.07 3.76 7.23 9.02 2.85 3.15 9.95 4.84 0.00 2.45 2.37 3.58 5.17 6.18 6.18 5.83 12476285
0.00 3.04 4.48 3.21 7.89 7.75 0.00 5.08 2.47 2.32 2.82 3.34 4.29 5.62 6.55 6.83 2.04 3.92 6.77 8.99 2.95 3.26 0.00 5.26 0.00 0.00 2.41 3.77 5.02 5.78 0.00 6.48 12489375
0.00 3.05 4.98 3.19 7.48 7.68 0.00 5.38 2.51 2.36 2.84 3.29 4.44 5.61 6.69 6.73 2.07 3.72 0.00 8.97 2.85 3.09 10.13 4.31 0.00 0.00 2.40 3.56 5.02 6.18 6.17 6.08 12502466
0.00 3.04 4.74 3.21 7.17 7.73 0.00 5.35 2.50 2.26 2.96 3.26 4.70 5.52 6.56 6.91 2.29 3.85 0.00 9.05 2.71 3.01 10.86 4.54 0.00 0.00 2.46 4.32 4.91 5.63 6.16 5.99 12515556
0.00 3.03 4.51 2.81 7.70 7.72 0.00 5.04 2.53 2.25 2.82 3.40 4.39 5.53 6.63 7.11 2.14 3.74 0.00 8.97 2.51 3.02 0.00 0.00 0.00 0.00 2.41 3.59 4.82 5.19 6.17 5.84 12528645
0.00 3.06 4.87 3.42 7.26 7.76 0.00 4.96 2.48 2.24 2.96 3.41 4.51 5.51 6.65 6.86 2.15 3.81 6.66 9.00 2.36 3.08 10.76 4.74 0.00 2.52 2.37 3.40 5.20 5.19 6.25 6.48 12541736
0.00 2.94 4.56 3.39 7.27 7.95 3.64 4.98 2.49 2.28 2.82 3.32 4.51 5.53 6.56 6.80 2.19 4.19 6.51 9.11 2.69 3.23 9.70 0.00 0.00 2.13 2.38 3.51 4.58 5.83 6.25 5.84 12554825
0.00 3.06 4.67 3.33 7.32 7.62 0.00 5.23 2.56 2.25 2.99 3.35 4.49 4.58 6.60 6.87 2.53 4.07 6.90 9.05 2.29 3.04 10.58 4.36 0.00 0.00 2.40 4.10 4.53 5.15 6.68 5.87 12567916
0.00 3.02 4.64 3.52 7.64 7.49 0.00 4.87 2.52 2.24 3.07 3.36 4.39 5.56 6.55 7.52 2.44 3.99 5.76 8.96 2.50 3.12 9.43 5.13 0.00 0.00 2.44 3.73 4.65 5.30 6.52 5.97 12581005
0.00 3.01 4.77 3.51 7.45 7.38 0.00 5.07 2.52 2.33 2.89 3.39 4.54 5.68 6.54 6.86 2.07 3.66 6.29 9.75 2.33 3.27 2.16 3.65 0.00 2.49 2.40 3.65 4.45 5.27 6.18 5.94 12594095
0.00 3.01 4.62 3.42 6.90 7.32 3.36 4.90 2.53 2.23 2.92 3.41 4.42 5.70 6.53 7.02 2.03 3.68 0.00 9.05 2.36 3.37 9.97 4.10 0.00 2.56 2.38 3.84 4.54 5.34 6.31 5.87 12607185
0.00 3.00 4.74 3.29 7.00 7.34 0.00 5.01 2.66 2.33 2.90 3.45 4.68 5.59 6.77 0.00 2.02 3.94 6.79 8.98 2.39 3.42 10.98 0.00 0.00 2.40 2.40 3.88 4.49 5.47 6.29 0.00 12620276
0.00 3.05 4.73 3.21 7.26 7.93 3.31 4.83 2.53 2.24 2.85 3.40 4.55 5.69 6.63 7.03 2.79 3.77 6.72 9.07 2.30 3.47 0.00 5.09 0.00 0.00 2.47 3.70 4.54 5.64 6.20 6.09 12633365
0.00 2.86 4.80 3.22 6.91 7.22 3.82 4.64 2.53 2.19 2.81 3.56 4.33 5.62 6.60 7.00 2.05 3.95 4.69 9.64 2.31 3.46 9.82 5.00 0.00 2.60 2.42 3.69 4.63 5.60 5.10 6.24 12646455
5.42 3.01 4.76 2.77 6.90 7.29 3.28 4.60 2.56 2.26 2.81 3.41 4.63 5.68 6.70 6.99 2.57 3.96 6.74 9.01 2.38 3.41 9.53 4.54 0.00 2.32 2.45 3.75 4.82 5.61 6.29 5.98 12659545
0.00 3.03 4.80 3.56 6.64 7.26 0.00 4.76 2.47 2.24 2.95 3.34 4.79 5.63 6.54 7.06 2.18 4.11 6.89 9.00 2.38 3.56 10.07 4.16 0.00 2.14 2.56 3.70 4.77 5.93 5.87 6.16 12672636
0.00 2.91 5.01 0.00 0.00 7.13 0.00 4.30 2.51 2.26 2.85 3.40 4.53 5.67 6.69 7.05 2.17 3.94 6.44 8.99 2.35 3.49 5.10 4.43 0.00 0.00 2.48 4.17 4.85 6.05 6.25 5.93 12685725
0.00 2.96 4.84 3.18 6.59 7.25 3.84 4.24 2.53 2.30 2.95 3.42 4.52 6.47 6.47 7.04 2.51 3.87 6.79 8.97 2.21 3.45 4.24 4.65 0.00 0.00 2.57 3.93 5.00 5.68 6.75 0.00 12698815
0.00 2.97 4.75 0.00 6.43 6.71 3.35 4.47 2.57 2.27 2.99 3.39 4.76 5.90 6.51 0.00 2.06 3.90 6.24 8.99 2.20 3.40 2.78 4.56 0.00 0.00 2.69 3.54 4.92 5.70 4.82 5.98 12711905
0.00 3.05 4.71 3.33 6.48 6.56 0.00 3.90 2.60 2.17 2.77 3.48 4.75 5.82 6.59 7.05 2.02 3.85 6.73 9.17 2.23 3.53 0.00 4.31 0.00 0.00 2.47 3.57 4.88 5.78 6.17 6.01 12724995
0.00 2.98 4.76 3.46 6.39 6.63 3.34 4.10 2.59 2.20 2.83 3.40 4.76 5.82 6.53 7.31 2.17 4.16 6.37 9.03 2.26 3.51 10.70 4.46 0.00 2.05 2.61 3.63 5.08 6.13 6.17 5.98 12738086
0.00 3.02 4.71 3.24 6.32 6.49 0.00 3.74 2.65 2.15 2.86 3.58 4.65 5.78 6.52 7.04 2.15 3.93 6.05 9.00 2.35 3.43 4.74 4.12 0.00 2.18 2.63 3.68 5.05 5.81 6.08 5.99 12751175
0.00 3.00 4.67 2.86 6.22 6.52 0.00 3.85 2.64 2.23 2.92 3.53 4.80 5.81 7.06 7.14 2.09 3.83 0.00 9.01 2.45 3.49 3.00 5.02 0.00 0.00 2.54 3.71 5.08 5.80 6.10 6.22 12764265
0.00 2.97 4.96 3.51 6.58 6.47 0.00 3.88 2.67 2.22 2.88 3.53 4.72 5.91 6.47 7.12 2.22 3.76 0.00 9.05 2.28 3.49 10.75 4.52 0.00 2.10 2.77 0.00 5.09 5.90 6.10 5.93 12777356
0.00 3.02 4.68 3.18 6.53 6.55 0.00 3.66 2.96 2.27 3.00 3.50 4.82 5.96 6.47 7.42 2.14 4.17 5.99 8.99 2.17 3.48 0.00 4.20 0.00 0.00 2.68 0.00 5.12 5.92 5.91 5.98 12790445
0.00 3.01 4.79 3.25 6.28 6.65 3.38 3.46 2.66 2.19 2.92 3.49 4.83 5.93 6.63 7.10 2.05 3.86 7.35 8.98 2.22 3.61 10.62 4.65 0.00 2.08 2.50 3.97 5.26 5.94 6.29 5.95 12803536
0.00 3.01 5.10 3.44 6.05 6.54 0.00 3.37 2.67 2.20 3.08 3.61 4.82 5.87 6.58 7.32 0.00 3.99 7.16 8.99 2.13 3.46 10.88 3.06 0.00 2.03 2.50 3.63 5.21 6.01 6.12 5.90 12816626
0.00 3.00 4.76 3.26 6.65 6.68 0.00 3.49 2.82 2.30 2.99 3.55 5.25 5.94 6.58 7.28 3.12 3.72 0.00 8.99 2.20 3.37 9.79 4.43 0.00 2.03 2.44 3.68 5.37 5.95 3.89 5.98 12829715
0.00 2.87 4.78 3.48 5.88 6.27 0.00 3.38 2.75 2.24 3.05 3.60 4.87 5.86 6.48 7.24 2.19 4.49 6.66 9.00 2.22 3.46 10.45 4.62 0.00 2.09 2.63 3.52 5.38 5.93 6.53 6.45 12842806
0.00 3.01 5.10 3.29 5.98 6.53 0.00 3.35 2.95 2.25 3.09 3.57 4.94 6.44 6.82 7.20 2.06 3.89 6.53 9.08 2.27 3.63 10.13 4.48 0.00 2.02 2.40 3.66 5.40 6.11 6.38 5.97 12855896
0.00 2.94 4.72 3.50 6.01 6.16 0.00 3.71 2.69 2.17 2.99 3.61 4.73 6.37 6.50 7.83 2.47 3.78 0.00 8.98 2.22 3.45 3.63 0.00 0.00 2.76 2.41 3.61 5.36 5.99 6.12 5.87 12868985
0.00 3.00 4.92 3.47 5.94 6.12 0.00 3.31 2.67 2.17 3.05 3.64 5.30 6.03 6.55 7.19 2.13 3.91 6.29 8.96 2.29 3.25 10.58 4.70 0.00 2.10 2.42 3.86 5.33 6.01 6.17 5.91 12882076
0.00 3.00 4.72 3.14 5.99 6.13 3.61 3.50 2.67 2.25 3.05 3.58 4.94 5.98 7.21 7.48 2.10 4.09 0.00 8.98 2.24 3.48 9.73 5.78 0.00 2.07 2.47 3.98 5.36 6.03 6.18 6.32 12895165
0.00 2.95 4.79 3.48 6.26 6.29 3.38 3.30 2.59 2.18 3.08 3.78 5.16 6.06 6.52 7.58 2.33 3.85 0.00 8.97 2.13 3.37 10.96 4.67 0.00 2.07 2.50 4.04 5.37 6.20 6.29 0.00 12908256
0.00 3.01 4.95 3.53 6.06 6.27 3.66 3.17 2.60 2.30 3.04 3.62 4.98 5.90 6.54 7.20 2.08 3.97 0.00 0.00 2.10 3.41 10.88 4.51 0.00 2.19 2.47 3.84 5.21 6.07 6.64 6.00 12921346
0.00 2.99 4.75 3.28 6.05 6.31 3.22 3.14 2.50 2.29 3.09 3.63 4.84 5.93 6.50 7.22 2.12 3.90 6.94 8.95 2.11 3.35 0.00 5.06 0.00 2.07 2.53 4.32 5.29 6.15 6.19 6.02 12934435
0.00 2.92 4.81 3.49 5.77 6.15 0.00 3.33 2.54 2.23 3.12 0.00 5.47 5.92 6.52 7.41 2.18 3.76 7.17 8.97 2.24 3.17 10.10 5.54 0.00 2.65 2.47 3.77 5.38 6.12 6.59 5.97 12947526
0.00 2.98 4.89 3.38 5.95 6.31 3.35 3.43 2.65 2.28 3.05 3.61 0.00 5.99 6.47 0.00 2.27 4.00 7.02 9.01 2.18 3.31 10.29 4.55 0.00 0.00 2.35 3.89 5.38 6.04 6.18 6.16 12960616
0.00 2.92 4.76 3.48 5.86 6.19 0.00 3.20 2.58 2.18 3.07 3.66 5.27 5.96 6.56 7.96 2.02 3.76 7.12 9.03 2.28 3.31 9.96 0.00 0.00 2.30 2.39 3.99 5.34 0.00 6.20 6.07 12973705
0.00 3.00 4.80 3.53 5.95 6.13 0.00 3.36 2.53 2.24 2.99 3.73 5.36 6.02 6.55 7.34 2.06 3.92 6.41 8.99 2.39 3.32 0.00 5.12 0.00 2.23 2.44 3.76 5.40 6.06 6.17 5.89 12986795
0.00 2.96 4.84 3.53 5.94 6.06 0.00 3.18 2.71 2.17 2.98 3.63 5.01 5.97 6.55 7.20 2.02 4.08 7.04 8.97 2.25 3.40 0.00 5.42 0.00 2.54 2.59 4.02 5.37 6.03 6.30 5.83 12999885
0.00 2.93 4.81 3.51 5.92 6.04 0.00 3.23 2.67 2.23 2.94 3.80 5.21 5.91 6.54 7.21 2.09 3.90 7.01 8.96 2.34 3.40 0.00 5.18 0.00 2.41 2.46 3.70 5.55 6.04 6.12 5.76 13012975
0.00 2.96 4.85 3.52 6.06 6.07 0.00 3.31 2.57 2.20 3.19 3.67 0.00 5.90 6.55 7.28 2.05 3.89 7.01 8.99 2.35 3.45 10.09 0.00 0.00 0.00 2.42 3.93 5.35 6.02 6.14 6.10 13026066
0.00 2.97 4.85 3.50 6.06 6.08 0.00 3.33 2.52 2.17 3.01 3.70 4.93 6.09 6.55 7.40 2.80 3.77 7.16 0.00 2.22 3.50 0.00 5.52 0.00 0.00 2.46 4.22 5.35 6.04 6.21 5.87 13039155
0.00 3.00 4.87 3.50 6.61 6.16 0.00 3.28 2.55 2.18 2.96 3.67 5.19 6.11 6.54 7.19 2.01 3.77 0.00 0.00 2.19 3.47 0.00 0.00 0.00 0.00 2.38 4.12 5.26 6.01 6.13 5.69 13052245
0.00 2.86 4.84 3.51 5.97 6.12 0.00 3.21 2.57 2.22 3.02 3.69 5.02 5.95 6.56 0.00 2.11 3.83 0.00 9.01 2.51 3.36 0.00 5.25 0.00 0.00 2.39 3.99 5.35 6.04 6.21 5.68 13065335
0.00 3.01 4.84 3.50 5.77 6.34 0.00 3.16 2.69 2.18 3.00 3.77 0.00 5.96 6.55 7.22 2.00 3.73 0.00 0.00 2.13 3.55 10.97 5.30 0.00 2.52 2.34 3.95 5.60 6.07 6.10 5.92 13078426
0.00 3.00 4.85 3.27 5.50 6.04 0.00 3.20 2.80 2.22 2.93 3.67 4.94 5.95 6.58 7.30 0.00 3.84 6.73 9.01 2.22 3.30 0.00 5.43 0.00 0.00 2.51 4.54 5.47 6.02 6.15 5.70 13091515
0.00 3.02 4.73 3.50 5.73 6.10 0.00 3.15 2.58 2.20 2.96 3.71 4.96 6.03 6.59 0.00 2.87 3.77 7.64 8.97 2.30 3.52 10.49 5.34 0.00 0.00 2.41 3.76 5.51 6.46 6.13 5.82 13104606
0.00 3.04 4.77 3.22 5.89 6.17 0.00 3.16 2.59 2.21 3.18 3.69 5.10 5.94 6.55 7.25 2.08 3.76 6.91 9.00 2.21 3.27 0.00 4.29 0.00 2.10 2.40 3.80 5.25 6.03 6.13 5.71 13117695
0.00 3.03 4.76 3.26 5.59 5.98 0.00 3.13 2.50 2.26 3.08 3.71 5.22 6.03 6.55 7.32 2.08 3.97 6.92 8.98 2.30 3.42 0.00 4.21 0.00 0.00 2.41 3.95 5.28 6.22 6.00 5.64 13130785
0.00 2.98 4.80 3.51 0.00 6.11 0.00 3.09 2.55 2.21 3.08 3.69 5.09 6.16 6.56 7.33 2.12 4.23 7.08 9.02 2.35 3.80 0.00 4.55 0.00 2.09 2.47 4.07 5.31 6.71 6.04 5.67 13143875
0.00 3.01 4.74 3.33 5.79 6.05 0.00 3.12 2.76 2.25 3.04 3.73 5.15 6.03 6.52 7.34 2.18 4.06 7.09 9.07 2.36 3.50 0.00 4.37 0.00 2.56 2.39 4.16 5.40 6.20 6.01 6.51 13156965
0.00 3.00 4.74 3.33 5.60 5.98 0.00 3.20 2.56 2.22 3.07 3.75 5.06 6.03 6.55 7.36 3.04 3.90 6.46 9.02 2.99 3.49 9.99 5.55 0.00 2.55 2.85 4.36 5.28 6.12 5.97 5.73 13170055
0.00 3.01 4.98 3.33 5.63 6.02 0.00 3.13 2.54 2.19 3.11 3.72 5.30 6.01 6.49 7.24 0.00 4.23 7.71 9.02 2.27 3.61 0.00 3.95 0.00 2.56 2.54 3.87 5.42 6.02 6.01 6.33 13183145
0.00 3.05 4.80 2.84 6.40 6.00 0.00 3.12 2.49 2.20 2.99 3.78 5.29 5.95 6.48 7.34 0.00 3.81 7.43 9.05 2.15 3.30 10.45 4.35 0.00 2.29 2.45 4.36 5.29 6.23 6.00 0.00 13196236
0.00 2.99 4.85 3.36 5.50 5.90 0.00 3.09 2.66 2.22 3.02 3.79 4.99 6.14 6.55 7.35 2.87 3.69 7.06 8.94 2.30 3.27 0.00 5.41 0.00 2.18 2.65 4.61 5.35 6.08 5.94 5.85 13209325
0.00 3.00 4.88 3.26 5.72 5.72 3.78 3.25 2.42 2.22 3.07 3.79 5.00 6.03 6.58 7.32 2.06 3.81 6.51 8.97 2.27 3.57 0.00 5.21 0.00 0.00 2.45 4.31 5.26 6.25 5.99 0.00 13222415
0.00 3.01 4.94 2.98 5.49 5.75 3.83 3.17 2.44 2.22 3.04 3.87 4.95 6.00 6.57 7.37 3.07 3.80 6.73 9.65 2.16 4.21 10.72 4.59 0.00 2.02 2.48 3.83 5.30 6.08 5.93 0.00 13235506
0.00 2.95 4.81 2.83 5.63 5.88 3.83 3.14 2.60 2.24 2.91 3.79 5.08 5.99 7.00 7.33 2.01 3.74 6.52 8.96 2.24 3.56 10.89 4.41 0.00 0.00 2.46 3.96 5.72 6.15 5.89 5.58 13248596
0.00 3.02 4.83 3.05 5.42 5.79 3.78 3.26 2.73 2.19 2.98 4.10 5.29 6.00 6.52 7.30 2.01 4.18 6.55 8.99 2.17 3.60 0.00 4.37 0.00 2.53 2.58 4.01 5.31 6.18 6.68 6.21 13261685
0.00 3.01 5.23 3.01 5.43 5.84 3.89 3.10 2.47 2.22 2.98 3.81 5.06 6.00 7.27 7.33 2.27 3.77 7.13 8.98 2.27 3.60 10.98 4.63 0.00 2.63 2.45 4.09 5.21 6.05 5.93 5.82 13274776
0.00 3.03 4.74 2.82 5.58 5.95 3.95 3.17 2.49 2.21 3.04 3.76 5.15 6.05 6.55 7.27 0.00 4.30 6.51 8.99 2.23 3.29 0.00 4.57 0.00 0.00 2.55 4.25 5.48 6.15 6.05 5.56 13287865
0.00 3.00 5.71 3.39 5.44 5.95 3.90 3.19 2.53 2.20 3.10 3.84 5.41 6.03 6.56 7.29 3.01 4.37 6.43 0.00 2.31 3.70 10.93 0.00 0.00 2.55 2.54 4.46 5.16 6.07 5.90 5.60 13300956
0.00 2.96 4.74 3.31 5.45 5.84 3.80 3.13 2.48 2.23 2.97 3.89 5.14 6.16 6.55 7.44 2.80 3.74 6.66 9.11 2.14 3.48 0.00 4.39 0.00 0.00 2.54 4.14 5.24 6.06 6.57 5.61 13314045
0.00 2.97 4.79 3.37 5.64 5.86 3.99 3.22 2.55 2.22 3.06 3.77 5.06 6.00 7.00 7.45 0.00 3.91 6.91 9.00 2.17 3.62 0.00 0.00 0.00 0.00 2.57 4.16 5.15 6.03 5.85 0.00 13327135
0.00 3.00 4.75 3.45 5.50 5.80 4.05 3.22 2.51 2.18 3.12 3.79 5.10 6.04 6.63 7.32 2.62 3.73 6.78 8.99 2.14 3.72 0.00 4.50 0.00 2.03 2.48 4.29 5.12 6.46 5.90 5.84 13340225
0.00 3.00 4.85 3.33 5.65 5.91 3.32 2.99 2.50 2.20 3.06 3.89 5.29 6.06 6.53 7.36 0.00 3.77 7.35 9.12 2.13 3.63 0.00 4.34 0.00 2.33 2.45 4.47 4.91 6.09 5.82 5.73 13353315
0.00 3.01 4.75 3.44 5.48 5.88 3.35 2.97 2.65 2.26 3.03 3.86 5.08 6.13 6.66 7.44 0.00 4.00 0.00 8.94 2.17 3.78 10.74 4.60 0.00 2.47 2.48 4.18 5.11 6.05 5.89 5.62 13366406
0.00 2.93 4.80 3.43 5.49 5.62 3.43 3.11 2.59 2.26 3.13 3.85 5.53 6.22 0.00 7.56 2.30 4.01 0.00 8.99 2.17 3.39 0.00 4.54 0.00 2.57 2.52 4.23 5.35 6.36 5.77 5.58 13379495
0.00 3.01 4.91 2.82 5.56 5.63 3.33 2.99 2.66 2.26 3.08 3.82 0.00 6.08 6.60 7.40 2.69 3.75 6.59 9.45 2.16 3.49 10.99 4.51 0.00 0.00 2.50 4.17 5.19 6.14 5.82 5.55 13392586
0.00 3.01 4.86 3.20 5.29 5.58 3.65 3.14 2.54 2.17 3.05 3.75 5.35 6.12 6.61 7.61 2.11 3.72 7.02 9.06 2.10 3.55 4.51 0.00 0.00 0.00 2.46 0.00 5.09 6.14 5.93 5.65 13405675
0.00 2.92 4.79 3.01 0.00 5.54 3.50 3.11 2.49 2.25 3.08 3.81 5.13 6.08 6.55 7.56 2.15 3.64 7.04 9.48 2.35 3.58 0.00 4.42 0.00 0.00 2.49 4.43 5.05 6.07 5.85 6.20 13418765
0.00 3.04 4.78 3.21 5.11 5.52 3.51 3.00 2.48 2.28 3.16 3.85 5.19 6.15 6.65 7.63 0.00 3.67 6.80 8.97 2.25 3.32 9.37 3.40 0.00 0.00 2.57 4.39 4.97 6.25 5.83 5.54 13431855
0.00 3.01 5.17 3.25 5.32 5.37 4.00 3.14 2.46 2.23 3.27 4.20 5.33 6.17 6.58 7.40 2.08 3.95 6.82 9.04 2.25 3.36 9.29 4.90 0.00 2.44 2.48 4.48 4.78 6.03 6.10 5.56 13444945
0.00 3.05 4.88 3.21 5.31 5.49 3.66 3.01 2.53 2.18 3.06 3.78 5.43 6.15 6.70 7.86 2.21 3.98 6.83 0.00 2.24 3.19 10.10 4.36 0.00 0.00 2.48 4.63 4.89 6.26 6.08 5.96 13458036
0.00 2.98 4.86 3.33 5.31 5.55 3.47 3.06 2.47 2.17 3.14 3.84 5.16 6.12 6.57 7.40 0.00 3.98 7.75 9.14 2.34 4.26 5.26 4.40 0.00 0.00 2.50 4.21 4.89 6.08 5.83 0.00 13471125
0.00 2.99 4.83 3.31 5.35 5.47 3.47 3.06 2.52 2.27 3.10 4.03 5.22 7.13 6.61 7.49 0.00 4.05 6.89 9.00 2.22 3.48 10.28 4.68 0.00 2.69 2.49 4.35 4.91 6.08 5.76 5.55 13484216
0.00 3.03 4.98 3.14 5.25 5.63 3.67 3.14 2.53 2.25 3.16 3.83 5.24 6.17 6.65 7.66 2.03 3.89 6.50 9.11 2.21 3.84 5.34 4.31 0.00 2.48 2.47 4.77 4.83 6.03 5.74 5.60 13497305
0.00 3.00 4.82 3.04 5.32 5.45 3.46 3.05 2.52 2.22 3.09 3.89 5.41 6.32 6.71 7.56 0.00 4.02 7.16 9.47 2.32 3.30 5.64 4.38 0.00 2.23 2.51 4.50 4.95 6.08 5.71 5.58 13510395
0.00 3.01 5.08 2.98 5.27 5.57 3.55 2.94 2.59 2.21 3.12 4.54 5.46 6.30 6.60 7.65 2.06 3.75 6.82 9.04 2.15 3.20 10.88 3.88 0.00 0.00 2.53 4.38 4.83 6.14 5.76 5.48 13523486
0.00 2.99 4.85 3.13 5.34 5.41 3.85 3.10 2.54 2.22 3.02 3.82 5.41 6.34 6.73 7.70 2.02 3.83 0.00 8.99 2.19 3.27 0.00 4.89 0.00 2.68 2.55 4.41 4.84 6.07 5.71 5.53 13536575
0.00 3.00 5.02 3.42 5.19 5.63 3.52 3.04 2.62 2.21 3.25 3.82 5.17 6.23 6.69 7.64 2.15 3.79 0.00 9.04 2.20 3.36 10.72 4.88 0.00 2.12 2.52 4.39 5.02 6.10 5.68 5.50 13549666
0.00 2.98 4.98 3.01 5.37 5.41 3.35 2.98 0.00 2.21 3.18 3.79 5.37 6.28 6.92 7.57 2.20 3.80 6.57 8.98 2.16 3.16 10.67 4.57 0.00 0.00 2.56 4.55 4.84 6.07 5.59 5.73 13562756
0.00 2.98 4.85 2.96 5.35 5.24 3.47 3.20 2.56 2.26 3.19 3.83 5.44 6.21 6.79 8.06 2.04 3.83 6.77 9.00 2.23 3.61 0.00 5.36 0.00 2.30 2.50 4.42 4.69 6.10 5.73 0.00 13575845
0.00 3.02 4.86 2.90 4.86 5.58 3.55 2.97 2.54 2.22 3.13 3.92 5.12 6.26 6.82 7.65 2.47 3.83 6.53 9.00 2.18 3.64 5.34 4.97 0.00 2.10 2.60 4.58 4.77 6.04 5.57 5.45 13588935
0.00 2.88 4.83 2.99 5.13 5.19 3.37 3.02 2.61 2.28 3.12 3.82 5.20 6.19 7.16 7.60 2.07 3.91 6.62 9.01 2.27 3.32 6.91 3.98 0.00 2.56 2.63 4.79 4.84 6.27 5.67 5.52 13602025
0.00 3.02 4.80 2.97 4.89 5.18 3.33 3.00 2.45 2.27 3.17 3.85 5.10 6.71 0.00 7.56 2.11 4.06 6.67 9.13 2.17 3.68 0.00 4.29 0.00 2.13 2.55 4.45 5.07 6.12 5.52 5.38 13615115
0.00 2.88 4.85 2.75 5.02 5.21 3.42 3.01 2.43 2.26 3.07 3.87 5.33 6.27 6.99 7.46 2.04 3.81 0.00 9.14 2.14 3.28 0.00 4.39 0.00 0.00 2.51 4.39 4.81 5.98 5.53 5.40 13628205
0.00 3.02 5.06 2.76 4.85 5.20 3.41 3.27 2.43 2.26 3.11 3.90 5.33 6.28 7.09 7.56 2.43 3.95 7.35 9.10 2.15 3.22 0.00 5.10 0.00 2.16 2.71 0.00 4.82 5.97 5.56 5.40 13641295
0.00 3.04 4.87 2.76 4.81 5.24 3.48 3.11 2.63 2.27 3.15 3.97 5.60 6.34 6.89 7.46 2.04 4.49 0.00 0.00 2.13 3.48 10.78 4.02 0.00 2.61 2.53 4.41 5.00 5.95 5.70 5.39 13654386
0.00 3.06 4.84 2.85 4.87 5.25 3.31 3.14 2.67 2.24 3.19 3.89 5.53 6.22 6.89 7.51 2.54 3.89 6.42 9.03 2.19 3.46 10.44 3.64 0.00 0.00 2.53 4.47 4.81 5.97 5.72 5.35 13667476
0.00 2.87 4.89 2.86 5.03 5.30 3.41 2.96 2.72 2.21 3.21 3.94 5.38 6.28 7.00 7.71 0.00 3.71 7.31 8.99 2.18 3.45 10.40 4.90 0.00 2.01 2.64 4.43 4.95 6.06 5.67 5.75 13680566
0.00 3.00 4.86 2.75 4.98 5.30 3.38 3.03 2.49 2.29 3.19 4.02 6.11 6.27 6.75 7.60 2.08 3.85 6.38 8.97 2.16 3.76 10.84 4.35 0.00 2.53 2.67 4.40 4.80 5.95 5.63 5.49 13693656
0.00 3.02 4.86 2.96 5.01 5.25 3.46 2.92 2.43 2.26 3.05 4.04 5.53 6.24 6.93 7.80 2.11 4.15 7.06 8.97 2.15 3.24 10.42 4.15 0.00 2.12 2.50 4.43 4.84 5.95 5.60 5.48 13706746
0.00 3.02 4.74 2.94 4.94 5.26 3.63 2.98 2.50 2.24 3.20 4.02 5.41 6.30 6.95 7.58 2.54 3.84 6.37 8.95 2.22 3.38 10.83 4.62 0.00 0.00 2.62 4.85 4.81 5.98 5.59 5.52 13719836
0.00 3.03 4.83 2.95 4.86 5.17 3.27 2.92 2.45 2.33 3.31 4.69 5.47 6.24 7.44 7.68 3.04 3.78 6.81 8.97 2.10 3.65 9.52 5.05 0.00 2.62 2.55 4.51 4.79 6.61 5.62 5.61 13732925
0.00 3.00 4.81 2.85 4.91 5.18 3.38 2.86 2.60 2.26 3.23 4.05 5.21 6.29 6.96 7.66 2.06 3.79 6.66 8.97 2.28 3.53 0.00 4.59 0.00 0.00 2.59 4.43 4.73 0.00 5.87 5.33 13746015
0.00 3.02 4.82 2.74 4.90 5.27 3.26 2.98 2.44 2.24 3.23 3.99 5.97 6.28 6.96 8.27 2.15 0.00 6.23 8.97 2.15 3.34 10.87 4.31 0.00 0.00 2.56 4.54 4.82 6.01 5.72 5.33 13759106
0.00 3.02 5.06 2.79 5.21 5.21 3.34 2.96 2.49 2.19 3.16 4.07 5.85 6.35 6.95 7.63 2.94 4.26 6.62 9.00 2.13 3.33 10.95 4.50 0.00 0.00 2.58 5.22 4.77 5.95 5.67 5.33 13772196
0.00 3.03 4.82 2.72 4.83 5.44 3.34 2.96 2.56 2.28 3.21 4.06 5.85 6.22 6.91 7.67 0.00 3.71 6.37 9.00 2.19 3.67 0.00 4.49 0.00 0.00 2.60 4.58 4.78 6.79 5.59 5.34 13785285
0.00 3.01 4.93 2.89 4.78 5.08 3.35 2.88 2.48 2.27 3.16 4.04 5.45 6.26 7.15 7.53 2.02 3.83 6.63 9.00 2.17 3.46 10.70 4.42 0.00 0.00 2.60 0.00 4.79 5.94 5.55 5.36 13798376
0.00 3.00 4.85 2.92 4.68 4.95 3.30 2.90 2.52 2.24 3.25 4.04 5.48 6.35 6.91 7.54 2.03 3.90 6.46 8.98 2.27 3.80 10.16 4.57 0.00 2.11 2.59 4.51 4.76 5.92 5.65 5.36 13811466
0.00 3.03 4.86 2.89 4.57 5.21 3.22 2.89 2.49 2.24 3.30 4.04 5.23 6.40 7.26 7.58 2.04 3.88 6.52 9.02 2.26 3.84 0.00 4.29 0.00 2.10 2.59 4.69 4.79 5.91 5.61 5.47 13824555
0.00 2.98 4.85 2.91 4.67 4.89 3.22 2.88 2.50 2.27 3.22 4.09 5.30 6.27 7.18 7.76 0.00 3.80 6.38 9.01 2.22 3.72 10.34 4.74 0.00 0.00 2.60 4.61 4.76 5.93 5.56 5.36 13837646
0.00 3.03 4.76 3.08 4.76 4.93 3.26 2.92 2.48 2.28 3.29 4.13 5.27 6.63 7.56 7.78 2.05 4.05 6.95 8.98 2.09 3.52 10.74 4.81 0.00 0.00 2.89 4.73 4.94 5.83 5.61 5.58 13850736
0.00 3.01 4.77 2.89 4.69 5.05 3.11 3.09 2.42 2.27 3.35 4.08 5.45 6.25 7.13 7.68 2.23 3.80 6.96 8.97 2.23 3.53 8.14 4.36 0.00 0.00 2.61 0.00 4.84 0.00 5.46 5.46 13863825
0.00 3.03 5.09 2.81 4.62 4.75 3.20 3.04 2.53 2.22 3.28 4.33 5.33 6.32 7.40 7.81 2.33 3.87 3.41 9.02 2.23 4.08 3.94 4.90 0.00 2.06 2.59 4.83 4.84 5.97 5.57 5.37 13876915
0.00 2.97 4.92 2.91 4.80 5.07 3.20 3.09 2.57 2.23 3.35 4.07 5.98 6.32 7.05 7.81 2.28 3.86 6.97 9.03 2.24 3.74 10.07 3.96 0.00 2.09 2.52 4.66 4.67 5.90 5.53 5.82 13890006
0.00 3.00 4.87 3.03 4.67 4.93 3.15 3.03 2.55 2.32 3.35 4.14 5.83 6.40 7.16 7.96 2.10 3.92 6.37 8.98 2.33 3.69 10.34 0.00 0.00 2.23 2.55 4.68 4.69 5.65 5.43 5.62 13903096
0.00 3.03 4.85 3.00 5.00 5.02 3.01 3.16 2.53 2.31 3.25 4.29 5.49 6.32 7.10 7.90 2.00 3.83 7.66 0.00 2.19 3.58 4.62 4.55 0.00 2.11 2.49 4.80 4.83 5.76 4.27 5.38 13916185
0.00 3.01 4.88 2.79 4.61 4.86 3.20 3.29 2.47 2.29 3.29 4.16 5.45 6.40 7.27 7.86 2.25 3.77 0.00 9.60 2.38 4.20 8.10 5.74 0.00 2.09 2.44 4.87 4.90 5.52 4.93 5.12 13929275
0.00 3.04 4.88 2.78 4.53 4.61 3.08 3.06 2.43 2.30 3.26 4.17 5.63 6.53 7.23 8.41 2.13 3.61 0.00 9.01 2.43 3.48 3.90 4.66 0.00 2.45 2.58 4.75 4.72 5.33 3.73 5.23 13942365
0.00 3.00 4.92 2.86 4.71 4.54 3.05 3.11 2.45 2.29 3.30 4.17 5.78 6.52 7.20 8.37 2.04 3.60 7.12 8.89 2.46 3.95 2.86 4.46 0.00 2.17 2.62 0.00 4.71 4.93 3.62 5.00 13955455
0.00 3.04 4.86 3.06 4.24 4.41 2.97 3.15 2.34 2.39 3.32 4.15 5.70 6.61 7.49 8.01 2.12 3.71 0.00 8.98 2.33 3.64 2.39 4.98 0.00 2.33 2.55 4.78 4.66 4.47 3.65 5.28 13968545
0.00 2.98 5.07 2.71 4.37 4.30 3.04 3.20 2.39 2.26 3.31 4.40 5.47 6.57 7.46 8.10 2.22 3.53 6.07 8.96 2.29 0.00 3.53 3.58 0.00 2.10 2.50 4.92 4.69 4.44 3.70 4.74 13981635
0.00 3.04 4.98 0.00 4.05 4.71 3.01 3.26 2.51 2.39 3.28 4.23 5.85 6.65 7.47 0.00 2.11 2.86 7.28 9.07 2.55 3.91 2.26 4.18 0.00 2.51 2.52 4.82 3.11 4.11 3.22 2.71 13994725
0.00 2.92 4.96 3.33 4.00 4.45 2.90 3.14 2.40 2.39 3.42 4.36 5.55 6.64 7.41 8.32 2.14 3.52 6.96 9.62 2.39 4.36 2.94 2.42 0.00 2.07 2.52 0.00 4.56 4.17 2.29 3.73 14007815
0.00 2.96 5.12 3.50 4.38 4.21 3.03 3.56 2.55 2.26 3.28 4.31 5.57 6.67 7.40 8.75 2.22 3.55 5.11 9.08 2.71 4.36 3.47 3.49 0.00 2.30 2.63 4.83 4.17 4.15 3.45 3.53 14020905
0.00 3.00 4.89 2.92 4.25 4.21 2.84 3.26 2.38 2.44 3.50 4.35 5.83 6.06 7.52 0.00 2.10 3.72 6.56 9.17 2.65 4.13 2.52 2.40 0.00 2.42 2.59 4.89 2.80 4.07 3.28 3.78 14033995
0.00 3.02 4.97 3.12 4.17 4.00 2.82 3.35 2.41 2.42 3.49 4.45 5.96 6.68 7.38 8.82 2.10 3.50 0.00 9.20 2.56 4.23 3.04 3.86 0.00 2.30 2.73 4.94 3.86 4.09 3.51 3.34 14047085
0.00 2.90 5.00 3.03 3.94 3.74 2.97 3.23 2.42 2.47 3.54 4.37 6.09 6.79 7.36 8.36 2.18 3.57 7.27 9.02 2.72 4.49 4.08 4.66 0.00 2.28 2.68 4.93 3.56 4.13 3.41 3.11 14060175
0.00 3.05 5.18 2.79 3.77 3.85 3.16 3.30 2.36 2.45 3.38 4.31 5.82 6.72 7.34 7.96 2.09 3.55 7.33 9.05 2.72 4.38 10.68 2.97 0.00 2.23 2.84 4.81 3.35 4.02 3.13 2.94 14073266
0.00 2.96 4.99 2.63 3.75 3.93 2.93 3.59 2.48 2.34 3.45 4.26 6.34 6.79 7.32 0.00 2.12 3.50 0.00 8.97 3.09 0.00 0.00 4.47 0.00 0.00 2.60 4.86 3.30 3.99 3.00 3.01 14086355
0.00 2.99 4.99 3.41 3.80 4.07 2.91 3.40 2.45 2.34 3.46 4.31 6.13 6.76 7.43 8.19 2.15 3.24 0.00 8.91 2.81 4.40 2.49 3.07 0.00 2.60 2.66 4.85 3.29 3.99 3.06 3.06 14099445
0.00 2.97 5.16 3.50 3.91 3.92 3.05 3.29 2.40 2.41 3.57 4.30 6.11 6.79 7.38 0.00 2.11 3.87 7.21 8.96 3.11 4.99 10.00 4.07 0.00 2.55 2.62 4.92 3.21 4.01 2.99 3.75 14112536
0.00 3.04 4.98 2.86 3.84 3.86 3.04 3.37 2.46 2.41 3.32 4.72 6.20 6.03 7.50 0.00 2.09 3.65 7.12 8.93 3.15 0.00 10.70 5.05 0.00 0.00 2.66 4.72 3.45 4.00 2.91 3.04 14125626
0.00 3.02 4.91 3.47 3.78 3.62 2.92 3.42 2.38 2.45 3.44 4.54 6.54 6.95 7.41 0.00 2.42 3.60 7.39 8.94 3.24 4.61 0.00 3.55 0.00 0.00 2.67 4.69 3.25 4.02 2.87 3.02 14138715
0.00 2.95 4.99 3.01 3.80 3.60 2.90 3.41 2.43 2.48 3.44 4.46 6.66 6.76 8.12 8.40 2.08 3.62 6.96 8.97 3.17 4.49 2.35 3.03 0.00 2.08 2.56 4.81 3.21 4.08 2.88 2.93 14151805
0.00 3.02 4.96 3.35 3.81 3.77 2.94 3.33 2.39 2.47 3.39 4.40 6.46 6.73 7.50 8.09 2.18 3.58 0.00 0.00 3.32 4.70 10.52 3.26 0.00 2.45 2.48 4.67 3.43 4.04 2.87 2.98 14164896
0.00 3.01 4.96 2.65 3.94 3.78 2.84 3.40 2.45 2.46 3.41 4.50 0.00 6.67 7.42 0.00 2.20 3.54 0.00 8.90 3.13 4.75 10.74 4.47 0.00 2.16 2.58 4.48 3.10 4.08 2.91 3.04 14177986
0.00 2.97 4.99 0.00 3.89 4.00 2.99 3.26 2.45 2.50 3.47 4.55 6.20 6.61 7.35 0.00 2.21 3.73 0.00 8.98 3.30 0.00 0.00 4.46 0.00 0.00 2.62 4.17 3.29 4.16 2.98 2.99 14191075
0.00 3.00 5.12 3.48 3.90 3.92 2.87 3.33 2.45 2.46 3.48 4.51 6.23 6.71 7.67 8.13 2.16 3.91 7.08 8.90 3.29 0.00 10.27 4.81 0.00 2.40 2.67 4.60 3.29 4.14 3.01 2.86 14204166
0.00 3.00 5.06 3.52 3.83 3.64 2.87 3.47 2.50 2.46 3.70 4.57 0.00 6.68 7.33 8.14 2.08 3.83 6.64 8.86 3.39 4.69 10.74 0.00 0.00 2.04 3.01 4.37 3.21 4.27 3.02 2.91 14217256
0.00 3.02 5.16 2.84 3.97 3.73 2.96 3.45 2.46 2.46 3.44 4.48 6.38 6.70 7.43 0.00 2.15 3.78 6.84 0.00 3.43 5.15 10.23 4.56 0.00 0.00 2.95 4.17 3.17 4.33 3.07 2.92 14230346
0.00 2.96 5.08 3.52 3.97 3.63 2.87 3.45 2.39 2.38 3.42 4.57 6.28 6.78 7.29 8.36 2.13 3.80 7.73 9.03 3.47 5.15 10.55 4.28 0.00 2.43 2.84 4.35 3.27 4.43 3.05 2.93 14243436
0.00 3.00 5.14 0.00 3.85 3.70 2.95 3.37 2.30 2.47 3.51 4.68 6.42 6.69 7.44 8.04 2.09 3.84 7.05 9.01 3.57 0.00 10.48 4.41 0.00 2.33 2.89 4.15 3.29 4.31 3.23 2.98 14256526
0.00 3.01 4.95 3.19 3.93 3.67 2.84 3.49 2.33 2.45 3.46 4.63 6.28 6.05 7.39 8.26 2.20 3.82 7.28 9.27 3.47 4.85 0.00 4.38 0.00 2.08 2.89 0.00 3.29 4.29 3.20 3.08 14269615
0.00 3.01 4.96 2.73 3.89 3.62 2.93 3.49 2.30 2.40 3.52 4.58 6.30 6.69 7.28 7.95 2.16 3.70 6.83 8.92 3.55 5.01 5.35 4.69 0.00 0.00 2.90 4.40 3.42 4.28 3.19 3.12 14282705
0.00 3.00 5.15 0.00 3.96 3.68 2.80 3.53 2.35 2.38 3.72 4.64 0.00 6.65 7.33 7.97 2.17 3.66 6.96 8.99 3.51 0.00 10.10 4.76 0.00 0.00 2.86 4.65 3.40 4.59 3.22 3.15 14295796
0.00 3.00 5.20 3.37 3.90 3.60 2.90 3.47 2.36 2.43 3.60 4.87 6.52 6.62 7.24 8.56 2.12 3.74 7.11 9.00 3.59 4.84 10.58 4.34 0.00 0.00 2.83 4.05 3.46 4.36 3.23 3.65 14308886
0.00 3.01 4.93 3.23 4.09 3.64 2.67 3.50 2.27 2.42 3.59 4.59 5.98 6.72 7.32 8.63 2.17 3.74 7.12 9.53 3.70 5.11 10.90 0.00 0.00 0.00 2.73 3.48 3.44 4.49 3.24 2.98 14321976
0.00 3.01 5.03 3.48 3.89 3.73 2.74 3.40 2.25 2.44 3.49 4.71 6.45 6.62 7.29 0.00 2.11 3.87 7.29 9.66 3.54 5.19 0.00 3.53 0.00 2.18 2.70 3.85 3.66 4.45 3.29 3.03 14335065
0.00 3.02 5.15 3.16 3.89 3.68 2.90 3.47 2.34 2.54 3.52 4.62 6.28 6.56 7.57 7.94 2.26 3.87 7.24 9.05 3.53 4.86 0.00 2.41 0.00 0.00 2.70 3.49 3.83 4.48 3.45 3.01 14348155
0.00 2.97 5.03 3.56 3.89 3.68 2.87 3.47 2.31 2.49 3.80 4.95 6.18 6.58 7.33 7.86 2.16 3.76 7.12 9.69 3.53 4.88 4.71 4.25 0.00 2.78 2.74 3.82 3.69 4.54 3.51 3.09 14361245
0.00 3.00 5.01 3.38 3.96 3.66 2.80 3.41 2.31 2.49 3.61 4.69 6.88 6.59 7.04 7.83 2.07 3.77 7.44 0.00 3.56 4.92 10.71 0.00 0.00 2.10 2.67 3.76 3.74 4.55 3.69 3.08 14374336
0.00 2.99 0.00 2.84 3.94 3.71 2.76 3.49 2.32 2.52 3.61 4.81 6.55 6.56 7.19 7.51 2.17 3.69 7.15 9.01 3.52 5.36 5.62 3.76 0.00 2.60 2.66 3.55 3.53 4.56 3.59 3.07 14387425
0.00 3.04 5.21 2.79 3.91 3.68 2.75 3.63 2.29 2.43 3.50 5.40 6.30 6.55 7.38 7.87 2.13 3.71 7.29 9.01 3.71 5.00 7.12 3.10 0.00 0.00 2.64 4.16 3.48 4.64 3.61 3.30 14400515
0.00 3.01 5.12 2.79 3.93 3.74 2.96 3.64 2.30 2.42 3.46 4.78 0.00 6.64 7.29 7.30 2.26 3.72 0.00 9.18 3.61 5.10 10.58 3.91 0.00 2.43 2.72 3.55 3.55 4.53 3.68 3.13 14413606
0.00 2.98 5.06 0.00 3.93 3.65 2.87 3.50 2.32 2.47 3.58 4.74 6.31 6.55 7.19 7.76 2.05 3.76 7.10 8.91 3.57 4.80 8.92 5.14 0.00 2.07 3.01 3.79 3.65 4.58 3.74 3.20 14426695
0.00 3.02 5.06 0.00 3.93 3.65 2.98 3.54 2.26 2.46 3.34 4.77 6.73 6.65 7.32 7.13 2.07 3.90 7.26 8.90 3.79 5.48 0.00 5.35 0.00 2.55 2.76 3.39 3.58 4.49 3.82 3.13 14439785
0.00 3.00 5.03 0.00 3.96 3.75 2.71 3.68 2.23 2.48 3.55 4.74 6.63 6.66 7.03 7.10 2.05 3.69 7.26 9.32 3.61 5.12 10.72 5.37 0.00 2.21 2.89 3.41 3.54 4.49 3.84 3.35 14452876
0.00 3.02 5.01 3.57 4.13 3.82 2.79 3.70 2.28 2.48 3.49 4.79 6.20 6.66 7.13 6.72 2.19 3.79 6.95 8.96 3.62 0.00 7.81 2.48 0.00 0.00 2.89 3.38 3.50 4.53 4.00 3.33 14465965
0.00 3.00 4.98 3.57 4.12 3.72 2.84 3.76 2.62 2.57 3.49 4.81 6.42 6.55 6.99 6.84 2.02 3.64 7.32 8.96 3.66 5.20 10.18 4.50 0.00 2.03 2.87 3.29 3.61 4.59 4.08 3.20 14479056
0.00 3.02 5.17 3.19 4.00 3.72 2.78 3.47 2.21 2.57 3.48 4.78 6.60 6.54 7.46 6.51 2.08 3.64 6.82 8.92 3.82 0.00 8.32 0.00 0.00 2.43 2.91 3.60 3.59 4.61 3.97 3.31 14492145
0.00 2.99 5.04 3.52 3.97 3.77 2.85 3.52 2.27 2.46 3.54 4.75 6.72 6.49 6.63 6.64 2.07 3.78 7.01 9.06 3.78 4.94 10.47 4.58 0.00 2.51 2.97 3.17 3.41 4.82 3.98 3.50 14505236
0.00 3.00 5.06 0.00 3.98 3.69 2.82 3.47 2.23 2.50 3.52 4.96 6.13 6.45 6.76 6.65 2.11 3.76 0.00 0.00 3.81 4.91 10.51 5.36 0.00 2.12 2.95 3.13 3.66 4.62 4.06 3.33 14518326
0.00 3.02 5.05 3.51 3.99 3.75 2.89 3.55 2.27 2.43 3.68 4.72 6.22 6.56 6.45 6.83 2.05 3.68 7.11 9.07 3.74 4.99 0.00 0.00 0.00 0.00 3.04 3.41 3.49 4.64 4.16 3.35 14531415
0.00 2.99 5.05 3.32 3.98 3.69 2.74 3.53 2.24 2.29 3.55 4.85 6.34 6.42 6.35 6.35 2.04 3.74 6.97 9.03 3.92 4.97 10.52 4.43 0.00 0.00 3.01 3.03 3.55 4.63 3.91 3.24 14544506
0.00 3.00 5.06 3.21 4.05 3.75 2.81 3.97 2.30 2.46 3.47 4.91 0.00 6.41 6.24 6.36 2.15 4.07 6.58 8.98 3.99 5.37 10.68 0.00 0.00 2.60 2.96 3.26 3.43 4.89 4.71 3.40 14557596
0.00 3.01 4.99 3.53 4.02 3.68 2.97 3.61 2.28 2.45 3.59 5.13 6.19 6.57 6.31 6.61 2.10 3.78 7.19 8.99 3.89 5.15 9.32 0.00 0.00 0.00 3.00 2.95 3.65 4.62 4.37 3.34 14570685
0.00 3.00 5.11 0.00 4.14 3.74 2.96 3.67 2.25 2.47 3.83 4.81 5.97 6.41 6.00 6.39 2.05 3.83 7.00 8.95 3.92 0.00 8.63 4.48 0.00 2.14 3.07 3.02 3.64 4.76 4.30 3.42 14583775
0.00 3.00 5.23 0.00 4.06 3.73 2.77 3.53 2.32 2.43 3.50 4.90 6.01 6.35 6.01 6.48 2.20 3.72 7.11 8.98 4.12 5.67 10.61 3.13 0.00 2.09 3.03 3.06 3.72 4.72 4.32 3.56 14596866
0.00 3.02 5.10 0.00 3.99 3.81 2.73 3.62 2.32 2.65 3.86 5.00 6.15 6.24 6.18 6.46 2.04 3.86 7.34 9.54 4.14 5.01 10.61 5.06 0.00 2.55 3.12 2.83 3.59 4.73 4.37 3.56 14609956
0.00 3.01 5.05 3.55 3.95 3.70 2.76 3.78 2.28 2.45 3.78 4.89 6.14 6.26 5.95 6.71 2.08 3.93 7.19 0.00 3.85 5.12 10.32 0.00 0.00 2.19 3.04 3.24 3.61 4.72 4.39 3.46 14623046
0.00 3.01 4.99 3.63 4.06 3.83 2.73 4.14 2.27 2.47 3.45 5.06 6.16 6.31 6.14 6.49 2.05 4.07 7.68 0.00 3.84 5.12 10.32 4.56 0.00 2.29 3.09 3.28 3.61 4.62 4.37 3.47 14636136
0.00 3.03 5.10 3.32 3.99 3.74 3.08 3.67 2.20 2.47 3.56 4.92 6.19 6.15 6.22 7.06 2.31 3.81 0.00 0.00 3.93 0.00 10.56 5.32 0.00 0.00 3.03 3.16 3.61 4.65 4.42 3.42 14649226
0.00 3.01 5.01 3.32 4.11 3.72 2.80 3.58 2.24 2.49 3.83 4.97 5.94 6.24 6.01 6.54 2.09 3.85 0.00 0.00 3.96 5.03 10.33 3.31 0.00 2.38 2.92 2.86 3.67 4.64 4.36 3.59 14662316
0.00 3.00 5.12 3.61 4.03 3.86 2.87 3.59 2.26 2.50 3.60 4.95 5.97 6.01 6.11 6.41 2.09 4.60 7.05 8.92 4.09 5.09 10.81 5.42 0.00 2.42 3.06 3.09 3.64 4.85 4.35 4.00 14675406
0.00 3.00 5.01 3.23 4.12 3.82 2.82 3.56 2.18 2.56 3.66 5.01 5.98 5.98 5.96 6.51 2.45 3.99 7.08 9.10 4.31 5.05 10.59 4.46 0.00 0.00 2.90 3.32 3.79 4.74 4.39 3.28 14688496
0.00 3.01 5.02 3.51 4.11 3.75 2.70 3.67 2.15 2.53 3.56 4.96 6.37 6.15 5.95 6.59 2.17 3.95 7.02 8.92 4.13 5.08 0.00 5.39 0.00 0.00 2.80 2.81 3.82 4.64 3.53 3.55 14701585
0.00 2.99 5.10 0.00 4.03 3.72 2.76 3.66 2.20 2.54 3.75 4.96 6.01 5.95 5.93 6.45 2.01 3.92 7.32 8.95 3.93 5.59 10.89 0.00 0.00 2.45 2.90 2.85 3.79 4.80 4.33 3.61 14714676
0.00 3.01 5.08 0.00 4.05 3.70 2.64 3.64 2.19 2.52 3.53 5.01 5.93 5.68 5.91 6.75 2.03 3.99 7.01 8.97 3.98 0.00 10.32 4.51 0.00 2.49 2.90 2.89 3.73 4.73 4.26 3.64 14727766
0.00 3.01 5.01 3.34 4.02 3.71 2.67 3.63 2.17 2.46 3.45 5.00 5.89 5.78 6.20 6.57 2.08 3.95 7.43 8.99 3.96 5.13 0.00 2.16 0.00 2.50 2.94 3.02 3.69 4.82 4.30 3.62 14740855
0.00 3.05 5.00 3.51 3.97 3.78 2.75 3.85 2.20 2.49 3.59 5.07 6.15 5.68 5.99 6.60 2.13 4.01 7.11 8.95 4.10 5.03 10.24 4.73 0.00 2.71 2.97 2.84 3.88 4.66 4.34 3.62 14753946
0.00 3.02 5.01 2.88 3.99 3.81 2.65 3.64 2.17 2.53 3.61 4.99 5.89 5.68 5.98 6.74 2.09 4.08 7.24 8.95 4.10 0.00 10.38 2.82 0.00 0.00 3.03 2.78 3.71 4.71 4.33 3.64 14767036
0.00 3.02 5.00 0.00 3.99 3.73 2.72 3.81 2.22 2.50 3.56 5.04 5.81 5.61 6.00 6.52 2.24 4.47 7.40 9.02 4.14 5.15 0.00 0.00 0.00 0.00 3.01 2.84 3.70 4.65 4.54 3.74 14780125
0.00 3.01 5.00 3.22 4.06 3.76 2.63 3.67 2.21 2.50 3.65 5.07 5.80 5.79 6.09 6.69 2.02 3.81 7.39 8.97 4.00 5.16 0.00 5.16 0.00 2.32 2.85 2.75 3.73 4.59 4.53 3.70 14793215
0.00 3.02 5.01 0.00 4.02 3.73 2.68 4.10 2.25 2.49 4.07 5.05 5.80 5.48 6.07 6.55 2.02 4.28 6.96 8.95 4.06 4.98 10.93 5.08 0.00 2.15 2.84 2.94 3.82 4.63 4.48 3.73 14806306
0.00 3.03 4.99 2.87 3.98 3.73 2.70 3.70 2.20 2.52 3.67 5.07 5.74 5.41 6.14 6.58 2.18 3.98 6.81 8.99 4.01 5.82 10.20 5.68 0.00 0.00 2.70 2.76 3.70 4.57 4.47 3.72 14819396
0.00 3.02 4.99 3.20 4.05 3.76 2.83 3.84 2.26 2.48 3.79 5.12 5.75 5.36 0.00 6.92 2.06 4.02 6.62 8.89 3.95 5.05 0.00 3.71 0.00 2.43 2.67 2.82 3.95 4.69 4.53 3.74 14832485
0.00 3.02 5.03 3.15 4.12 3.87 2.73 3.88 2.27 2.58 3.77 5.43 5.76 5.45 6.07 6.94 2.06 3.87 6.43 8.93 4.14 0.00 10.59 0.00 0.00 0.00 2.50 2.73 3.79 4.84 4.55 3.95 14845576
0.00 3.03 5.03 2.85 4.13 3.77 2.57 3.70 2.24 2.51 3.64 5.11 5.96 5.30 6.03 6.81 2.06 3.90 7.16 0.00 4.35 5.25 4.36 4.18 0.00 0.00 2.46 2.90 3.65 4.63 4.44 3.73 14858665
0.00 3.03 5.06 2.86 4.11 3.90 2.66 3.90 2.26 2.50 3.61 5.07 5.80 5.22 6.02 6.66 2.04 3.89 6.97 9.01 4.23 0.00 10.70 4.63 0.00 2.02 2.38 3.10 3.65 5.14 4.57 3.75 14871756
0.00 3.02 5.00 2.81 4.03 3.70 2.61 3.66 2.24 2.52 3.71 5.06 5.75 5.22 6.04 6.62 2.40 4.05 0.00 8.96 4.11 0.00 10.34 0.00 0.00 2.39 2.40 2.76 3.80 4.67 4.44 3.87 14884846
0.00 3.02 5.02 3.06 4.06 3.86 2.61 3.89 2.23 2.51 3.52 5.11 6.11 5.14 6.13 6.54 2.02 4.00 6.02 8.94 4.26 5.52 10.56 2.75 0.00 0.00 2.38 2.91 3.81 4.63 4.45 0.00 14897936
0.00 3.02 5.06 3.16 4.07 3.92 2.66 3.74 2.27 2.58 3.63 5.12 6.06 5.38 6.09 6.59 2.02 4.26 6.63 8.94 4.16 5.37 0.00 5.15 0.00 0.00 2.36 2.80 3.74 4.70 4.59 3.92 14911025
0.00 3.02 4.98 2.94 4.10 3.83 2.57 3.77 2.21 2.61 3.71 5.07 6.20 5.18 6.19 6.65 2.07 3.97 6.34 8.98 4.50 5.29 10.76 4.40 0.00 2.42 2.41 2.83 3.76 4.96 4.39 4.08 14924116
0.00 3.03 5.06 2.94 4.06 3.79 2.82 3.87 2.28 2.64 3.75 5.22 0.00 5.17 6.21 6.62 2.10 4.11 5.88 8.95 4.17 5.12 10.63 4.76 0.00 0.00 2.38 2.85 3.86 4.70 4.48 4.06 14937206
0.00 3.02 5.08 2.84 4.07 3.79 2.59 3.94 2.22 2.54 3.67 5.19 6.55 5.22 6.05 7.06 2.21 4.18 6.56 8.94 4.36 0.00 0.00 0.00 0.00 0.00 2.55 2.80 3.82 4.74 5.00 4.41 14950295
0.00 3.02 5.25 3.13 4.14 3.76 2.62 3.82 2.30 2.57 3.60 5.12 0.00 5.34 6.10 6.58 2.25 3.85 6.91 8.94 4.20 5.24 0.00 5.05 0.00 0.00 2.45 3.03 3.79 4.81 4.48 4.03 14963385
0.00 3.01 5.01 3.31 4.09 3.80 2.66 3.81 2.29 2.57 4.11 5.36 6.12 5.24 6.14 6.58 2.02 3.97 6.72 8.96 4.24 5.27 9.86 4.53 0.00 2.12 2.55 2.85 3.83 4.72 4.78 4.01 14976475
0.00 3.02 5.08 2.87 4.06 3.77 2.75 4.02 2.28 2.58 3.70 5.27 0.00 5.23 6.00 6.56 2.17 3.94 6.56 8.95 4.24 5.65 0.00 5.18 0.00 0.00 2.50 2.84 3.76 4.68 4.58 4.20 14989565
0.00 3.01 5.04 2.86 4.15 3.80 2.78 3.94 2.29 2.54 3.87 5.19 0.00 5.14 6.20 7.09 2.25 4.25 6.65 8.94 4.27 5.23 0.00 4.32 0.00 0.00 2.49 2.83 3.79 4.71 4.67 4.26 15002655
0.00 3.02 5.05 2.97 4.06 3.81 2.58 3.88 2.32 2.53 3.73 5.12 5.87 5.08 6.12 6.66 2.08 4.71 6.76 8.94 4.18 5.16 10.64 0.00 0.00 0.00 2.36 3.29 3.67 4.68 4.78 4.08 15015746
0.00 3.02 4.98 2.79 4.07 3.84 2.64 3.81 2.28 2.52 3.98 5.10 5.87 5.19 6.20 6.57 2.07 4.23 6.60 8.94 4.17 0.00 0.00 0.00 0.00 0.00 2.42 3.45 3.73 4.69 4.56 4.10 15028835
0.00 3.02 5.06 2.85 4.08 3.90 2.60 3.73 2.38 2.54 3.77 5.21 5.71 5.13 6.09 6.73 2.91 4.16 6.46 8.90 4.37 5.23 0.00 4.12 0.00 0.00 2.35 2.84 3.67 4.72 4.66 4.10 15041925
0.00 3.03 4.99 2.74 4.16 3.79 2.65 3.78 2.31 2.51 3.78 5.50 5.82 5.06 6.16 6.61 2.09 3.79 6.37 8.91 4.44 5.27 3.77 4.81 0.00 0.00 2.35 2.75 3.75 4.86 4.62 4.18 15055015
0.00 3.03 4.97 2.87 4.10 3.85 2.71 3.78 2.30 2.57 3.82 5.16 5.80 5.07 6.22 6.70 2.15 4.02 6.91 8.92 4.28 0.00 11.00 0.00 0.00 2.23 2.37 3.14 3.70 4.99 4.76 4.17 15068106
0.00 3.02 5.02 2.85 4.09 3.84 2.60 3.94 2.28 2.56 3.81 5.17 0.00 5.08 6.25 6.65 2.03 3.91 7.10 8.92 4.23 5.33 0.00 5.02 0.00 2.24 2.35 2.82 3.63 4.67 4.75 4.26 15081195
0.00 3.02 5.03 3.29 4.13 3.88 2.64 3.92 2.30 2.54 3.64 5.23 6.04 5.07 6.13 6.77 2.03 3.75 7.10 8.89 4.24 5.74 0.00 0.00 0.00 0.00 2.43 3.00 3.65 4.92 4.62 4.28 15094285
0.00 3.02 5.06 3.33 4.10 3.85 2.61 3.82 2.26 2.54 3.66 5.26 6.18 5.06 6.18 6.75 2.03 3.85 7.50 8.92 4.39 5.50 0.00 0.00 0.00 0.00 2.46 2.75 3.76 4.75 4.87 4.39 15107375
0.00 3.01 5.11 3.01 4.13 3.87 2.62 3.91 2.29 2.52 3.78 5.13 5.82 5.14 6.18 6.61 2.05 4.40 6.40 8.90 4.44 0.00 0.00 0.00 0.00 0.00 2.47 2.86 3.63 4.74 4.85 0.00 15120465
0.00 3.01 4.99 2.90 4.17 3.89 2.68 3.82 2.34 2.58 3.82 5.29 5.64 5.09 6.13 6.78 2.05 3.85 0.00 8.92 4.30 5.29 0.00 4.52 0.00 0.00 2.57 3.05 3.68 4.81 5.17 4.43 15133555
0.00 3.02 5.19 3.32 4.19 3.87 2.67 4.08 3.04 2.61 3.84 5.20 5.83 5.13 6.02 6.61 2.02 3.76 6.38 8.90 4.45 5.32 0.00 4.50 0.00 0.00 2.42 2.70 3.86 4.76 4.85 4.56 15146645
0.00 3.02 5.04 3.08 4.10 3.91 2.64 4.02 2.32 2.55 3.69 5.28 5.66 5.06 6.17 6.61 2.03 3.77 6.94 8.93 4.32 5.70 10.88 4.69 0.00 0.00 2.46 2.69 3.79 4.73 4.90 4.60 15159736
0.00 3.03 5.00 3.32 4.16 3.87 2.66 3.85 2.24 2.51 3.86 5.17 5.77 5.12 6.22 6.85 2.88 3.80 6.75 8.91 4.35 0.00 4.84 3.35 0.00 0.00 2.43 3.26 3.67 4.75 4.93 4.55 15172825
0.00 3.03 5.06 2.78 4.21 3.87 2.68 4.05 2.25 2.66 3.72 5.23 5.54 5.14 6.60 6.61 2.85 3.87 7.04 8.94 4.32 5.40 0.00 0.00 0.00 0.00 2.36 2.58 3.59 4.84 4.94 4.55 15185915
0.00 3.04 5.11 3.31 4.17 3.86 2.79 3.93 2.23 2.60 3.65 5.33 5.87 5.10 6.04 7.35 0.00 3.79 6.68 8.94 4.46 5.30 0.00 3.45 0.00 2.38 2.40 2.71 3.75 4.91 5.31 4.75 15199005
0.00 3.01 5.05 2.90 4.11 3.90 2.88 3.93 2.21 2.50 3.96 5.32 5.73 5.07 6.06 6.63 2.81 3.75 6.58 8.94 4.30 5.83 0.00 0.00 0.00 2.28 2.54 3.21 3.65 4.96 4.97 4.78 15212095
0.00 3.02 5.03 0.00 4.11 3.88 2.60 3.93 2.27 2.55 3.41 5.18 5.61 5.02 6.20 6.70 2.84 3.65 6.36 8.92 4.25 0.00 9.40 0.00 0.00 0.00 2.45 3.34 3.68 4.71 5.04 4.72 15225185
0.00 3.02 5.03 2.87 4.10 3.80 2.61 3.94 2.27 2.51 3.75 5.19 5.60 4.97 6.51 6.76 2.79 3.68 6.73 8.93 4.32 0.00 0.00 5.15 0.00 2.18 2.47 2.65 3.59 4.71 4.98 4.79 15238275
0.00 3.02 5.00 2.91 4.11 3.77 2.71 4.25 2.31 2.49 3.66 5.25 5.79 4.98 6.15 6.63 2.95 3.64 6.94 8.95 4.27 0.00 0.00 5.11 0.00 0.00 2.38 2.56 3.71 4.78 5.11 4.85 15251365
0.00 3.02 5.08 2.73 4.19 3.76 2.70 4.16 2.31 2.51 3.83 0.00 5.59 4.93 6.30 6.68 2.70 3.79 6.40 8.96 4.42 0.00 10.76 0.00 0.00 2.17 2.35 2.84 3.69 4.97 5.06 4.78 15264456
0.00 3.01 5.00 3.52 4.13 3.78 2.62 3.88 2.45 2.48 3.66 5.18 5.74 4.93 6.46 6.64 2.86 3.83 6.29 8.93 4.47 5.28 10.97 3.74 0.00 0.00 2.45 2.64 3.77 4.76 5.07 5.04 15277546
0.00 3.01 4.98 3.28 4.10 3.84 2.65 3.96 2.26 2.57 3.86 5.18 5.61 5.01 6.08 6.63 2.86 3.66 7.18 8.93 4.37 5.31 10.31 4.54 0.00 0.00 2.54 2.63 4.05 4.81 5.06 4.74 15290636
0.00 3.02 5.01 3.15 4.12 3.80 2.76 3.89 2.19 2.36 3.68 5.21 5.81 4.92 6.20 6.62 2.85 3.74 7.01 8.94 4.43 5.41 10.80 0.00 0.00 0.00 2.35 2.47 3.70 4.80 5.11 4.87 15303726
0.00 3.01 4.99 3.26 4.19 3.77 2.63 3.99 2.17 2.50 3.62 5.40 5.63 5.09 6.26 6.60 2.96 3.84 6.20 8.95 4.34 0.00 0.00 4.71 0.00 2.25 2.46 2.48 3.76 4.79 5.10 4.71 15316815
0.00 3.03 5.03 3.24 4.12 3.78 2.75 3.98 2.24 2.50 3.88 5.26 5.50 5.02 6.26 6.62 2.91 4.38 6.57 8.96 4.31 5.33 0.00 4.47 0.00 2.43 2.47 2.50 3.74 4.78 5.11 5.11 15329905
0.00 3.02 5.00 3.23 4.16 3.75 2.76 3.98 2.22 2.48 3.73 5.24 5.64 4.94 6.05 6.62 2.97 4.05 6.48 8.94 4.61 5.28 0.00 4.52 0.00 0.00 2.50 2.49 3.79 5.37 5.09 4.77 15342995
0.00 3.02 5.02 3.31 4.13 4.08 2.64 4.06 2.23 2.54 3.62 5.28 5.81 4.95 6.05 6.62 2.96 4.31 6.49 8.95 4.36 5.35 0.00 4.43 0.00 0.00 2.44 2.86 3.87 5.04 5.12 4.85 15356085
0.00 3.02 5.03 3.34 4.25 3.84 2.65 3.96 2.24 2.95 3.79 5.26 5.85 5.06 6.09 6.63 2.97 3.84 6.52 8.95 4.60 0.00 0.00 4.49 0.00 0.00 2.46 2.51 3.78 4.91 5.09 4.81 15369175
0.00 3.01 5.01 3.22 4.13 3.83 2.63 3.98 2.34 2.58 3.87 5.28 5.77 4.97 6.05 6.62 2.98 3.79 7.04 8.98 4.33 5.42 0.00 4.37 0.00 0.00 2.68 2.50 3.68 4.82 5.25 4.73 15382265
0.00 3.03 5.01 3.26 4.34 3.92 2.63 3.95 2.24 2.53 3.84 5.28 5.76 4.92 6.12 6.63 2.98 3.83 7.12 8.97 4.58 0.00 0.00 4.49 0.00 0.00 2.59 2.59 3.76 4.83 5.12 4.85 15395355
0.00 3.02 5.00 3.31 4.12 3.90 2.63 3.95 2.26 2.49 3.78 5.30 5.77 4.92 6.13 6.64 2.97 3.85 7.01 8.97 4.66 0.00 0.00 4.46 0.00 0.00 2.42 2.63 3.78 4.76 5.39 5.12 15408445
0.00 3.01 5.02 3.33 4.13 3.84 2.64 4.49 2.45 2.49 3.99 5.30 5.76 4.92 6.14 6.66 2.98 3.85 6.58 8.97 4.35 5.37 9.84 0.00 0.00 0.00 2.55 2.52 3.79 4.86 5.18 4.83 15421535
0.00 3.00 5.01 2.92 4.14 3.88 2.63 3.96 2.84 2.47 4.58 5.18 5.79 5.01 6.16 6.62 2.99 3.89 6.73 8.97 4.39 5.62 9.84 4.49 0.00 0.00 2.63 2.50 3.75 4.82 5.20 4.83 15434625
0.00 3.03 5.01 3.32 4.14 3.79 2.63 3.97 2.52 2.55 3.75 5.18 5.80 4.93 6.12 6.63 2.98 3.92 6.93 8.98 4.47 5.79 0.00 4.48 0.00 0.00 2.69 2.48 3.86 4.80 5.19 5.24 15447715
0.00 3.02 5.00 3.25 4.42 3.78 2.64 3.80 2.39 2.58 3.69 5.22 6.01 4.93 6.13 6.64 2.78 3.84 6.91 8.97 4.35 5.45 10.02 4.46 0.00 2.09 2.66 2.49 3.78 4.79 5.12 4.86 15460806
0.00 3.02 5.02 3.35 4.32 3.77 2.62 3.92 2.26 2.56 3.69 5.22 5.33 4.98 6.16 6.62 2.99 3.83 6.36 8.97 4.32 5.35 10.34 5.30 0.00 0.00 2.67 2.79 3.70 4.81 5.26 5.15 15473896
0.00 3.01 5.03 3.31 4.14 3.84 2.64 3.78 2.23 2.55 3.79 5.21 6.46 4.95 6.14 6.63 2.99 3.85 6.85 8.97 4.64 5.93 0.00 4.44 0.00 0.00 2.69 2.53 3.80 4.80 5.21 4.84 15486985
0.00 3.03 5.02 3.18 4.58 3.80 2.63 3.80 2.22 2.52 3.80 5.26 5.50 4.94 6.14 6.63 2.98 3.88 6.68 8.97 4.33 5.52 10.31 4.45 0.00 2.19 2.56 2.48 3.85 4.84 5.24 4.79 15500076
0.00 2.96 5.01 2.93 4.12 3.76 2.63 3.81 2.22 2.49 3.83 5.23 5.61 4.91 6.15 6.62 2.98 3.92 6.69 8.96 4.57 5.49 9.80 4.53 0.00 0.00 2.64 2.50 3.85 4.95 5.13 0.00 15513165
0.00 2.95 5.03 2.84 4.14 4.04 2.63 3.90 2.16 2.49 3.82 5.25 5.51 5.01 6.13 6.62 2.98 3.94 6.70 8.97 4.49 5.53 9.84 4.46 0.00 2.33 2.56 2.52 3.91 4.80 5.16 4.73 15526255
0.00 2.95 5.01 2.99 4.13 3.80 2.64 3.81 2.31 2.49 4.09 5.21 5.47 4.95 6.10 6.62 2.98 4.21 6.84 8.98 4.64 5.33 9.72 4.29 0.00 2.24 2.53 2.43 3.73 4.81 5.26 4.81 15539345
0.00 2.96 5.02 2.95 4.14 3.79 2.65 3.94 2.31 2.49 4.04 5.25 5.51 4.91 6.16 6.62 2.77 4.03 6.52 8.97 4.51 5.36 9.81 4.61 0.00 0.00 2.52 2.65 3.89 5.06 5.31 0.00 15552435
0.00 2.96 5.03 3.11 4.14 3.80 2.64 3.93 2.30 2.49 4.02 5.38 5.52 4.90 6.14 6.62 2.99 4.02 6.97 8.96 4.48 5.32 10.73 4.64 0.00 0.00 2.52 2.60 3.89 4.81 5.16 4.83 15565526
0.00 2.95 5.02 2.96 4.13 3.80 2.64 3.91 2.30 2.50 4.02 5.30 5.52 4.92 6.16 6.61 2.79 4.03 6.89 8.97 4.49 5.32 0.00 4.66 0.00 0.00 2.56 3.22 3.79 4.82 5.17 5.50 15578615
0.00 2.95 5.02 2.95 4.15 3.91 2.64 4.34 2.31 2.49 4.01 5.33 5.52 4.92 6.18 6.62 2.98 4.03 7.52 8.96 4.31 5.34 10.69 4.68 0.00 0.00 2.55 3.15 3.79 4.92 5.16 4.89 15591706
0.00 2.95 5.03 2.96 4.14 3.85 2.64 4.31 2.30 2.50 4.01 5.31 5.52 4.92 6.17 6.63 2.98 4.02 6.81 8.97 4.38 5.33 0.00 4.65 0.00 0.00 2.57 3.21 3.89 4.93 5.18 4.88 15604795
0.00 2.96 5.02 2.91 4.15 3.80 2.64 4.32 2.32 2.49 4.01 5.29 5.52 4.92 6.17 6.62 2.98 4.02 7.68 8.97 4.42 5.34 10.69 4.49 0.00 0.00 2.75 3.23 3.91 4.90 5.17 4.83 15617886
0.00 2.96 5.02 2.93 4.15 3.80 2.65 4.31 2.31 2.49 4.01 5.30 5.52 4.93 6.16 6.62 2.98 4.02 6.95 8.96 4.40 5.33 10.36 4.50 0.00 0.00 2.67 3.20 3.93 4.91 5.18 4.87 15630976
0.00 2.95 5.03 2.92 4.17 3.80 2.64 4.29 2.30 2.51 4.01 5.29 5.53 4.92 6.17 6.63 2.99 4.02 7.55 8.98 4.40 5.33 10.36 4.49 0.00 0.00 2.56 3.21 3.94 4.90 5.18 5.10 15644066
0.00 2.97 5.01 2.90 4.16 3.80 2.64 4.30 2.30 2.49 4.03 5.29 5.58 4.93 6.17 6.61 2.99 4.01 7.13 8.96 4.40 5.32 10.36 4.49 0.00 0.00 2.54 2.95 3.94 4.92 5.17 4.88 15657156
0.00 2.95 5.01 2.91 4.14 3.80 2.65 4.30 2.31 2.50 4.03 5.30 5.61 4.92 6.17 6.62 2.98 4.01 7.13 8.97 4.38 5.33 10.36 4.50 0.00 0.00 2.57 2.81 3.95 4.90 5.18 4.88 15670246
0.00 2.96 5.01 2.88 4.15 3.78 2.65 4.28 2.30 2.50 4.02 5.29 5.61 4.92 6.16 6.62 2.99 3.99 7.14 8.96 4.35 5.34 10.35 4.50 0.00 0.00 2.56 2.92 3.96 4.92 5.18 4.87 15683336
0.00 2.95 5.01 2.92 4.15 3.77 2.65 4.30 2.31 2.50 4.02 5.30 5.60 4.92 6.17 6.62 2.98 3.94 7.16 8.97 4.36 5.33 10.35 4.50 0.00 0.00 2.47 3.12 3.96 4.92 5.18 4.87 15696426
0.00 2.96 5.02 2.90 4.15 3.78 2.65 4.30 2.32 2.51 4.00 5.30 5.61 4.93 6.17 6.62 2.05 3.95 7.20 8.97 4.40 5.33 10.37 4.50 0.00 0.00 2.48 2.54 3.95 4.92 5.18 4.88 15709516
0.00 2.95 5.01 2.90 4.15 3.79 2.64 4.19 2.30 2.50 3.99 5.31 5.62 4.92 6.17 6.62 2.56 3.95 7.29 8.97 4.35 5.33 10.35 4.50 0.00 0.00 2.44 2.51 3.95 4.93 5.18 4.88 15722606
0.00 2.96 5.01 2.89 4.16 3.79 2.64 4.18 2.31 2.52 4.01 5.30 5.64 4.91 6.17 6.62 2.39 3.95 7.15 8.96 4.35 5.33 10.35 4.49 0.00 0.00 2.47 3.20 3.96 4.93 5.18 4.87 15735696
0.00 2.95 5.01 2.90 4.15 3.79 2.65 4.17 2.30 2.51 4.00 5.28 5.71 4.91 6.17 6.62 2.22 3.94 7.14 8.97 4.34 5.33 10.36 4.50 0.00 0.00 2.43 3.17 3.95 4.93 5.18 4.88 15748786