4.82 3.27 4.67 0.00 7.03 6.93 3.38 5.20 0.00 7.76 8.11 6.73 4.80 6.22 6.49 6.29 2.12 3.85 7.83 0.00 5.74 0.00 9.67 5.11 0.00 5.01 6.47 4.85 5.98 8.05 6.20 6.81 1161188
4.81 3.22 4.67 0.00 7.02 6.95 3.39 5.21 0.00 7.75 8.11 6.74 4.79 6.04 6.49 6.32 2.08 3.84 7.85 0.00 5.75 0.00 9.66 4.39 0.00 5.01 6.49 4.87 5.97 8.07 6.18 6.91 1174278
4.82 3.52 4.68 0.00 7.03 6.93 3.38 5.20 0.00 7.76 8.11 6.73 4.79 6.03 6.48 6.32 2.08 3.85 6.84 9.00 5.75 0.00 9.66 4.39 0.00 5.01 6.49 4.87 5.96 8.06 6.20 6.90 1187368
4.81 3.53 4.67 0.00 7.02 6.94 3.38 5.21 0.00 7.76 8.10 6.74 4.81 6.04 6.48 6.30 2.07 3.83 6.85 0.00 5.77 0.00 9.66 4.38 0.00 5.03 6.48 4.87 5.96 7.91 6.20 6.91 1200458
4.83 3.43 4.68 0.00 7.03 6.93 3.38 5.19 0.00 7.75 8.10 6.75 4.80 6.05 6.49 6.31 2.07 3.82 6.82 8.98 5.88 0.00 9.58 4.39 0.00 5.03 6.50 4.88 5.97 7.66 6.21 6.87 1213548
4.82 3.51 4.67 0.00 7.02 6.95 3.37 5.21 0.00 7.76 8.10 6.76 4.79 6.04 6.50 6.31 2.06 3.81 6.85 8.99 5.89 0.00 9.54 4.40 0.00 5.06 6.51 4.88 5.96 7.66 6.20 6.89 1226638
4.82 3.00 4.67 0.00 7.02 7.08 3.37 5.19 0.00 7.74 8.10 6.66 4.81 6.04 6.49 6.27 2.05 3.81 6.94 9.14 5.78 0.00 9.53 4.38 0.00 0.00 6.51 4.88 5.96 7.66 6.19 6.86 1239728
4.84 3.01 4.67 0.00 7.44 6.95 3.36 5.19 0.00 7.77 8.10 6.53 4.80 6.04 6.48 6.20 2.04 3.81 6.80 0.00 5.73 0.00 9.43 5.14 0.00 5.04 6.50 4.85 5.94 7.63 6.24 6.68 1252818
4.76 3.55 4.68 0.00 7.09 6.91 3.37 5.20 0.00 7.77 8.10 6.52 4.79 6.04 6.48 6.20 2.04 3.81 6.80 9.22 5.75 0.00 9.48 4.36 0.00 5.02 6.46 4.76 6.06 7.65 6.28 7.14 1265908
4.88 3.42 4.68 0.00 7.05 6.92 3.36 5.20 0.00 7.76 8.10 6.64 4.79 6.03 6.49 6.17 2.03 3.86 6.78 0.00 5.89 0.00 9.67 4.36 0.00 4.86 6.61 4.85 6.25 8.05 6.27 7.20 1278998
4.71 3.54 4.67 3.15 7.03 6.95 3.28 5.22 0.00 7.77 8.08 6.60 4.83 6.00 6.51 6.18 2.77 3.86 7.06 0.00 5.72 0.00 0.00 4.36 0.00 4.88 6.54 4.81 5.88 0.00 6.24 6.97 1292088
4.80 3.03 4.67 0.00 7.01 7.19 3.28 5.18 0.00 7.76 8.12 6.66 5.03 6.22 6.52 6.18 2.05 3.95 6.82 9.12 5.59 0.00 0.00 4.32 0.00 0.00 6.77 4.73 5.85 7.39 6.27 6.91 1305178
4.69 3.05 4.67 3.15 7.03 7.30 3.25 5.19 0.00 7.78 8.17 6.43 4.97 6.03 6.58 6.18 2.00 3.92 6.96 9.05 5.89 7.02 0.00 4.90 0.00 5.09 6.76 4.74 5.99 7.39 6.22 6.90 1318268
4.99 3.02 4.68 3.12 7.06 6.95 3.38 5.17 0.00 7.77 8.09 6.68 4.75 6.06 0.00 6.17 0.00 3.85 0.00 9.49 5.50 0.00 0.00 5.08 0.00 4.83 6.58 4.74 6.08 7.39 6.24 6.79 1331358
5.03 2.96 4.69 3.03 7.32 6.98 3.38 5.18 0.00 7.77 8.31 6.95 4.84 6.14 0.00 6.28 2.08 3.88 0.00 8.93 5.65 7.15 0.00 4.39 0.00 5.34 6.57 4.99 6.28 7.47 6.19 6.74 1344448
5.01 3.02 4.68 3.11 7.45 6.97 3.40 5.22 0.00 7.73 8.12 6.44 4.78 6.17 0.00 6.55 0.00 3.79 0.00 9.55 5.73 0.00 0.00 4.36 0.00 5.46 6.64 4.94 6.24 7.46 6.13 6.71 1357538
5.02 3.00 4.69 3.28 7.24 6.98 3.31 5.19 0.00 7.75 8.24 6.39 4.71 6.06 6.50 6.19 2.23 4.01 0.00 8.94 5.80 6.93 9.81 4.39 0.00 4.86 6.78 5.29 6.08 7.40 6.17 6.73 1370628
4.75 2.98 4.68 3.14 7.04 6.99 3.37 5.12 0.00 7.77 8.13 6.40 4.97 5.96 6.47 6.32 2.04 3.77 7.26 8.94 5.85 0.00 9.50 4.38 0.00 5.25 6.81 4.89 5.92 7.65 6.20 6.81 1383718
4.90 2.96 4.66 3.07 7.11 7.23 3.44 5.12 5.19 7.76 8.16 6.54 4.84 6.05 6.46 6.39 2.13 3.60 0.00 9.02 5.93 0.00 9.48 4.32 0.00 0.00 6.69 4.68 6.04 7.46 6.20 6.92 1396808
4.83 3.03 4.63 3.10 7.11 7.06 3.34 5.05 0.00 7.76 8.33 6.74 4.66 6.05 6.50 6.37 2.07 3.79 0.00 8.96 6.10 6.99 9.54 4.39 0.00 5.41 6.76 4.55 5.89 0.00 6.36 6.65 1409898
4.95 2.95 4.65 3.11 7.45 7.35 3.32 5.28 5.29 7.70 8.12 6.82 4.97 5.99 6.47 6.18 2.04 3.54 7.09 9.01 5.75 6.93 9.59 5.19 0.00 4.97 6.84 4.84 6.04 7.43 6.22 6.71 1422988
4.77 3.30 4.77 2.91 7.24 7.15 3.24 5.21 5.25 7.71 8.23 6.41 4.91 5.98 6.51 6.18 2.22 3.54 6.84 9.01 6.08 0.00 9.60 4.35 0.00 0.00 6.89 4.86 6.02 0.00 6.26 6.68 1436078
4.94 2.97 4.59 3.05 7.04 7.16 3.22 5.57 3.62 7.76 7.92 6.56 4.71 6.26 6.49 6.19 2.13 3.60 6.95 8.98 5.94 7.10 9.63 4.59 0.00 5.09 6.89 4.79 5.97 7.47 6.24 0.00 1449168
4.81 3.08 4.68 3.59 6.97 7.21 3.40 5.03 0.00 7.70 8.13 6.60 4.85 6.01 6.54 6.17 2.02 3.49 7.11 9.71 6.06 0.00 9.69 5.22 0.00 5.49 6.75 4.81 6.19 7.51 6.12 6.71 1462258
4.82 3.02 4.67 0.00 7.14 7.37 3.21 5.07 5.21 7.69 8.14 6.36 4.63 5.98 6.43 6.18 2.13 3.51 7.40 9.10 0.00 0.00 9.69 3.92 0.00 0.00 6.98 4.89 6.08 7.59 6.11 6.80 1475348
4.83 3.05 4.74 3.15 6.96 7.21 3.43 5.13 0.00 7.70 8.03 6.54 4.70 6.06 7.12 6.24 2.12 3.61 6.93 9.03 0.00 7.08 0.00 5.33 0.00 5.04 6.90 4.86 6.26 7.52 6.10 6.86 1488438
4.96 3.09 4.67 3.13 7.05 7.18 3.20 5.29 5.16 7.66 8.02 6.35 4.76 6.16 6.56 6.25 2.02 3.70 7.11 9.19 6.38 7.61 9.64 4.18 0.00 5.24 6.98 4.54 6.17 7.63 6.39 7.28 1501528
4.93 3.00 4.69 0.00 7.07 7.18 3.30 5.25 0.00 7.72 8.20 6.40 4.84 5.99 6.63 6.23 2.08 3.90 7.06 8.94 6.13 7.17 9.84 3.89 0.00 5.34 6.97 4.64 6.08 7.78 6.19 6.69 1514618
4.88 2.97 4.68 0.00 7.00 7.20 3.23 5.02 0.00 7.75 8.02 6.39 4.96 6.01 6.42 6.22 2.05 4.01 6.89 9.03 6.28 7.07 9.49 4.30 0.00 5.19 6.76 4.79 5.99 7.57 6.14 6.55 1527708
5.29 2.88 4.64 0.00 7.15 7.25 3.37 5.09 0.00 7.73 8.16 6.57 4.88 6.11 6.43 6.22 2.04 3.49 6.31 9.04 6.31 0.00 0.00 4.68 0.00 5.22 7.22 4.70 6.31 7.55 6.07 6.57 1540798
4.95 2.84 4.83 0.00 7.12 7.44 3.31 5.01 0.00 7.63 8.24 6.19 5.10 6.06 6.44 6.17 2.03 3.74 6.67 9.04 6.18 7.60 0.00 4.79 0.00 5.09 7.08 4.81 5.50 7.68 6.26 6.66 1553888
4.97 3.01 0.00 2.76 7.25 7.40 3.34 5.31 5.23 7.71 8.20 6.35 4.92 6.13 6.36 6.17 2.09 3.74 7.51 9.06 6.24 7.01 0.00 4.07 0.00 5.17 7.11 5.05 5.61 7.69 6.36 6.62 1566978
5.23 2.85 4.81 3.09 7.11 7.43 3.41 5.04 0.00 5.72 8.14 6.32 4.80 6.08 6.38 6.63 2.49 3.79 6.54 9.08 6.37 7.16 0.00 4.06 0.00 5.18 7.01 4.60 6.07 7.71 6.14 6.65 1580068
5.04 3.04 4.84 0.00 7.06 7.47 3.40 5.46 0.00 7.74 8.21 6.23 4.97 6.14 6.72 6.11 2.09 3.52 7.08 9.09 0.00 0.00 9.66 4.60 0.00 5.34 7.13 4.60 6.15 7.73 6.06 6.54 1593158
5.09 2.97 4.75 0.00 7.10 7.35 3.29 5.29 0.00 7.27 8.24 6.38 4.93 6.12 6.36 6.03 3.10 3.50 6.72 9.63 6.18 7.07 9.53 4.77 0.00 5.29 6.95 4.64 6.11 7.67 6.07 6.61 1606248
4.97 2.98 4.89 3.08 7.08 7.47 3.34 5.55 0.00 7.39 8.13 6.18 4.96 6.18 6.34 6.03 3.02 3.83 6.91 9.11 6.21 0.00 0.00 3.18 0.00 5.31 7.01 4.75 6.12 7.72 6.57 6.92 1619338
5.87 3.00 4.80 3.00 7.30 7.43 3.25 5.33 5.20 7.82 8.22 6.16 4.84 6.07 6.57 6.01 2.00 4.02 6.65 9.20 6.46 7.18 9.64 4.92 0.00 5.37 7.06 5.38 5.66 7.78 6.13 7.42 1632428
5.26 3.05 4.66 2.79 7.08 7.49 3.43 5.18 0.00 4.53 8.22 6.10 4.92 6.06 6.38 5.91 2.02 3.77 6.99 9.07 6.03 0.00 0.00 4.73 0.00 5.44 7.21 0.00 6.27 7.88 5.87 6.76 1645518
5.66 2.96 4.77 0.00 7.08 7.71 3.42 5.37 5.07 6.36 8.22 6.27 4.83 6.11 7.05 5.93 2.07 3.92 6.95 9.69 6.47 0.00 0.00 3.69 0.00 5.46 7.25 5.07 5.64 7.79 6.10 6.51 1658608
5.34 2.85 4.70 0.00 7.12 3.49 3.28 5.01 5.40 2.42 8.23 6.19 4.96 6.04 6.69 5.92 2.25 3.61 6.92 9.08 6.08 7.57 0.00 4.17 0.00 5.57 7.22 4.72 5.46 7.86 6.03 6.50 1671698
5.17 2.99 4.42 2.11 7.02 7.61 3.19 5.33 5.18 7.72 8.20 6.58 4.80 6.08 6.21 6.39 2.12 3.64 6.90 9.46 5.96 7.24 0.00 3.41 0.00 5.46 7.23 4.75 6.03 7.81 5.47 6.61 1684788
5.23 2.97 4.60 2.52 7.39 6.59 3.18 5.34 5.28 5.61 8.18 6.28 5.12 5.87 6.26 5.88 2.91 3.54 6.60 9.13 6.35 7.23 6.19 4.78 0.00 5.17 7.24 4.62 6.12 7.80 6.73 6.39 1697878
5.22 2.94 3.94 2.86 7.26 7.55 3.37 5.07 4.64 4.76 8.20 6.57 4.85 5.92 6.25 6.03 2.02 3.84 6.58 9.05 6.02 7.13 9.39 3.58 0.00 5.60 7.23 4.58 6.24 8.04 6.10 6.41 1710968
5.18 3.01 3.88 4.65 7.18 7.61 3.36 5.13 0.00 5.91 8.23 6.43 5.16 5.83 6.29 5.80 2.20 3.18 6.26 9.14 5.93 7.25 0.00 0.00 0.00 5.59 7.22 4.50 4.94 7.79 5.98 6.30 1724058
5.30 2.97 3.71 3.91 7.19 7.73 3.24 5.05 5.56 5.02 8.21 6.61 4.98 6.12 6.22 5.89 2.51 3.72 6.85 9.16 6.33 7.21 0.00 3.96 0.00 5.64 6.33 4.85 4.11 5.31 6.00 6.42 1737148
5.61 3.02 3.73 2.62 5.50 5.90 3.30 5.28 5.22 4.14 5.97 6.69 5.01 4.71 6.57 5.82 2.04 3.43 6.47 9.12 3.18 0.00 9.80 4.17 0.00 5.78 4.52 4.48 3.51 6.62 6.05 6.42 1750238
5.29 3.01 3.63 2.83 0.00 7.53 3.30 5.26 5.14 5.39 6.61 6.50 4.97 5.61 6.22 5.88 2.14 3.72 6.55 9.06 2.98 0.00 5.43 3.40 0.00 5.79 7.54 4.69 4.21 8.09 6.34 6.62 1763328
5.84 2.79 3.64 3.10 7.41 7.70 3.29 5.46 5.47 3.68 5.82 6.49 4.89 5.90 6.20 5.83 2.02 3.75 6.82 8.88 0.00 7.41 0.00 3.83 0.00 5.94 7.47 4.72 4.49 0.00 4.96 6.26 1776418
5.46 2.89 3.65 3.07 6.75 7.94 3.27 5.44 5.70 5.50 6.16 6.68 4.91 5.79 6.22 5.94 2.50 3.73 5.79 9.27 0.00 7.25 3.92 3.64 0.00 6.02 7.30 5.21 2.99 8.09 4.52 5.93 1789508
5.57 3.07 3.53 3.02 7.20 4.10 3.35 5.33 3.81 5.59 6.49 6.29 5.06 5.78 6.29 5.20 2.05 3.82 6.07 9.05 6.37 0.00 9.53 3.95 0.00 5.78 7.71 5.19 5.42 7.25 3.71 6.07 1802598
5.29 2.99 3.57 2.71 7.51 7.74 3.54 5.59 5.30 4.68 6.17 6.64 4.82 5.66 6.26 5.88 2.20 3.74 6.77 9.03 6.07 0.00 5.28 4.97 0.00 0.00 7.62 5.11 3.78 4.23 5.27 6.24 1815688
5.80 2.45 3.58 2.84 7.45 7.82 3.33 5.66 5.32 2.44 5.80 5.78 4.73 3.14 6.36 5.94 2.33 3.51 6.82 9.10 2.79 7.34 9.49 4.82 0.00 5.97 7.91 5.72 6.06 8.11 5.11 5.76 1828778
5.61 2.92 3.70 3.12 6.20 4.79 3.41 5.35 2.41 4.02 6.79 6.65 4.77 5.76 6.23 5.95 2.10 3.67 6.35 9.26 4.68 7.40 5.29 4.05 0.00 5.86 7.30 5.10 2.51 6.54 5.24 5.52 1841868
0.00 2.96 3.69 2.73 5.94 6.08 3.49 5.28 5.20 3.31 6.92 6.00 4.79 3.60 6.20 5.99 2.14 4.01 6.32 9.64 4.49 0.00 6.30 3.87 0.00 6.03 7.63 5.61 4.34 8.09 5.25 5.05 1854958
0.00 2.95 3.67 2.42 7.71 7.97 3.51 4.98 4.30 3.71 6.72 6.57 4.61 3.85 6.10 5.85 2.05 3.60 6.23 9.08 6.10 7.85 2.82 3.98 0.00 5.85 7.86 5.40 5.35 6.11 3.98 5.45 1868048
5.52 2.97 3.63 3.08 7.99 5.83 3.36 5.20 3.09 4.24 6.04 6.85 4.75 5.06 6.36 5.91 2.02 3.38 4.16 9.27 6.12 7.31 4.49 3.92 0.00 6.10 7.51 0.00 2.71 4.57 4.83 5.22 1881138
0.00 3.00 3.71 4.03 7.98 5.97 3.81 5.22 5.15 4.52 6.81 6.65 3.78 4.51 6.30 5.75 2.07 3.71 7.02 9.42 5.96 0.00 6.32 3.33 0.00 6.14 8.30 5.78 2.29 5.08 4.54 4.96 1894228
0.00 2.93 3.58 3.03 8.10 8.21 3.29 5.31 4.95 3.47 6.89 6.66 4.63 4.97 6.28 5.94 2.47 3.80 7.15 9.05 4.76 0.00 0.00 3.36 0.00 6.07 6.65 6.10 4.41 8.13 4.34 5.38 1907318
0.00 3.08 3.50 2.34 8.19 8.24 3.42 5.50 3.67 2.64 6.29 4.87 4.54 5.62 6.37 4.51 2.07 3.54 4.64 0.00 2.82 7.33 0.00 3.80 0.00 6.37 8.08 5.70 6.18 8.11 4.30 4.87 1920408
5.58 2.96 3.35 2.93 8.03 5.21 3.29 5.20 4.97 4.61 5.67 6.36 4.70 2.38 6.37 5.92 2.10 3.61 6.61 9.05 5.56 0.00 7.60 3.43 0.00 6.60 8.21 5.81 7.02 8.18 4.30 4.52 1933498
0.00 2.80 3.73 3.03 8.10 8.24 3.14 5.55 5.17 4.93 6.34 6.24 4.64 3.67 6.23 5.80 2.03 3.79 2.29 9.04 6.07 0.00 0.00 4.10 0.00 6.18 8.13 0.00 6.94 8.25 4.41 4.30 1946588
0.00 3.00 3.75 5.21 8.16 8.14 3.31 5.53 2.97 3.59 6.29 6.15 4.63 3.17 6.73 5.81 2.81 3.52 5.02 9.01 4.35 0.00 5.74 4.36 0.00 6.68 8.02 5.55 7.16 8.23 4.37 4.19 1959678
0.00 2.89 3.65 4.58 8.05 5.58 3.08 4.33 2.91 3.34 6.16 6.03 4.69 5.84 6.22 5.81 2.06 3.63 6.52 9.21 3.93 7.46 5.32 4.55 0.00 6.53 8.05 0.00 7.15 8.28 4.21 4.36 1972768
0.00 3.04 3.74 3.14 8.24 8.23 3.52 5.70 0.00 3.93 5.44 5.30 4.90 2.56 6.32 5.92 2.05 3.53 2.74 9.13 5.68 0.00 4.19 0.00 0.00 6.20 7.97 0.00 4.71 6.87 4.02 4.13 1985858
0.00 2.98 3.72 5.04 8.42 8.23 3.02 5.50 4.17 3.22 6.09 6.08 4.66 5.81 6.23 5.91 2.28 3.62 5.66 9.09 0.00 0.00 7.25 4.56 0.00 6.30 8.11 0.00 6.48 8.30 4.00 4.06 1998948
0.00 2.96 3.61 2.37 6.29 6.07 2.97 5.75 4.63 4.07 5.82 6.04 4.79 4.26 6.23 5.88 2.19 3.38 6.84 9.58 5.32 7.38 9.59 4.64 0.00 6.30 8.11 0.00 7.13 8.30 3.64 4.29 2012038
5.52 3.03 3.86 3.19 8.10 8.24 3.35 5.12 0.00 4.79 6.31 5.52 4.56 4.34 6.31 6.46 2.17 3.63 7.05 9.04 6.28 7.38 3.10 3.91 0.00 6.33 8.06 0.00 7.12 8.31 3.81 4.09 2025128
0.00 3.01 3.58 4.13 8.31 7.52 2.34 5.46 3.98 5.37 6.15 5.94 4.56 5.74 6.27 5.97 2.69 3.71 6.77 9.22 2.53 7.54 6.16 5.38 0.00 0.00 7.86 0.00 5.23 7.67 3.81 4.18 2038218
0.00 2.82 3.59 0.00 8.17 8.21 3.40 5.88 5.09 3.72 5.80 6.55 4.63 5.75 6.26 6.31 0.00 3.80 6.73 9.11 0.00 0.00 9.86 0.00 0.00 0.00 8.10 0.00 7.20 8.30 3.76 4.11 2051308
0.00 2.80 3.65 4.47 8.30 8.25 3.12 5.74 5.38 6.39 5.95 5.85 4.71 2.77 6.21 6.12 2.11 3.78 6.69 9.06 6.13 7.45 0.00 4.07 0.00 6.32 8.19 0.00 7.39 8.30 3.81 4.33 2064398
0.00 2.96 3.53 4.27 8.10 7.25 3.57 5.71 2.22 6.13 5.89 5.90 4.88 4.66 6.28 5.61 2.85 3.80 7.14 9.66 0.00 0.00 9.75 4.75 0.00 6.65 8.01 0.00 7.41 8.30 3.85 4.28 2077488
0.00 2.94 3.53 3.13 8.24 8.21 3.27 5.62 4.22 4.66 6.08 6.01 4.92 2.72 6.39 6.08 0.00 3.88 7.53 9.13 0.00 7.46 9.79 3.83 0.00 6.41 7.92 0.00 3.47 8.30 3.78 4.62 2090578
5.51 3.01 3.53 2.79 8.11 8.24 3.54 5.73 5.21 3.97 6.09 5.96 4.75 5.71 6.23 6.18 2.11 3.70 6.97 8.92 5.98 7.42 9.93 3.91 0.00 6.37 7.83 0.00 7.21 8.30 3.76 4.21 2103668
5.65 2.98 3.53 5.07 8.29 8.24 3.17 5.62 5.20 4.77 5.82 5.89 4.75 5.78 6.31 6.12 0.00 3.88 7.23 9.33 6.13 0.00 0.00 4.43 0.00 6.44 7.84 0.00 6.77 8.30 4.01 4.10 2116758
5.29 3.10 3.62 2.51 8.19 8.22 3.27 5.56 0.00 5.89 6.13 6.02 4.77 3.72 6.29 6.24 2.85 3.66 7.01 9.08 6.11 0.00 0.00 3.97 0.00 6.36 7.97 0.00 6.65 8.30 3.78 4.13 2129848
0.00 2.85 3.65 0.00 8.27 8.23 3.45 5.58 4.78 6.02 5.92 6.17 5.06 5.70 6.26 6.15 2.16 3.56 7.07 8.95 6.33 7.41 0.00 3.90 0.00 6.34 8.12 0.00 7.51 8.30 3.81 4.11 2142938
0.00 2.90 3.61 0.00 8.24 8.23 3.41 5.78 5.19 6.00 5.88 5.94 4.89 5.71 6.24 6.33 2.07 3.61 6.99 9.02 6.43 0.00 0.00 3.81 0.00 6.45 8.05 0.00 7.65 8.31 3.83 4.19 2156028
0.00 0.00 3.58 0.00 8.18 8.24 3.20 5.75 4.24 5.95 5.95 5.85 4.89 5.69 6.45 6.55 2.10 3.49 6.99 9.35 0.00 0.00 9.91 4.25 0.00 6.42 8.04 0.00 7.38 8.29 3.71 4.28 2169118
0.00 2.97 3.56 0.00 8.27 8.23 3.34 6.46 0.00 6.15 5.17 6.68 4.88 5.66 6.40 6.43 2.02 3.49 0.00 9.02 6.31 0.00 0.00 0.00 0.00 6.33 7.90 0.00 7.17 8.30 3.70 4.22 2182208
5.38 2.99 3.59 3.17 8.27 8.24 3.49 5.75 2.73 5.77 5.73 5.90 4.60 5.66 6.88 6.29 0.00 3.61 6.98 9.02 6.30 0.00 9.86 0.00 0.00 6.37 7.93 5.81 7.32 8.31 4.19 4.29 2195298
0.00 3.04 3.63 5.21 8.50 8.23 3.51 6.06 0.00 5.75 5.80 5.96 4.64 5.89 6.27 6.42 0.00 3.65 7.13 8.88 6.34 7.45 0.00 4.53 0.00 6.29 7.92 0.00 7.30 8.30 3.75 4.19 2208388
0.00 2.95 3.65 0.00 8.25 8.13 3.54 5.60 5.15 5.21 5.69 5.88 4.69 5.67 6.32 6.59 3.00 3.67 7.27 8.96 6.40 0.00 0.00 5.17 0.00 6.32 7.99 0.00 7.36 8.31 3.72 4.74 2221478
0.00 2.91 3.70 5.02 7.99 8.23 3.78 6.20 0.00 5.94 6.03 5.81 4.67 5.75 6.52 6.35 2.21 3.55 6.99 8.99 6.24 7.55 0.00 3.90 0.00 6.53 8.03 0.00 7.23 8.29 3.72 4.14 2234568
0.00 2.95 3.56 5.45 7.98 8.23 3.55 6.17 0.00 6.02 5.68 5.73 4.60 5.71 6.35 6.66 0.00 3.60 6.96 8.99 0.00 0.00 0.00 3.42 0.00 0.00 7.86 0.00 7.40 8.30 3.74 4.08 2247658
0.00 2.90 3.57 5.08 8.28 8.24 3.42 0.00 5.23 5.44 5.88 5.88 4.55 5.72 6.51 6.49 2.70 3.69 6.80 9.00 6.30 0.00 0.00 3.83 0.00 0.00 7.87 6.01 7.40 8.30 3.82 4.04 2260748
0.00 2.90 3.72 0.00 8.24 8.23 3.39 6.13 5.25 4.60 5.71 5.89 4.55 5.69 6.26 6.41 2.89 3.57 6.95 8.97 0.00 0.00 9.73 4.07 0.00 6.25 8.05 0.00 7.31 8.30 3.74 4.21 2273838
0.00 2.90 3.56 5.07 8.19 8.24 3.28 6.28 5.18 5.92 5.70 5.93 4.56 5.69 6.30 6.38 3.02 3.71 6.84 8.87 0.00 0.00 0.00 4.03 0.00 6.52 8.45 0.00 7.34 8.29 3.74 4.18 2286928
0.00 3.60 3.61 0.00 8.27 8.22 3.40 6.60 5.17 5.80 5.50 6.15 4.56 5.64 6.33 6.59 0.00 3.62 7.00 9.01 6.32 0.00 0.00 4.99 0.00 6.35 7.98 0.00 7.48 8.31 3.76 4.20 2300018
0.00 2.98 3.61 4.56 8.24 8.23 3.29 5.74 0.00 5.81 5.48 6.00 4.70 5.69 6.29 6.39 2.06 3.54 6.99 9.04 0.00 7.53 0.00 3.91 0.00 0.00 7.90 0.00 7.23 8.28 3.80 4.83 2313108
0.00 2.98 3.58 0.00 8.24 8.23 3.48 5.77 0.00 5.89 5.85 6.03 4.75 5.75 6.38 6.55 2.24 3.51 6.78 9.03 0.00 0.00 0.00 4.08 0.00 6.38 7.92 0.00 7.27 8.29 3.93 4.09 2326198
0.00 2.99 3.63 5.09 8.11 8.24 3.49 6.52 0.00 3.85 5.75 0.00 4.55 5.60 6.33 6.53 2.47 3.54 7.50 8.97 0.00 0.00 0.00 4.29 0.00 6.30 7.95 0.00 7.98 8.29 3.76 4.11 2339288
0.00 2.96 3.74 5.47 8.05 8.23 3.50 0.00 5.21 5.90 5.57 6.01 4.53 5.77 6.44 6.51 2.04 3.56 7.34 9.02 0.00 0.00 9.47 4.40 0.00 6.76 7.87 0.00 7.67 8.30 3.84 4.15 2352378
0.00 2.87 3.60 0.00 8.30 8.23 3.27 5.82 0.00 5.76 5.53 5.85 4.51 5.61 6.38 7.12 2.85 3.52 0.00 8.91 0.00 0.00 0.00 4.61 0.00 6.67 7.92 0.00 8.11 8.30 3.83 4.21 2365468
0.00 3.04 3.60 0.00 8.16 8.24 3.57 0.00 0.00 5.72 5.46 5.99 4.43 5.71 6.41 6.65 2.02 3.77 6.68 9.05 0.00 0.00 9.80 4.42 0.00 0.00 7.80 0.00 7.23 8.29 3.83 4.11 2378558
0.00 2.83 0.00 5.49 8.25 8.23 3.20 6.07 3.17 5.33 5.46 5.70 4.44 5.72 6.50 6.51 2.03 3.76 7.05 9.18 6.23 7.43 0.00 4.05 0.00 6.82 7.94 0.00 7.39 8.30 4.13 4.13 2391648
0.00 2.89 3.60 5.15 8.25 8.22 3.37 5.76 5.54 5.03 5.48 5.51 4.42 5.84 6.46 6.51 2.11 3.91 0.00 9.03 6.46 0.00 0.00 3.85 0.00 6.33 7.80 0.00 7.16 8.30 3.81 4.82 2404738
0.00 3.09 3.55 0.00 8.18 8.22 3.39 6.37 5.19 4.56 5.42 5.66 4.40 5.82 6.43 6.58 2.84 3.56 0.00 9.00 0.00 7.64 0.00 3.94 0.00 6.23 7.94 5.63 7.68 8.30 3.92 4.12 2417828
0.00 3.02 3.62 0.00 8.27 8.23 3.11 6.33 0.00 5.19 5.40 5.70 4.32 5.76 6.61 6.83 2.07 3.73 6.95 9.26 6.40 8.03 0.00 4.36 0.00 0.00 7.74 0.00 7.44 8.29 3.79 4.14 2430918
0.00 2.92 3.66 3.06 8.11 8.24 3.50 5.85 5.17 5.47 5.42 4.77 4.38 5.77 6.52 6.66 0.00 3.67 7.59 9.64 6.40 0.00 0.00 4.05 0.00 6.18 7.93 0.00 7.38 8.30 3.83 4.08 2444008
0.00 3.01 3.62 2.96 8.26 8.23 3.34 5.61 5.24 4.39 5.38 5.45 4.41 5.65 6.58 6.70 2.06 3.93 7.09 8.93 0.00 7.47 0.00 4.56 0.00 6.18 7.94 0.00 7.50 8.31 3.82 4.06 2457098
0.00 3.02 3.68 4.15 8.17 8.08 3.45 6.55 4.83 3.83 5.41 5.41 4.26 5.75 6.82 6.74 2.05 3.69 6.83 8.98 6.38 7.40 0.00 3.86 0.00 6.46 7.80 0.00 7.48 8.30 3.80 4.10 2470188
0.00 3.00 3.68 2.87 7.89 8.22 4.00 5.87 0.00 5.00 5.23 5.62 4.30 5.92 6.68 6.80 2.69 3.71 7.17 8.95 6.36 0.00 9.66 3.84 0.00 6.84 7.86 0.00 7.53 8.30 3.89 4.15 2483278
0.00 2.85 3.71 3.20 8.27 7.70 3.22 6.14 5.21 4.44 5.01 5.17 4.38 5.41 6.80 6.90 2.26 3.66 7.03 9.01 0.00 0.00 0.00 3.62 0.00 6.27 7.92 0.00 7.50 8.29 3.84 4.09 2496368
0.00 2.90 3.81 0.00 8.20 8.23 3.22 6.06 5.07 4.03 5.22 5.12 4.46 5.86 6.91 7.17 2.45 3.54 7.58 9.01 0.00 0.00 0.00 3.86 0.00 6.84 7.88 0.00 7.50 8.30 3.86 4.06 2509458
0.00 3.00 3.76 2.91 8.11 8.19 3.42 0.00 4.42 3.29 4.94 4.87 4.39 6.12 6.98 7.09 2.08 3.49 5.62 0.00 0.00 0.00 0.00 3.68 0.00 6.70 7.87 0.00 7.37 8.30 3.85 4.52 2522548
0.00 2.87 3.86 0.00 5.32 8.24 3.12 5.15 5.38 4.62 4.80 4.86 4.59 5.94 6.92 7.33 2.27 3.56 0.00 9.21 5.57 0.00 0.00 4.21 0.00 6.21 7.79 0.00 5.80 8.30 3.94 4.12 2535638
5.49 3.02 3.85 2.94 8.15 3.86 3.25 6.14 2.87 2.57 4.99 4.93 4.41 4.79 7.24 7.31 2.13 4.07 7.13 9.05 0.00 7.57 0.00 4.09 0.00 6.34 7.79 0.00 6.56 8.30 3.98 4.09 2548728
0.00 3.20 3.91 2.45 8.24 8.25 2.96 5.77 2.33 4.19 4.22 4.26 4.61 6.22 7.19 7.12 2.07 3.58 6.79 9.38 6.06 7.52 6.16 3.67 0.00 6.50 7.74 0.00 7.60 8.30 4.02 4.17 2561818
5.47 2.91 3.99 2.60 8.18 7.64 3.22 5.62 5.22 4.28 4.78 4.71 4.47 5.57 7.03 7.43 2.08 3.91 6.86 8.92 0.00 0.00 8.16 3.79 0.00 0.00 7.60 0.00 4.51 8.30 3.98 4.14 2574908
5.12 2.97 3.98 3.36 5.71 6.98 3.34 5.07 4.96 3.71 4.55 4.73 4.68 5.80 7.26 7.38 2.10 3.77 6.99 9.46 3.60 8.17 3.57 4.32 0.00 6.71 7.48 0.00 7.74 4.90 3.93 4.24 2587998
4.24 3.06 4.07 2.42 7.93 8.24 3.51 5.62 2.28 3.05 4.57 4.52 4.65 6.60 7.38 7.60 2.12 3.66 5.63 9.07 5.45 0.00 3.77 3.81 0.00 6.73 7.42 0.00 5.75 8.30 3.78 4.18 2601088
0.00 2.99 4.06 2.39 2.51 4.62 2.86 5.74 3.47 2.61 3.79 4.40 4.83 4.58 7.39 7.64 2.08 3.79 3.06 2.38 5.86 0.00 2.89 4.53 0.00 0.00 6.41 2.36 5.39 3.93 4.01 4.20 2614178
0.00 2.85 4.03 2.46 7.93 5.51 2.91 5.93 2.92 3.54 4.57 4.89 5.35 3.22 7.60 7.84 2.13 3.72 5.56 9.30 5.45 7.42 0.00 0.00 0.00 6.21 4.96 0.00 5.52 8.29 3.85 4.66 2627268
0.00 2.90 4.09 2.88 7.44 4.04 3.31 5.56 4.39 3.56 4.51 4.47 5.19 5.60 7.68 7.83 2.18 3.32 6.64 8.94 5.50 0.00 2.35 4.77 0.00 6.45 7.07 0.00 7.83 8.29 4.07 4.17 2640358
0.00 3.07 4.19 2.80 7.00 6.04 2.88 5.21 4.04 4.09 4.25 4.56 5.26 5.09 7.82 8.61 2.14 3.85 7.47 7.20 5.97 7.62 9.66 5.10 0.00 0.00 7.04 0.00 2.60 7.69 2.82 4.19 2653448
4.31 2.83 4.06 2.84 4.36 5.21 3.21 6.04 4.31 2.86 4.60 4.57 5.12 5.42 7.95 3.20 2.05 4.03 6.44 8.95 6.24 7.36 7.51 3.40 0.00 6.23 5.19 0.00 4.46 7.70 4.00 4.29 2666538
0.00 2.81 4.10 2.44 5.41 5.56 2.55 5.74 2.86 3.18 4.47 4.46 4.12 3.22 8.11 4.42 2.05 3.81 7.10 9.02 2.25 0.00 6.04 3.64 0.00 6.26 7.29 0.00 6.92 8.29 3.74 4.31 2679628
5.47 3.12 4.07 2.29 8.35 3.55 3.19 5.36 3.53 3.94 4.41 4.44 5.44 7.27 8.17 0.00 2.22 3.84 6.02 9.39 0.00 0.00 3.08 4.08 0.00 6.28 7.04 0.00 7.27 7.80 4.04 4.33 2692718
0.00 2.84 4.16 2.36 7.80 8.17 3.43 4.75 2.70 2.73 4.52 4.45 2.25 7.33 8.21 0.00 2.06 3.69 5.07 9.10 2.46 0.00 4.10 4.02 0.00 6.21 7.32 0.00 4.62 4.98 4.10 4.39 2705808
0.00 2.98 4.10 3.19 8.13 6.68 3.39 5.09 3.59 3.41 4.60 4.57 5.80 5.47 8.24 2.60 2.18 3.95 7.50 0.00 3.40 0.00 3.53 3.68 0.00 6.26 6.56 0.00 7.47 7.30 4.16 4.28 2718898
0.00 2.92 4.16 2.36 5.88 8.17 3.05 3.59 2.97 3.46 4.64 4.57 5.82 5.69 8.44 7.97 2.15 4.00 6.68 8.85 6.25 0.00 3.47 4.14 0.00 6.74 7.38 0.00 3.99 8.29 3.55 4.44 2731988
0.00 2.91 4.19 2.55 8.11 6.89 3.21 4.65 3.64 2.48 3.19 4.62 5.97 3.40 8.38 0.00 2.21 3.76 6.82 8.97 6.19 0.00 3.73 0.00 0.00 6.86 6.15 0.00 3.53 8.29 4.15 4.32 2745078
0.00 3.06 4.20 2.08 7.79 4.09 3.44 5.36 3.51 3.81 4.70 3.27 5.79 5.05 8.36 8.22 2.03 4.21 6.87 4.91 4.65 6.64 6.35 3.01 0.00 0.00 7.42 0.00 6.34 8.30 4.15 4.33 2758168
5.27 2.81 4.22 2.29 0.00 6.83 3.15 5.45 4.35 2.60 4.67 4.79 5.84 6.24 8.51 0.00 2.08 3.10 4.48 8.90 2.19 0.00 3.60 3.42 0.00 0.00 7.50 0.00 6.40 7.45 4.09 4.29 2771258
5.21 2.74 4.07 2.67 8.31 4.69 3.15 4.70 2.65 2.40 4.02 4.76 6.08 3.02 8.44 0.00 0.00 3.60 5.85 5.05 5.32 0.00 5.00 3.42 0.00 6.48 7.57 2.24 4.09 8.30 3.49 4.34 2784348
0.00 3.02 3.74 2.35 3.81 3.69 3.34 5.47 4.27 2.37 4.79 4.86 0.00 3.87 8.45 2.29 2.12 3.75 6.83 0.00 5.97 6.49 6.61 0.00 0.00 6.39 7.45 0.00 4.16 8.29 4.13 4.50 2797438
0.00 2.89 4.36 2.99 2.83 3.55 2.59 4.11 3.11 2.62 4.90 4.92 4.62 4.94 6.67 4.97 2.10 4.10 7.16 9.00 5.93 6.24 2.40 2.51 0.00 6.34 7.06 0.00 5.55 8.29 3.96 4.41 2810528
0.00 2.74 4.37 2.57 4.20 2.59 2.18 4.29 2.48 2.23 4.93 3.39 5.86 2.28 8.47 0.00 2.12 3.70 2.71 9.11 5.58 6.45 3.42 3.55 0.00 6.35 7.40 2.23 3.58 7.53 4.13 4.04 2823618
2.07 2.64 4.38 2.71 2.64 4.16 3.00 2.55 2.85 2.22 3.57 5.03 4.18 4.08 8.68 2.65 2.11 4.04 5.10 2.72 6.07 6.20 3.65 2.45 0.00 6.21 6.88 4.87 2.52 6.04 2.97 3.35 2836708
5.49 2.51 3.52 2.68 3.72 2.44 2.86 2.88 2.51 3.06 4.64 3.04 4.41 3.76 8.26 3.26 2.12 4.05 4.17 3.00 3.30 0.00 3.81 3.27 0.00 6.29 4.62 4.41 2.68 2.92 4.14 4.45 2849798
2.18 2.85 4.35 2.44 3.42 3.00 3.09 4.43 2.39 2.85 4.99 5.08 3.39 2.34 3.14 3.12 2.14 3.39 2.32 2.40 2.14 6.03 3.05 2.88 0.00 0.00 6.81 0.00 3.25 4.18 3.21 4.39 2862888
2.81 2.58 4.07 2.22 3.66 2.28 3.07 2.16 2.54 2.32 3.30 5.25 2.54 2.67 2.45 3.05 2.10 4.01 3.58 3.01 2.70 5.65 2.81 2.40 0.00 4.21 2.40 4.54 2.87 4.14 2.73 4.56 2875978
2.56 2.73 2.61 2.43 2.86 2.79 2.42 4.09 2.20 2.69 3.87 3.43 0.00 2.47 3.66 2.16 2.11 3.99 2.53 2.69 3.50 5.69 3.04 3.31 0.00 5.16 3.47 4.43 2.38 3.50 2.36 4.47 2889068
3.94 2.84 4.50 2.26 3.65 2.76 2.63 2.41 2.24 2.36 2.33 3.60 2.67 2.55 3.73 5.74 2.12 3.03 2.30 2.72 2.44 5.61 2.72 2.48 0.00 2.08 3.38 3.45 2.81 3.13 2.90 3.09 2902158
2.14 2.67 2.57 2.31 2.52 2.64 2.61 2.39 2.54 2.28 2.11 5.67 2.26 2.28 2.89 2.33 2.76 2.94 2.80 2.51 2.74 4.58 4.04 2.84 0.00 4.30 2.27 4.05 3.14 2.11 2.66 2.74 2915248
2.29 2.42 2.46 2.83 3.06 2.18 2.75 2.43 2.47 2.22 3.25 3.42 2.54 2.13 2.26 2.05 2.29 2.36 3.03 3.19 2.71 0.00 2.53 2.28 0.00 2.78 2.28 2.91 2.27 3.89 2.91 5.02 2928338
2.67 2.31 2.88 2.33 2.23 2.25 2.41 3.41 2.42 2.16 2.84 2.07 2.90 2.22 0.00 2.22 2.07 2.99 2.22 2.15 2.55 2.46 2.38 2.32 0.00 2.57 3.95 2.38 2.22 2.17 2.55 2.43 2941428
2.59 2.25 2.89 2.72 2.64 2.79 2.33 2.33 2.63 2.31 2.59 2.04 2.47 2.77 2.48 2.75 2.51 2.10 2.04 2.50 3.07 0.00 3.12 2.18 0.00 3.29 2.71 2.86 2.50 2.29 2.09 3.07 2954518
3.59 2.47 2.45 2.51 2.48 2.49 2.78 3.77 2.39 2.25 2.74 2.27 2.48 2.09 2.46 2.46 2.10 2.28 2.58 2.29 2.16 0.00 2.42 2.21 0.00 2.85 2.26 2.21 2.31 2.27 2.27 2.86 2967608
2.50 2.52 2.16 2.46 2.62 2.44 2.88 2.26 2.25 2.23 2.46 3.23 2.70 2.18 2.64 2.68 2.14 2.54 3.05 2.73 2.35 0.00 2.52 2.72 0.00 2.45 2.68 0.00 2.42 2.35 2.31 3.63 2980698
2.78 2.26 2.61 2.20 2.20 2.63 2.50 2.22 2.61 2.62 2.70 2.60 2.49 2.28 2.33 2.29 2.09 2.94 4.54 2.62 2.30 3.25 2.39 2.44 0.00 2.43 2.60 2.17 2.64 2.56 2.77 2.94 2993788
2.50 2.21 2.55 2.37 2.39 2.22 2.46 2.19 2.14 2.71 2.72 2.56 2.49 2.76 2.75 2.49 2.08 3.22 2.37 2.32 2.34 2.04 2.30 2.29 0.00 3.13 2.79 2.54 2.74 2.32 2.59 2.91 3006878
2.27 2.50 2.47 2.66 3.87 2.21 2.22 2.22 2.60 2.84 2.34 3.10 2.44 2.57 3.01 2.35 2.20 2.82 2.73 3.65 2.51 0.00 2.51 2.25 0.00 0.00 2.20 3.23 2.28 2.35 2.31 2.28 3019968
2.85 2.22 2.12 2.46 3.04 2.31 2.23 2.45 2.11 2.31 2.40 2.36 3.01 2.80 2.67 2.77 2.34 2.39 2.44 3.30 2.20 0.00 2.47 2.26 0.00 2.94 3.02 2.26 3.25 2.55 2.18 2.66 3033058
2.18 2.34 3.84 2.60 2.64 2.25 2.58 2.32 2.85 2.61 2.85 2.67 2.22 2.45 4.15 3.27 2.45 2.83 2.70 2.20 2.57 0.00 2.33 2.61 0.00 2.18 2.68 0.00 3.00 2.99 2.74 2.52 3046148
2.07 2.53 2.94 2.47 2.76 2.32 2.24 2.76 2.40 2.80 2.15 2.32 2.23 2.60 2.58 2.67 2.22 2.57 2.64 2.85 2.53 3.35 2.46 2.43 0.00 2.23 2.09 2.53 2.93 2.61 2.58 3.46 3059238
3.28 2.75 2.57 2.46 3.01 2.29 2.54 2.22 2.55 2.30 2.25 3.24 2.55 2.42 2.58 2.37 2.35 2.23 2.92 2.92 2.20 2.53 2.25 2.35 0.00 2.75 2.74 0.00 2.59 3.57 2.23 3.09 3072328
2.11 2.36 2.68 2.72 2.40 2.35 2.16 2.33 2.47 2.17 2.57 3.43 2.40 2.56 2.66 2.50 2.20 3.43 2.45 2.89 2.56 2.38 2.60 0.00 0.00 4.18 2.31 2.68 3.01 2.34 2.66 2.32 3085418
2.58 2.42 2.90 2.54 2.34 2.68 2.20 2.13 2.74 2.42 2.41 2.51 4.83 2.95 2.28 2.24 2.19 2.58 2.88 2.12 2.50 3.12 2.31 2.20 0.00 3.56 2.56 2.08 2.45 2.40 2.61 3.65 3098508
4.76 2.64 2.85 2.60 3.32 2.47 2.17 2.64 2.73 2.25 2.57 3.05 3.00 2.31 2.13 3.11 2.06 2.24 2.63 3.15 2.97 0.00 2.31 2.50 0.00 2.69 2.54 2.60 2.08 2.64 2.99 2.63 3111598
2.26 2.56 3.01 2.32 2.40 2.71 2.32 2.59 2.44 3.06 2.28 2.45 2.47 3.03 3.43 2.70 2.39 2.38 2.54 2.29 2.25 0.00 2.75 2.12 0.00 3.93 2.72 0.00 2.25 2.51 3.47 2.92 3124688
2.35 2.36 2.55 2.35 2.81 2.33 2.37 2.79 2.76 2.24 5.40 3.11 3.18 2.76 2.07 2.37 2.43 2.38 2.38 2.52 2.67 0.00 2.16 2.24 0.00 2.62 2.16 2.63 2.13 2.09 2.34 2.33 3137778
2.45 2.71 2.55 2.28 3.52 2.38 2.45 3.00 2.34 2.74 2.39 2.10 2.18 2.44 2.62 2.47 2.26 2.32 3.38 2.70 2.64 0.00 2.80 2.43 0.00 2.96 2.08 2.58 2.89 2.65 2.34 2.55 3150868
2.95 2.47 2.59 2.56 2.42 4.38 2.94 2.62 2.38 2.12 2.54 2.45 2.85 3.08 2.63 0.00 2.17 2.62 2.72 2.51 2.49 2.74 2.80 2.72 0.00 3.30 2.35 3.98 2.39 2.31 2.20 3.00 3163958
2.86 2.16 2.45 2.53 2.37 2.24 2.39 2.10 2.38 2.21 2.81 2.71 2.46 2.39 2.36 2.19 2.16 3.08 2.55 2.37 2.33 0.00 3.91 3.08 0.00 3.37 2.18 3.42 2.37 3.32 2.44 2.20 3177048
2.41 2.58 4.18 2.89 2.28 2.66 2.30 2.88 2.60 2.40 2.14 2.45 2.98 2.79 2.84 2.55 2.33 2.21 2.52 2.60 2.33 2.58 3.08 2.38 0.00 3.90 2.32 2.64 2.47 2.78 2.58 2.10 3190138
2.75 2.63 2.22 2.70 2.44 2.67 2.15 2.33 2.43 2.11 2.62 3.00 2.71 2.46 3.26 2.26 2.11 2.55 3.02 2.25 2.20 0.00 2.48 2.28 0.00 3.60 2.58 4.22 2.77 2.90 2.76 4.51 3203228
2.66 2.42 3.41 2.13 2.78 2.41 2.90 2.40 2.14 2.60 2.47 2.31 2.78 2.20 2.36 2.35 2.18 2.12 2.66 2.96 2.67 2.58 2.38 2.49 0.00 3.46 2.85 2.88 2.86 2.26 2.55 3.13 3216318
2.57 2.50 2.56 2.29 2.76 2.59 2.37 2.59 2.38 2.27 2.49 0.00 2.44 2.51 2.63 2.18 2.26 2.46 2.41 0.00 2.38 2.99 2.13 2.72 0.00 2.29 2.16 3.46 2.59 2.32 2.76 2.34 3229408
2.71 2.68 4.19 2.24 2.32 2.18 2.86 2.62 2.94 2.27 2.31 2.91 2.09 2.44 2.51 2.30 2.26 3.22 2.10 2.66 2.25 2.26 3.85 2.20 0.00 3.79 3.00 2.77 2.34 2.92 2.16 2.03 3242498
3.96 2.45 2.69 2.54 3.39 2.38 3.13 2.41 2.35 3.33 2.51 3.75 3.92 2.59 4.35 2.30 2.17 2.45 2.48 3.24 2.33 2.68 2.89 2.17 0.00 3.31 3.11 3.23 2.39 3.26 2.62 2.09 3255588
2.18 2.61 2.82 2.67 2.41 2.48 2.30 2.79 2.45 2.57 2.11 3.38 3.15 2.67 8.35 2.14 2.33 2.57 2.46 2.15 2.67 2.13 2.41 2.33 0.00 3.59 2.34 0.00 2.42 2.47 2.30 2.81 3268678
2.55 2.47 3.34 2.71 2.83 2.51 2.44 2.70 2.19 2.34 2.38 3.14 4.13 3.03 2.83 2.60 2.17 3.82 2.63 2.45 2.30 2.35 2.65 2.15 0.00 2.83 2.58 3.06 2.29 2.47 3.17 3.79 3281768
3.06 2.99 4.46 2.28 4.07 2.51 2.84 3.09 2.45 2.24 3.03 4.79 2.66 2.36 4.18 2.47 2.24 2.69 2.68 2.01 2.47 2.80 3.17 2.16 0.00 3.90 2.52 4.38 2.93 2.32 2.13 2.46 3294858
4.12 2.61 3.35 2.30 5.51 2.29 3.07 2.90 3.56 2.76 2.60 3.63 2.13 2.91 2.98 2.28 2.30 2.29 2.51 2.66 2.13 0.00 2.30 2.17 0.00 0.00 2.54 3.86 2.37 2.68 2.83 3.95 3307948
2.32 2.37 3.54 2.69 4.16 2.39 3.04 3.12 3.10 2.36 2.39 2.14 4.02 2.42 3.25 3.08 2.36 2.26 2.40 2.71 2.25 2.31 2.45 2.22 0.00 2.73 2.47 2.88 2.61 2.58 2.56 2.78 3321038
2.88 2.48 3.12 2.40 3.25 2.20 2.55 3.71 2.64 2.56 2.58 2.55 2.98 2.80 3.03 2.64 2.32 3.14 3.65 2.55 2.28 0.00 2.34 2.34 0.00 3.42 2.83 3.55 2.91 3.39 2.80 5.00 3334128
2.50 2.43 4.03 2.56 3.10 2.22 3.48 2.40 2.76 2.09 2.35 5.14 2.49 2.66 2.82 2.26 2.08 2.75 3.34 2.89 2.86 2.17 2.70 2.20 0.00 2.96 2.43 3.46 2.76 3.23 3.89 3.41 3347218
2.23 2.62 4.20 2.45 5.50 2.46 2.79 4.84 2.27 2.34 3.30 2.67 2.48 2.35 4.39 2.15 2.13 2.32 2.64 2.63 2.86 2.81 3.08 2.38 0.00 4.00 2.31 3.00 2.29 2.79 2.71 3.45 3360308
2.84 2.56 3.28 2.31 5.21 3.05 2.76 3.98 2.60 2.40 4.61 2.71 5.07 2.41 4.48 3.33 2.09 2.90 2.15 5.24 3.32 4.15 2.45 2.69 0.00 3.95 2.49 3.96 2.81 3.39 2.41 3.86 3373398
3.06 2.74 4.56 2.49 5.10 3.17 3.05 2.90 3.45 2.45 3.37 3.76 4.74 3.04 3.48 3.91 2.08 3.14 3.20 2.50 2.87 0.00 2.93 2.46 0.00 3.82 2.36 4.19 2.93 5.04 2.28 3.75 3386488
3.07 2.48 3.92 2.51 4.94 2.65 2.50 4.84 2.64 3.00 2.72 5.27 4.60 2.89 5.02 4.70 2.13 3.01 2.64 9.14 2.33 0.00 2.87 2.77 0.00 2.90 2.16 3.28 2.48 3.82 2.78 3.92 3399578
0.00 2.55 4.36 2.44 4.50 2.55 3.11 4.79 3.41 2.70 3.40 5.22 4.60 3.18 6.61 2.53 2.14 3.51 3.42 2.47 2.63 6.22 2.43 2.33 0.00 4.04 2.61 3.88 3.00 5.07 2.56 4.73 3412668
3.15 2.38 3.97 2.28 5.40 2.93 3.27 3.75 2.34 2.48 2.97 5.85 4.08 3.13 2.32 4.67 2.09 3.91 3.13 4.54 2.38 0.00 2.81 2.28 0.00 3.96 4.21 3.49 3.00 3.33 4.12 4.61 3425758
3.56 2.84 5.09 2.91 4.09 2.70 3.15 3.96 2.60 2.22 5.81 4.30 5.09 3.11 3.99 2.53 2.16 2.89 4.45 9.10 2.64 5.94 2.37 2.32 0.00 3.89 4.49 4.42 3.03 2.42 3.06 4.64 3438848
5.50 2.82 3.76 2.56 5.48 2.75 3.58 5.78 2.55 3.55 4.38 5.57 5.09 3.19 4.99 7.76 2.11 3.92 4.43 2.61 3.01 5.89 3.83 2.41 0.00 3.98 2.99 3.43 3.40 3.47 2.58 3.19 3451938
3.13 2.66 4.85 2.35 2.07 2.53 3.33 4.64 2.94 2.76 5.90 5.73 5.04 2.87 6.36 7.76 2.44 3.55 2.55 6.42 2.93 0.00 2.74 2.44 0.00 4.35 3.31 4.30 4.57 3.21 3.78 4.55 3465028
5.41 2.52 3.25 2.74 3.32 2.57 3.30 4.04 2.42 2.57 5.34 4.63 5.20 5.04 4.77 4.71 2.11 3.96 6.08 9.19 2.74 5.88 4.50 2.12 0.00 3.90 3.34 4.57 3.83 2.35 3.39 4.61 3478118
0.00 2.86 4.83 2.56 5.71 5.41 3.39 5.15 2.72 2.74 3.66 5.81 5.03 5.11 6.72 5.75 2.44 3.68 3.84 9.27 3.28 0.00 2.57 3.08 0.00 4.00 3.39 0.00 2.91 3.87 3.74 4.66 3491208
5.66 2.79 4.92 2.50 5.16 4.07 2.82 5.66 3.70 2.19 4.43 5.20 5.17 3.14 6.32 7.56 2.04 3.19 6.65 9.09 3.01 5.90 2.15 2.59 0.00 3.85 3.52 4.18 2.45 5.14 3.98 4.25 3504298
5.97 2.73 4.04 2.27 5.92 5.29 3.18 5.70 3.09 2.69 5.21 5.13 5.16 5.17 6.40 7.55 2.17 3.79 2.84 4.19 4.18 5.75 2.31 3.13 0.00 3.97 2.75 4.31 3.01 5.10 4.25 4.49 3517388
5.47 2.82 4.92 2.39 5.56 3.88 3.14 6.04 3.37 3.39 5.02 5.13 5.20 5.45 6.39 7.93 2.06 3.82 4.53 7.93 3.31 0.00 2.44 2.50 0.00 4.15 4.67 4.19 3.74 5.21 3.35 0.00 3530478
5.38 3.06 4.94 2.35 5.31 5.57 3.73 5.86 3.91 2.86 4.98 5.21 5.23 5.36 6.79 7.37 2.12 2.63 7.06 9.07 4.29 5.87 2.94 3.71 0.00 3.88 4.45 3.91 4.38 5.27 3.08 4.19 3543568
0.00 2.79 5.02 2.79 5.32 4.01 3.54 5.03 5.20 2.39 5.00 5.13 5.31 5.84 6.49 7.86 2.85 3.69 6.95 9.09 3.64 0.00 4.07 2.28 0.00 3.64 3.03 4.18 2.56 3.47 3.51 4.19 3556658
5.48 2.53 4.88 3.06 5.39 4.85 3.95 4.97 3.13 3.35 4.17 5.16 5.31 4.58 6.46 7.22 2.11 3.65 6.75 8.18 3.34 5.83 2.21 2.60 0.00 3.87 3.12 4.18 4.77 3.08 3.61 4.68 3569748
0.00 2.85 4.91 2.16 5.20 3.46 3.43 5.92 4.46 3.54 5.11 5.17 5.25 5.28 6.41 6.75 2.21 2.89 5.09 8.04 3.08 6.01 3.60 2.22 0.00 3.93 4.50 4.29 3.42 5.39 3.24 4.64 3582838
0.00 2.93 4.98 2.28 5.54 5.54 3.37 6.10 5.05 2.40 4.88 5.22 5.29 3.35 6.31 6.74 2.12 3.58 6.72 9.10 3.94 6.10 3.33 2.82 0.00 3.76 4.28 4.17 4.33 3.96 3.49 4.64 3595928
0.00 2.71 4.33 2.58 5.65 4.71 3.48 6.14 2.44 3.40 5.15 5.27 5.16 2.92 6.10 6.24 2.12 3.66 5.66 9.14 3.75 0.00 2.78 2.40 0.00 3.65 4.41 4.02 4.18 4.46 4.19 4.73 3609018
2.70 2.86 4.96 2.37 5.73 5.56 3.48 6.11 4.68 3.44 5.15 5.21 5.26 5.69 6.28 6.57 2.13 3.63 5.23 8.18 2.83 6.23 3.29 2.22 0.00 3.70 2.97 4.19 3.71 5.02 4.09 4.78 3622108
5.48 2.86 4.96 2.72 5.55 5.56 3.45 5.68 3.21 4.12 5.13 5.28 5.31 5.67 5.89 6.37 2.59 3.75 7.31 9.14 2.83 0.00 2.71 2.77 0.00 3.89 4.42 4.17 3.39 5.07 3.97 4.96 3635198
2.45 2.85 4.95 3.18 5.68 5.69 0.00 2.46 5.44 2.45 5.18 5.21 5.37 5.71 5.86 6.25 2.16 2.58 6.76 9.05 3.21 6.16 2.19 0.00 0.00 3.65 3.19 4.15 4.61 4.48 2.86 4.67 3648288
0.00 2.89 4.87 2.85 5.82 5.65 3.43 5.81 5.01 2.47 2.80 5.28 5.41 3.40 5.95 6.44 2.07 3.97 6.10 9.13 4.94 6.31 2.26 2.82 0.00 3.85 4.44 4.13 4.71 3.84 3.79 4.92 3661378
0.00 3.07 5.02 2.94 5.76 5.50 3.49 5.96 5.87 2.78 5.36 5.38 0.00 5.17 5.94 6.71 2.47 3.60 6.55 9.04 6.02 0.00 5.32 2.25 0.00 3.75 4.44 4.07 4.69 5.25 4.30 4.77 3674468
0.00 3.01 5.06 2.53 5.87 4.43 3.40 4.65 2.97 3.66 5.30 5.29 5.15 4.05 6.17 6.81 2.19 3.74 2.68 9.13 2.18 0.00 2.91 3.26 0.00 3.61 4.46 4.14 4.29 4.40 4.26 4.86 3687558
0.00 3.02 5.23 2.98 6.04 5.41 3.48 6.61 3.33 3.81 5.30 5.58 5.04 5.21 6.12 6.94 2.11 3.64 4.80 9.12 5.03 6.86 3.03 3.15 0.00 4.11 3.17 4.23 3.31 5.05 4.20 4.91 3700648
0.00 2.84 5.00 2.60 5.94 6.57 3.34 5.51 5.07 4.48 5.39 5.36 5.56 5.61 5.98 7.20 2.26 3.62 6.26 9.11 3.75 0.00 4.19 2.42 0.00 3.99 4.55 0.00 3.28 5.14 4.20 4.80 3713738
0.00 2.88 5.03 2.89 6.02 6.82 3.45 5.63 3.19 2.14 5.64 5.49 4.71 5.62 5.86 7.12 2.56 3.89 5.96 9.05 5.00 0.00 3.53 3.63 0.00 3.68 3.47 4.33 3.71 4.33 4.34 4.91 3726828
0.00 2.91 4.96 2.96 6.53 6.72 3.33 3.04 4.94 3.31 5.45 5.46 5.65 4.52 6.12 7.17 2.11 3.77 5.54 9.11 5.97 0.00 2.43 2.50 0.00 3.56 3.54 4.16 4.70 5.13 4.32 4.97 3739918
0.00 2.85 4.93 3.23 6.36 6.96 3.42 5.88 4.27 4.55 4.91 5.50 5.13 3.93 5.66 7.20 2.08 3.50 6.41 9.05 2.98 6.93 3.50 3.80 0.00 3.70 4.40 4.16 4.30 5.07 4.29 5.49 3753008
0.00 2.82 4.99 2.29 6.43 6.95 3.62 0.00 4.26 4.38 5.61 5.54 4.87 5.59 5.51 7.30 2.07 3.34 5.49 9.07 4.72 0.00 3.72 2.56 0.00 4.04 3.20 4.46 4.64 5.26 4.30 4.92 3766098
0.00 2.97 4.87 2.75 6.08 7.10 3.07 6.19 4.52 4.45 5.78 5.73 4.88 3.94 5.72 7.33 2.07 3.84 6.86 9.13 5.89 0.00 3.17 2.42 0.00 3.47 4.32 4.23 4.55 5.13 4.39 4.95 3779188
0.00 2.98 5.22 3.25 6.31 6.72 3.77 5.73 2.46 3.78 5.66 5.87 4.69 5.07 5.88 7.50 2.21 3.67 6.54 9.17 3.69 0.00 2.36 4.16 0.00 3.56 4.33 4.01 4.27 5.11 4.03 4.95 3792278
0.00 3.01 5.55 2.62 6.88 7.32 3.43 5.79 3.59 4.49 5.71 5.99 4.44 4.89 5.59 7.48 2.13 3.55 6.74 9.06 5.69 7.02 5.91 2.67 0.00 3.55 4.46 3.96 4.60 5.24 4.35 4.82 3805368
5.42 2.98 4.94 2.42 7.05 7.46 3.53 5.09 4.40 3.42 5.88 6.00 4.68 5.00 5.85 7.88 2.11 3.64 6.85 9.08 3.82 7.17 3.70 4.54 0.00 3.59 4.57 4.21 4.22 5.07 4.31 4.87 3818458
0.00 2.92 5.04 3.13 6.63 7.49 3.26 5.42 3.94 3.72 5.80 6.00 3.62 4.89 5.77 7.52 2.21 3.89 3.92 9.12 5.25 0.00 6.10 2.09 0.00 3.60 4.50 4.08 4.69 5.15 4.33 5.29 3831548
0.00 3.05 4.87 2.98 6.45 7.62 3.42 5.35 4.76 4.21 5.69 5.90 4.62 3.04 5.96 7.79 2.10 3.59 5.24 9.07 5.15 0.00 0.00 4.25 0.00 0.00 4.41 3.93 2.44 5.06 4.44 4.81 3844638
0.00 2.99 4.98 2.44 6.79 7.80 3.44 5.34 4.26 3.57 5.76 5.88 4.55 4.95 6.00 7.46 2.15 4.11 6.76 9.05 2.32 7.37 4.87 2.24 0.00 3.60 4.35 3.97 4.67 5.15 4.47 5.00 3857728
0.00 2.99 5.03 2.82 6.69 7.74 3.71 5.40 4.61 3.51 5.74 5.98 4.39 4.75 5.95 7.55 2.22 3.49 7.14 9.12 6.25 0.00 9.90 4.07 0.00 3.65 4.29 4.06 4.73 5.18 4.29 4.81 3870818
0.00 2.88 4.97 2.37 6.96 8.41 3.43 5.36 4.27 4.41 5.85 5.98 4.23 4.50 6.03 7.51 2.07 3.33 6.81 9.08 5.47 7.38 0.00 2.62 0.00 3.96 4.36 4.04 4.83 5.08 4.07 5.11 3883908
0.00 2.84 4.92 2.95 6.80 8.03 3.34 5.45 4.50 4.43 5.85 6.04 4.30 4.98 6.06 7.64 2.15 3.60 6.91 9.06 0.00 0.00 0.00 4.63 0.00 3.57 4.34 4.08 4.70 5.27 4.35 5.02 3896998
0.00 3.01 5.06 3.19 6.86 7.96 3.95 5.64 4.36 4.49 5.96 6.12 4.44 5.15 5.85 7.62 2.02 3.46 6.85 9.13 0.00 7.77 0.00 3.67 0.00 3.63 4.41 4.55 4.68 5.14 4.37 4.81 3910088
0.00 3.01 4.95 3.00 6.89 7.91 3.40 5.49 4.27 4.51 6.02 6.23 4.41 5.19 5.88 7.83 2.07 3.57 6.81 9.10 6.31 7.46 0.00 4.31 0.00 0.00 4.41 3.88 4.67 5.16 4.44 4.74 3923178
0.00 3.00 4.93 2.80 7.05 7.96 3.49 5.61 4.23 4.50 5.95 6.23 4.22 4.44 6.39 7.63 2.12 3.44 6.54 9.14 6.21 7.43 5.82 4.10 0.00 3.84 4.44 3.98 4.65 5.45 4.35 4.81 3936268
0.00 2.90 5.04 2.91 7.35 7.90 3.62 5.71 4.44 3.94 5.88 6.22 4.21 4.96 5.89 7.64 2.97 3.58 6.76 9.05 6.22 0.00 0.00 3.83 0.00 3.65 4.40 3.77 4.99 5.29 4.34 4.95 3949358
0.00 3.03 5.03 3.02 6.98 7.95 4.09 5.61 4.21 4.47 5.93 6.48 4.27 4.81 5.95 7.67 2.06 3.69 7.22 9.09 6.12 7.46 4.42 0.00 0.00 3.64 4.41 3.96 4.74 5.43 4.32 4.91 3962448
0.00 2.95 5.02 0.00 7.39 8.25 3.34 5.96 4.20 4.64 6.16 6.22 4.25 4.90 6.02 7.71 2.09 3.46 7.08 9.06 6.13 0.00 0.00 4.09 0.00 3.59 4.59 3.77 4.79 5.32 4.64 4.83 3975538
0.00 2.91 5.07 0.00 7.08 7.97 3.72 0.00 3.84 4.69 6.03 6.26 4.10 4.82 6.06 7.65 2.06 3.42 7.02 9.09 5.84 7.60 9.76 4.33 0.00 3.69 4.42 4.22 4.68 5.30 4.30 4.72 3988628
0.00 3.17 5.07 0.00 7.01 8.08 3.31 5.71 4.13 4.37 6.17 6.33 4.45 4.81 5.86 7.60 2.10 3.77 6.71 9.10 0.00 7.57 0.00 4.37 0.00 3.67 4.42 4.06 4.72 5.22 4.35 4.78 4001718
0.00 2.92 5.16 0.00 7.23 8.09 0.00 6.09 4.19 4.50 6.08 6.31 4.14 4.71 6.09 7.50 2.06 3.51 6.89 9.12 6.15 7.68 8.89 3.85 0.00 3.71 4.53 0.00 4.76 5.32 4.30 5.03 4014808
0.00 2.98 5.27 0.00 7.11 8.11 0.00 6.01 3.99 4.46 6.20 6.48 4.14 4.77 6.07 7.56 2.00 3.58 0.00 9.07 0.00 7.51 9.62 0.00 0.00 3.69 4.48 3.61 0.00 5.84 4.31 4.94 4027898
0.00 2.97 4.95 0.00 7.85 8.57 3.86 6.19 3.97 4.52 6.07 6.96 4.19 4.63 0.00 7.28 0.00 3.73 6.88 9.08 6.38 7.54 0.00 4.33 0.00 3.69 4.43 3.93 4.85 5.36 4.27 5.02 4040988
0.00 2.96 4.98 2.97 7.95 8.17 3.30 6.36 3.86 3.74 6.18 7.04 4.21 4.61 6.33 7.25 2.26 3.63 6.72 9.08 0.00 7.97 9.19 3.76 0.00 3.65 4.48 3.66 4.75 5.24 4.30 4.91 4054078
0.00 2.95 5.04 2.41 7.38 8.20 3.31 5.79 4.10 4.18 6.18 6.43 4.11 4.49 5.62 7.22 2.79 3.45 6.79 9.11 6.05 7.57 9.63 3.81 0.00 3.61 4.40 3.78 4.73 5.25 4.29 5.09 4067168
0.00 2.87 5.06 0.00 7.00 8.25 3.66 5.76 3.92 4.32 6.25 7.03 4.27 4.61 5.69 7.06 2.10 3.56 7.07 9.09 0.00 7.84 9.94 0.00 0.00 0.00 4.53 3.98 4.71 5.22 4.51 4.77 4080258
0.00 3.01 5.03 3.26 7.60 8.23 3.49 0.00 3.96 4.54 6.28 6.63 4.07 4.58 5.59 7.38 2.22 3.49 4.66 9.11 5.90 0.00 4.24 3.16 0.00 3.66 4.47 3.74 4.74 5.52 4.27 4.82 4093348
0.00 2.95 5.44 0.00 7.07 8.25 3.54 0.00 3.82 4.53 6.27 6.61 3.93 4.44 5.62 6.93 2.88 3.83 6.98 9.08 6.47 0.00 0.00 0.00 0.00 3.67 4.48 3.81 4.76 5.26 4.28 5.23 4106438
0.00 2.88 5.01 2.76 7.36 8.25 3.30 5.87 3.55 3.56 6.22 6.71 3.80 4.34 6.35 7.15 2.23 3.83 6.93 9.11 0.00 0.00 7.56 4.61 0.00 3.63 4.37 3.84 4.84 5.24 4.35 4.89 4119528
0.00 2.97 4.96 3.20 8.23 8.26 3.82 5.86 3.65 3.79 6.24 6.67 3.84 4.39 5.34 6.96 2.95 3.70 7.43 9.07 0.00 0.00 0.00 2.97 0.00 3.65 4.40 3.74 4.70 5.29 4.26 5.52 4132618
0.00 2.91 5.08 3.10 7.19 8.24 3.26 5.95 3.47 4.69 6.44 6.85 3.87 4.23 5.50 6.79 0.00 3.87 6.79 9.12 6.03 0.00 0.00 4.40 0.00 0.00 4.39 3.70 4.69 5.24 4.29 4.86 4145708
0.00 2.99 5.12 3.71 7.17 8.25 3.37 0.00 3.84 4.58 6.38 6.83 3.52 4.51 5.64 6.80 2.67 3.60 6.90 9.08 6.44 7.60 0.00 0.00 0.00 3.67 4.75 4.08 5.18 5.22 4.30 4.78 4158798
0.00 2.98 5.03 3.08 7.44 8.22 3.42 6.26 3.76 4.55 6.56 6.81 3.55 4.43 5.68 6.64 2.21 3.53 6.97 9.04 6.12 0.00 7.80 4.02 0.00 3.74 4.43 3.82 4.68 5.24 4.73 5.43 4171888
0.00 2.96 5.10 3.36 7.24 8.18 3.04 5.79 3.57 4.63 6.41 6.92 3.79 4.47 5.46 6.53 2.38 3.64 5.91 9.05 6.14 0.00 9.81 0.00 0.00 4.32 4.46 4.50 4.69 5.37 4.36 4.94 4184978
0.00 2.97 5.15 0.00 7.10 8.24 3.40 5.69 3.69 4.60 6.55 7.04 3.75 4.24 5.33 6.72 2.30 3.55 7.10 9.09 0.00 7.79 9.54 4.14 0.00 3.73 4.44 3.82 4.69 5.35 4.32 4.84 4198068
0.00 3.04 5.12 0.00 6.92 8.24 3.34 5.56 3.60 4.39 6.45 6.79 3.41 4.31 5.13 6.45 2.05 3.91 6.86 9.09 0.00 7.62 9.61 3.83 0.00 3.93 4.48 3.71 4.80 5.39 4.36 5.38 4211158
0.00 2.97 5.03 2.96 6.98 8.25 3.51 5.02 3.73 4.58 6.55 7.02 3.38 4.41 5.26 6.73 2.08 3.63 6.84 9.14 0.00 7.75 9.90 3.54 0.00 3.71 4.45 0.00 4.67 5.27 4.40 4.77 4224248
0.00 2.99 5.10 2.97 6.78 8.26 3.45 5.04 3.60 4.61 6.65 6.96 3.29 3.63 5.11 6.45 2.43 3.60 6.92 9.07 5.98 0.00 0.00 3.43 0.00 3.76 4.65 3.67 4.59 5.55 4.35 5.07 4237338
0.00 2.99 5.26 2.73 6.72 8.23 3.41 5.02 3.64 4.38 6.75 6.94 3.84 4.02 4.93 6.29 2.09 3.82 7.54 9.10 6.03 0.00 5.71 4.28 0.00 3.93 4.79 3.94 5.18 5.48 4.42 4.78 4250428
0.00 3.00 5.07 3.24 7.09 8.23 3.84 4.90 3.81 4.32 7.37 6.98 3.61 4.10 4.78 6.47 2.41 3.94 7.26 9.06 0.00 0.00 0.00 5.15 0.00 3.75 4.84 3.67 4.83 5.46 4.36 4.85 4263518
0.00 2.96 4.96 3.32 6.87 8.24 3.44 4.89 3.67 4.66 6.74 7.03 3.57 3.10 5.03 6.11 2.13 3.80 7.13 9.09 6.20 7.70 9.80 3.23 0.00 3.69 4.62 3.70 4.74 5.38 4.38 5.48 4276608
0.00 3.01 4.91 2.38 6.92 8.19 3.45 5.11 3.84 2.73 6.81 7.04 3.54 4.08 5.01 6.39 0.00 3.97 7.16 9.13 6.24 0.00 9.80 2.77 0.00 4.04 4.90 3.62 4.70 5.40 4.38 4.94 4289698
0.00 2.91 4.88 0.00 6.33 8.15 3.61 5.04 3.75 3.75 6.74 7.07 3.46 4.17 4.74 6.27 2.11 3.76 6.88 9.14 0.00 7.66 0.00 3.83 0.00 3.97 4.85 3.74 4.85 5.34 4.43 4.85 4302788
0.00 2.98 4.88 2.92 6.68 7.63 2.58 5.30 3.71 4.28 6.93 7.14 3.57 4.22 4.74 5.89 2.01 3.79 6.91 9.06 4.97 7.64 9.02 4.35 0.00 3.93 4.88 4.29 4.68 5.46 4.96 4.78 4315878
0.00 2.89 5.03 2.64 7.19 8.12 3.29 3.48 3.66 4.69 6.69 0.00 3.47 4.13 4.63 5.57 2.78 3.80 6.90 9.06 0.00 0.00 4.86 4.35 0.00 3.88 4.91 3.65 4.70 5.36 4.49 4.88 4328968
0.00 2.83 4.98 2.53 5.57 6.92 3.08 4.43 3.71 3.27 6.87 7.62 3.48 4.20 4.61 5.53 2.28 3.97 6.97 9.10 5.86 7.98 2.28 5.00 0.00 4.10 4.90 3.76 4.63 5.42 4.59 4.97 4342058
0.00 3.01 5.03 3.79 6.73 7.48 2.88 3.66 3.72 2.74 5.04 7.22 3.49 4.19 4.65 5.30 2.03 3.98 6.75 9.10 5.86 0.00 0.00 4.53 0.00 4.00 4.63 3.89 4.69 5.47 4.57 5.11 4355148
0.00 3.05 5.04 0.00 6.98 7.97 3.43 5.78 3.76 4.41 6.47 7.18 3.44 3.77 4.86 5.23 2.17 3.86 6.82 9.13 6.17 0.00 7.23 0.00 0.00 4.28 4.70 3.78 4.69 5.41 4.48 5.01 4368238
0.00 2.91 4.91 2.14 6.59 8.00 3.20 5.69 3.82 3.34 6.92 7.26 3.45 4.18 4.64 5.13 2.70 4.04 5.09 9.10 3.51 0.00 4.44 3.88 0.00 4.11 4.75 3.74 2.41 5.38 4.53 4.91 4381328
0.00 3.02 4.95 2.86 6.63 8.13 2.79 5.19 3.84 3.71 6.86 7.30 3.40 2.61 4.68 5.40 2.41 3.96 6.68 9.06 5.77 7.77 3.93 2.35 0.00 4.64 4.84 3.73 4.69 5.38 4.56 5.33 4394418
0.00 2.92 4.99 2.09 6.39 7.23 3.22 5.99 3.95 4.00 6.98 7.33 3.48 4.27 4.69 5.01 0.00 3.82 7.04 9.07 6.23 7.94 7.22 4.03 0.00 4.08 5.09 3.89 4.25 5.97 4.60 5.26 4407508
0.00 2.99 5.03 2.79 6.76 7.85 3.34 5.95 4.07 3.45 6.87 7.34 3.42 4.32 4.75 5.15 2.13 3.96 6.90 9.07 6.18 7.76 7.78 4.77 0.00 4.11 5.09 3.94 4.63 5.52 4.59 5.11 4420598
0.00 2.95 4.88 2.45 6.58 7.42 3.51 6.34 4.13 3.52 7.12 7.36 3.48 4.30 4.70 4.99 2.09 3.94 6.63 9.10 3.63 0.00 0.00 4.61 0.00 4.13 5.25 3.77 4.68 5.91 4.62 5.02 4433688
0.00 2.97 5.00 2.49 6.26 7.70 3.84 6.36 4.54 4.30 6.93 7.55 3.60 4.35 4.64 4.95 0.00 3.82 6.79 9.09 6.29 0.00 9.64 2.32 0.00 4.85 5.04 4.14 4.72 5.53 4.25 5.23 4446778
0.00 3.01 5.00 2.87 6.53 7.70 3.06 0.00 4.32 4.05 7.00 7.44 4.09 4.32 4.71 4.85 2.99 3.80 7.40 9.09 6.21 0.00 9.74 4.36 0.00 4.11 5.21 4.01 4.78 5.38 4.65 5.05 4459868
0.00 2.68 5.08 2.99 6.54 7.71 3.29 5.66 4.14 5.13 4.86 0.00 3.64 4.42 4.72 4.80 2.10 3.92 6.01 9.07 0.00 7.74 9.76 3.62 0.00 4.12 5.32 3.89 4.79 5.36 4.68 5.16 4472958
0.00 2.99 5.01 3.01 6.63 6.49 3.44 0.00 3.53 3.57 6.95 7.80 3.59 4.40 4.68 4.77 0.00 3.81 6.86 9.11 0.00 7.90 9.75 0.00 0.00 4.11 5.24 3.76 4.82 5.46 4.67 5.04 4486048
0.00 2.95 5.07 0.00 6.59 7.63 3.17 6.00 4.64 4.75 7.26 0.00 3.72 4.41 4.77 4.73 0.00 3.83 6.57 9.14 6.33 0.00 0.00 4.30 0.00 4.17 5.17 3.68 4.77 5.41 4.69 5.14 4499138
0.00 3.04 5.08 3.31 6.50 7.02 3.31 6.21 4.27 3.01 7.25 7.37 3.57 4.48 4.70 4.79 2.01 3.81 7.05 9.11 6.17 7.71 7.35 3.40 0.00 4.99 5.23 4.00 4.72 5.56 4.65 5.26 4512228
0.00 3.00 5.08 2.45 6.50 7.72 3.31 5.70 4.25 5.14 6.98 0.00 3.73 4.50 4.68 4.70 2.15 3.80 6.56 9.10 0.00 0.00 0.00 4.10 0.00 4.41 5.27 3.76 4.75 5.43 4.79 5.76 4525318
0.00 3.03 4.95 3.23 6.51 7.81 3.51 0.00 4.27 5.27 7.08 7.45 3.54 4.46 4.71 4.75 2.14 3.85 6.77 9.15 6.00 7.82 0.00 3.93 0.00 4.23 5.26 3.69 4.74 5.40 4.65 5.46 4538408
0.00 3.00 5.09 3.06 6.46 7.70 3.70 5.61 4.48 5.17 7.13 7.55 3.49 4.43 4.71 4.65 2.87 3.92 6.97 9.13 0.00 0.00 0.00 4.07 0.00 4.15 5.42 3.97 4.77 5.51 4.75 5.16 4551498
0.00 2.92 4.98 2.69 6.56 7.70 3.19 5.80 4.48 5.22 7.20 7.47 3.59 4.47 4.69 4.79 2.24 3.70 6.80 9.12 6.36 0.00 9.80 0.00 0.00 4.13 5.24 3.93 4.90 5.47 4.68 5.15 4564588
0.00 2.94 5.15 2.70 6.47 7.76 3.56 0.00 4.31 5.02 7.06 7.42 3.51 4.43 4.71 4.71 2.35 3.83 7.07 9.09 0.00 0.00 9.80 4.58 0.00 4.19 5.16 3.92 4.82 5.40 4.69 5.16 4577678
0.00 2.91 5.74 0.00 6.50 7.74 3.39 5.75 4.52 5.30 7.12 7.55 3.49 4.49 4.77 4.59 2.02 3.90 6.64 9.09 6.37 0.00 9.79 0.00 0.00 4.32 5.22 3.91 4.77 5.48 4.68 5.20 4590768
0.00 2.92 4.97 0.00 6.50 7.71 3.79 6.46 4.34 5.31 7.03 7.42 3.51 4.51 4.76 4.62 2.24 3.82 6.53 9.07 0.00 0.00 0.00 4.23 0.00 4.19 5.22 3.76 5.38 5.39 4.71 5.17 4603858
0.00 3.03 5.13 3.02 6.50 7.77 3.51 0.00 4.36 5.34 7.19 7.47 4.04 4.58 4.84 4.70 2.52 4.03 7.03 9.09 6.28 0.00 9.89 5.63 0.00 4.14 5.24 4.29 4.81 5.41 4.71 5.12 4616948
0.00 2.97 4.98 3.31 6.48 7.70 3.76 0.00 4.32 5.45 6.92 7.45 3.60 4.49 4.74 4.60 2.06 4.09 6.70 9.12 6.33 0.00 0.00 0.00 0.00 4.15 5.25 3.79 4.77 5.90 4.81 5.18 4630038
0.00 2.98 5.16 3.11 6.48 7.71 3.56 5.99 4.44 5.35 7.01 7.50 3.51 4.48 4.73 4.63 2.28 4.51 6.87 9.08 6.20 0.00 0.00 0.00 0.00 4.14 5.22 4.04 4.80 5.44 4.70 5.31 4643128
0.00 2.91 5.02 3.14 6.48 7.72 4.07 0.00 4.48 5.30 7.09 7.49 3.45 4.53 4.77 4.57 2.68 4.06 6.71 9.11 6.36 0.00 9.76 0.00 0.00 4.18 5.23 3.77 4.78 5.40 4.77 5.73 4656218
0.00 2.95 0.00 3.00 6.47 7.69 3.41 0.00 4.45 5.28 7.06 7.52 3.56 4.51 4.71 4.57 2.15 3.76 6.89 9.08 0.00 0.00 9.81 0.00 0.00 4.15 5.25 3.86 4.75 5.44 4.66 0.00 4669308
0.00 3.00 5.17 2.75 6.48 7.67 3.83 0.00 4.47 5.29 6.88 7.43 3.52 4.49 4.68 4.56 0.00 3.74 7.46 9.09 6.34 0.00 9.77 0.00 0.00 4.18 5.24 3.73 4.79 5.51 4.67 5.29 4682398
0.00 2.95 5.36 2.87 6.45 7.67 0.00 0.00 4.51 5.44 7.13 7.47 3.72 4.52 4.72 4.61 0.00 3.76 7.16 9.08 0.00 0.00 9.89 0.00 0.00 4.20 5.25 3.87 4.79 5.37 4.69 5.09 4695488
0.00 2.96 5.06 2.81 6.46 7.68 3.35 0.00 4.50 5.28 7.27 7.49 3.54 4.54 4.70 4.63 2.84 3.75 7.13 9.09 0.00 0.00 0.00 4.87 0.00 4.23 5.25 3.82 4.85 5.60 4.75 5.24 4708578
0.00 3.00 4.95 2.79 6.45 7.65 4.16 0.00 4.37 5.31 6.99 7.79 3.59 4.63 4.68 4.55 0.00 3.76 6.85 9.09 0.00 0.00 0.00 4.87 0.00 4.16 5.25 0.00 4.80 6.20 4.85 5.33 4721668
0.00 3.02 5.10 2.80 6.45 7.66 0.00 0.00 4.57 5.42 7.09 7.48 3.60 4.57 4.72 4.60 0.00 3.77 6.66 9.06 6.45 0.00 9.84 4.89 0.00 4.18 5.24 3.70 4.75 5.44 4.90 5.92 4734758
0.00 3.04 5.12 3.00 6.45 7.67 0.00 0.00 4.36 5.32 7.08 7.49 3.66 4.49 4.72 4.81 2.76 3.77 6.83 9.08 6.39 0.00 0.00 0.00 0.00 4.18 5.22 4.38 4.85 5.55 4.75 5.33 4747848
0.00 3.04 5.13 2.91 6.43 7.66 3.72 0.00 4.34 5.30 7.03 7.49 3.49 4.51 4.79 4.74 2.72 3.76 6.62 9.08 6.35 0.00 0.00 0.00 0.00 4.17 5.23 4.34 4.82 0.00 4.67 5.31 4760938
0.00 2.95 5.12 3.00 6.45 7.66 3.90 0.00 4.35 5.31 7.04 7.50 3.45 4.51 5.24 4.54 2.66 3.77 7.06 9.09 6.34 0.00 0.00 0.00 0.00 4.18 5.21 3.67 4.84 5.39 4.66 5.28 4774028
0.00 3.01 5.14 3.04 6.44 7.64 3.59 0.00 4.35 5.40 6.97 7.50 3.44 4.50 4.70 4.51 0.00 3.78 6.85 9.08 6.37 0.00 9.68 4.87 0.00 4.19 5.22 4.02 4.82 5.37 4.88 5.21 4787118
0.00 3.02 5.09 2.96 6.43 7.65 3.35 0.00 4.35 5.39 7.09 7.75 3.57 4.51 5.03 4.60 2.69 4.25 6.64 9.08 0.00 0.00 9.55 4.85 0.00 4.19 5.22 4.06 4.88 5.48 4.76 5.18 4800208
0.00 2.99 5.08 3.27 6.43 7.64 3.77 0.00 4.34 5.32 7.02 0.00 3.65 4.50 4.82 4.57 2.72 4.08 7.32 9.07 0.00 0.00 9.83 4.82 0.00 4.18 5.23 3.65 4.80 6.06 4.73 5.17 4813298
0.00 3.02 5.08 3.26 6.42 7.65 0.00 0.00 4.49 5.34 7.22 7.47 3.45 4.70 4.79 4.53 2.76 3.75 6.61 9.08 0.00 0.00 0.00 0.00 0.00 4.17 5.23 3.71 5.26 5.36 4.67 5.15 4826388
0.00 3.02 5.12 2.82 6.43 7.65 3.82 0.00 4.48 5.33 7.27 0.00 3.52 4.56 4.72 4.56 0.00 3.97 6.98 9.08 0.00 0.00 9.85 4.80 0.00 4.15 5.23 3.68 4.87 5.52 4.83 5.17 4839478
0.00 3.02 5.12 2.77 6.42 7.64 3.55 0.00 4.52 5.32 7.08 0.00 3.37 4.53 4.70 4.58 2.76 4.02 6.77 9.08 0.00 0.00 0.00 4.83 0.00 4.21 5.22 3.67 4.85 5.50 4.70 5.16 4852568
0.00 3.01 5.14 2.84 6.42 7.66 0.00 0.00 4.43 5.29 6.89 8.09 3.36 4.53 4.77 4.54 2.73 4.04 6.65 9.08 6.46 0.00 0.00 4.83 0.00 4.29 5.22 3.67 4.94 5.36 4.69 5.67 4865658
0.00 3.02 5.13 2.80 6.42 7.64 3.99 0.00 4.40 5.47 6.95 0.00 3.43 4.52 4.76 4.60 0.00 4.06 7.04 9.07 0.00 0.00 0.00 4.89 0.00 0.00 5.21 3.67 0.00 5.47 4.70 0.00 4878748
0.00 3.01 4.94 2.93 6.42 7.63 3.32 0.00 4.39 5.29 7.15 7.54 3.41 4.51 4.76 4.77 2.75 4.05 0.00 9.08 0.00 0.00 0.00 4.83 0.00 4.22 5.23 3.66 5.43 5.36 4.68 5.18 4891838
0.00 3.00 5.09 2.92 6.43 7.65 0.00 0.00 4.40 5.30 7.05 0.00 3.44 4.50 4.75 4.63 2.75 4.22 0.00 9.08 6.45 0.00 0.00 4.92 0.00 0.00 5.22 3.67 4.83 5.36 4.71 5.12 4904928
0.00 3.00 5.09 3.12 6.42 7.64 4.06 0.00 4.40 5.30 7.00 0.00 3.41 4.49 4.76 4.68 0.00 4.08 0.00 9.08 6.38 0.00 0.00 0.00 0.00 0.00 5.22 3.67 4.82 5.50 4.71 5.13 4918018
0.00 3.00 5.11 3.11 6.42 7.64 3.32 0.00 4.40 5.31 7.09 8.07 3.41 4.50 4.78 4.61 0.00 4.07 6.91 9.08 6.37 0.00 0.00 0.00 0.00 0.00 5.22 3.67 4.83 5.39 4.70 5.12 4931108
0.00 3.00 5.11 2.95 6.41 7.63 3.33 0.00 4.39 5.31 7.04 8.06 3.41 4.49 4.78 4.64 2.78 4.01 0.00 9.08 6.34 0.00 0.00 0.00 0.00 0.00 5.21 3.67 4.83 5.36 4.70 5.11 4944198
0.00 3.00 5.11 2.94 6.43 7.63 3.34 0.00 4.40 5.30 7.06 8.07 3.41 4.49 4.77 4.66 2.78 4.02 7.20 9.09 6.35 0.00 0.00 0.00 0.00 0.00 5.21 3.67 4.83 5.39 4.71 5.11 4957288
0.00 3.00 5.11 2.95 6.42 7.63 4.06 0.00 4.39 5.32 7.06 8.08 3.40 4.51 4.77 4.66 2.82 4.03 7.18 9.09 6.35 0.00 0.00 0.00 0.00 0.00 5.21 3.65 4.84 5.40 4.71 5.12 4970378
0.00 2.99 5.13 2.94 6.42 7.64 4.05 0.00 4.39 5.31 7.05 8.08 3.40 4.50 4.78 4.66 2.95 4.03 6.93 9.09 6.34 0.00 0.00 0.00 0.00 4.28 5.20 3.67 4.84 5.38 4.72 5.13 4983468
0.00 3.00 5.12 3.17 6.43 7.64 4.06 0.00 4.40 5.31 7.06 8.09 3.42 4.52 4.78 4.66 0.00 4.01 7.01 9.09 6.33 0.00 0.00 0.00 0.00 4.49 5.22 3.67 4.83 5.39 4.72 5.12 4996558
0.00 2.99 5.13 3.00 6.43 7.64 4.04 0.00 4.40 5.31 7.05 8.10 3.41 4.50 4.76 4.92 0.00 3.99 6.97 9.10 6.34 0.00 0.00 0.00 0.00 4.28 5.21 3.68 4.84 5.49 4.71 5.11 5009648