0.00 0.00 4.08 0.00 4.55 4.71 3.21 5.15 3.08 3.12 4.15 4.61 5.71 7.22 8.65 0.00 2.02 4.01 6.98 9.27 6.37 6.57 0.00 5.08 0.00 4.66 5.99 0.00 7.41 7.00 5.46 5.80 5331081
0.00 0.00 4.09 0.00 4.55 4.73 3.21 5.15 3.08 3.12 4.17 4.61 5.71 7.21 8.64 0.00 2.01 4.02 6.97 9.23 6.35 6.46 0.00 0.00 0.00 4.66 5.44 0.00 7.42 7.00 5.48 5.20 5344171
0.00 0.00 4.08 0.00 4.55 4.74 3.21 5.16 3.07 3.11 4.15 4.61 5.70 7.22 8.63 0.00 2.01 4.01 6.99 9.24 6.38 6.35 0.00 0.00 0.00 4.67 5.28 0.00 7.41 7.00 5.28 5.32 5357261
0.00 0.00 4.09 0.00 4.55 4.76 3.21 5.15 3.08 3.11 4.16 4.61 5.70 7.21 8.64 0.00 2.02 4.02 7.00 9.12 6.40 6.36 0.00 0.00 0.00 4.66 5.27 0.00 7.42 6.99 5.32 5.36 5370351
0.00 0.00 4.10 0.00 4.55 4.76 3.21 5.16 3.08 3.12 4.15 4.61 5.71 7.23 8.65 0.00 2.01 4.01 6.72 9.00 6.37 6.35 0.00 0.00 0.00 4.67 5.28 0.00 7.42 7.00 5.30 5.05 5383441
0.00 3.11 4.13 0.00 4.56 4.85 3.19 5.15 3.08 3.11 4.15 4.62 5.70 7.18 8.39 0.00 2.03 4.01 6.86 8.98 6.38 6.36 0.00 0.00 0.00 4.68 5.27 0.00 7.41 7.00 5.28 5.06 5396531
0.00 3.08 4.13 0.00 4.54 4.68 3.22 5.15 3.08 3.11 4.15 4.61 5.70 7.21 8.62 0.00 2.85 3.85 7.02 8.95 6.03 6.79 0.00 0.00 0.00 4.68 5.44 0.00 7.39 7.00 5.47 4.99 5409621
0.00 3.08 4.11 0.00 4.56 4.86 3.22 5.15 3.07 3.11 4.15 4.61 5.71 7.17 8.45 0.00 2.59 3.86 7.02 8.87 6.02 6.88 9.99 4.75 0.00 4.69 5.26 0.00 7.34 7.00 5.73 4.93 5422711
0.00 2.89 4.11 0.00 4.53 4.83 3.22 5.15 3.11 3.19 4.15 4.61 5.71 7.20 8.35 0.00 2.41 4.13 7.03 8.73 5.98 6.90 0.00 4.87 0.00 4.59 5.20 0.00 7.31 7.02 5.42 4.95 5435801
0.00 3.05 4.06 0.00 4.81 4.84 3.18 5.10 3.02 3.06 4.17 4.64 5.74 7.41 8.22 0.00 3.11 3.97 7.06 8.89 6.11 6.90 0.00 4.73 0.00 4.51 5.20 0.00 7.32 7.01 5.20 4.98 5448891
0.00 2.90 4.09 0.00 4.69 4.68 3.26 5.22 3.03 3.02 4.18 4.64 5.61 7.15 8.29 0.00 2.64 3.89 6.96 9.01 5.80 6.95 0.00 5.79 0.00 4.50 5.24 0.00 7.33 6.99 5.17 4.98 5461981
0.00 2.95 4.13 5.78 4.55 4.70 3.39 5.22 3.06 3.02 4.19 4.63 5.55 7.14 8.30 0.00 2.03 3.90 7.04 9.03 5.77 0.00 0.00 4.45 0.00 4.39 5.25 0.00 7.21 7.00 5.67 4.99 5475071
0.00 0.00 4.22 0.00 4.68 4.68 3.25 5.30 3.08 3.01 4.26 4.61 5.86 7.27 8.17 0.00 2.13 3.95 6.57 8.98 6.12 0.00 0.00 4.74 0.00 4.69 5.32 0.00 7.21 7.04 5.31 5.52 5488161
0.00 2.99 4.08 0.00 4.50 4.58 3.46 5.40 3.14 3.01 4.27 4.63 5.88 7.25 8.20 0.00 2.03 3.81 6.54 8.89 6.12 6.94 0.00 3.98 0.00 4.42 5.30 0.00 7.28 6.99 5.35 5.27 5501251
0.00 3.60 4.07 0.00 4.62 4.59 3.21 5.33 3.08 3.05 4.19 4.63 5.77 7.34 8.26 0.00 2.08 3.89 6.84 8.73 5.94 6.37 0.00 3.99 0.00 4.85 5.40 0.00 7.45 7.00 5.27 4.93 5514341
0.00 3.08 4.12 5.83 5.04 4.64 3.14 5.37 3.12 3.01 4.22 4.61 5.65 7.19 8.23 0.00 2.11 4.04 6.51 8.52 6.11 6.88 0.00 4.38 0.00 4.59 5.33 0.00 7.36 6.96 5.43 5.06 5527431
0.00 2.90 4.09 6.05 4.62 4.71 3.40 5.25 3.11 3.04 4.31 4.72 5.68 7.42 8.18 0.00 2.03 3.70 6.67 8.78 6.02 0.00 0.00 4.10 0.00 4.54 5.39 0.00 7.26 6.97 5.10 4.90 5540521
0.00 2.98 4.05 0.00 4.62 4.65 3.31 5.33 3.04 3.17 4.23 4.69 5.75 7.12 8.10 0.00 2.07 3.89 6.46 8.27 5.78 6.20 0.00 3.85 0.00 4.86 5.60 0.00 7.27 6.98 5.11 0.00 5553611
0.00 3.03 4.17 0.00 4.64 4.71 3.52 5.46 3.07 3.18 4.20 4.65 6.34 7.31 8.10 0.00 0.00 3.83 6.76 8.38 5.79 0.00 0.00 4.42 0.00 4.59 5.48 0.00 7.29 0.00 5.10 0.00 5566701
0.00 2.99 4.14 0.00 4.73 4.73 3.46 5.32 3.08 3.21 0.00 4.71 5.82 7.42 8.24 0.00 2.72 3.98 6.54 8.23 5.75 0.00 0.00 4.84 0.00 4.99 5.54 0.00 7.25 6.93 4.95 5.27 5579791
0.00 3.01 4.09 3.62 4.69 4.81 3.35 5.40 2.94 3.18 4.22 4.68 5.74 7.34 8.11 0.00 2.10 4.19 7.11 4.05 5.87 6.48 9.72 4.08 0.00 4.76 5.56 0.00 7.22 6.99 4.98 4.89 5592881
0.00 3.10 4.09 3.19 4.76 4.79 3.60 5.23 2.96 3.11 4.22 4.80 5.88 7.04 8.21 0.00 2.61 3.93 6.02 8.73 5.74 0.00 9.74 4.12 0.00 4.64 5.69 0.00 7.23 7.11 4.84 4.98 5605971
0.00 2.91 4.15 2.91 0.00 4.85 3.41 5.55 2.98 3.15 4.16 5.04 5.91 7.00 8.72 0.00 2.42 4.12 5.98 8.36 5.85 6.54 0.00 4.42 0.00 4.77 5.66 0.00 7.21 6.90 5.09 5.06 5619061
0.00 3.08 4.17 0.00 4.97 4.89 3.26 5.41 2.91 3.05 4.21 4.75 6.18 7.04 8.10 0.00 2.02 4.32 6.85 8.10 5.85 6.21 0.00 4.17 0.00 4.72 5.73 0.00 7.22 6.92 4.76 4.98 5632151
0.00 3.01 4.12 0.00 5.09 4.91 3.43 5.67 2.98 3.12 4.31 4.74 5.96 7.16 8.15 0.00 2.11 3.92 5.50 8.14 6.11 0.00 0.00 0.00 0.00 4.75 5.77 0.00 7.23 7.09 4.69 4.74 5645241
0.00 2.99 4.13 4.25 5.05 4.93 3.43 5.41 2.96 3.13 4.18 4.75 6.03 7.09 8.17 0.00 2.03 3.94 6.59 8.28 5.96 0.00 0.00 4.93 0.00 4.87 5.82 0.00 7.26 6.92 4.72 4.86 5658331
0.00 3.06 4.22 5.67 5.08 5.09 3.35 5.53 2.90 3.16 4.24 4.66 0.00 7.18 8.06 0.00 3.04 3.98 2.54 8.50 5.92 6.91 0.00 3.94 0.00 4.88 5.87 0.00 7.20 7.05 4.73 5.00 5671421
0.00 3.01 4.18 0.00 4.93 5.01 3.45 5.59 2.98 3.17 4.25 4.96 5.99 6.97 8.03 0.00 2.14 3.25 6.50 8.61 0.00 6.32 0.00 4.44 0.00 4.87 5.83 0.00 7.24 7.57 4.68 4.55 5684511
0.00 3.06 4.18 0.00 5.05 5.10 3.52 5.49 2.91 3.13 4.24 5.03 6.00 6.95 8.04 8.13 2.27 3.98 6.45 8.60 5.80 6.22 0.00 5.18 0.00 5.00 5.84 0.00 0.00 6.94 4.46 4.67 5697601
0.00 3.54 4.38 0.00 5.11 5.06 3.65 5.40 2.99 3.05 4.13 4.79 5.82 4.41 8.34 0.00 2.13 3.92 6.63 8.37 6.27 6.26 0.00 4.40 0.00 4.75 5.87 0.00 7.22 6.97 4.61 4.26 5710691
0.00 2.97 4.66 0.00 4.91 5.07 3.30 5.50 3.06 3.02 4.27 4.76 5.84 6.93 7.99 0.00 2.08 3.97 6.75 8.47 5.73 6.61 0.00 4.72 0.00 4.99 5.96 0.00 7.20 6.90 4.60 4.61 5723781
0.00 3.00 4.32 3.13 5.06 5.14 3.91 5.42 2.94 3.01 4.20 4.96 5.92 7.02 8.01 0.00 3.04 3.93 6.48 8.42 6.38 6.24 0.00 4.11 0.00 4.89 6.03 0.00 7.36 6.92 4.41 4.58 5736871
0.00 3.02 4.99 0.00 5.07 5.19 3.48 5.54 3.48 2.93 4.27 4.74 6.14 7.11 8.23 0.00 2.02 3.89 6.63 8.47 5.66 6.20 0.00 4.51 0.00 4.66 5.97 0.00 7.53 6.87 4.31 4.79 5749961
0.00 0.00 4.29 0.00 4.93 5.28 3.27 5.57 3.03 3.02 4.27 4.79 6.20 6.92 7.93 0.00 2.03 3.89 6.71 8.60 5.95 6.22 0.00 4.72 0.00 4.69 5.91 0.00 7.35 6.87 4.32 4.56 5763051
0.00 3.05 4.22 3.16 4.97 5.27 3.44 5.47 3.02 2.97 4.24 4.79 6.19 7.04 0.00 0.00 2.03 3.93 6.71 8.63 5.77 6.28 0.00 4.56 0.00 4.76 6.00 0.00 7.61 6.87 4.37 4.32 5776141
0.00 2.93 4.24 0.00 4.95 5.38 0.00 5.92 3.04 2.97 4.43 4.80 5.89 7.26 7.94 0.00 2.19 4.15 6.77 8.87 5.67 0.00 9.81 4.93 0.00 4.63 6.40 0.00 7.27 6.86 4.36 4.09 5789231
0.00 2.98 4.26 0.00 5.00 5.25 3.31 5.50 3.08 2.98 4.18 4.80 6.23 6.99 7.93 0.00 2.16 3.91 6.97 8.87 5.73 6.11 0.00 4.73 0.00 4.77 5.96 0.00 7.22 6.90 4.56 5.04 5802321
0.00 3.00 4.20 0.00 5.00 5.40 0.00 0.00 3.04 2.90 4.33 4.81 6.13 6.93 7.92 0.00 2.04 3.94 6.71 8.92 5.70 6.16 0.00 4.47 0.00 5.26 5.94 0.00 7.29 6.95 4.52 4.24 5815411
5.48 3.01 4.26 0.00 5.02 5.30 3.69 5.62 3.05 2.87 4.30 4.84 6.07 6.94 8.07 8.21 2.04 3.91 6.77 8.60 5.64 6.36 0.00 4.75 0.00 4.62 6.02 0.00 7.27 7.40 4.27 4.14 5828501
0.00 2.97 4.21 0.00 5.00 5.32 4.04 5.79 3.11 2.87 4.28 4.92 6.06 6.91 7.93 0.00 2.02 3.88 6.68 8.53 5.67 6.36 0.00 4.43 0.00 0.00 6.06 0.00 7.20 6.88 4.43 4.21 5841591
0.00 0.00 4.24 0.00 4.94 5.34 0.00 5.60 3.09 2.86 4.26 4.87 5.96 6.91 7.92 0.00 2.42 3.84 6.56 8.80 5.71 6.10 0.00 5.64 0.00 4.79 6.02 0.00 7.20 6.88 4.53 4.52 5854681
0.00 3.05 4.26 0.00 4.96 5.28 3.82 5.83 3.11 2.88 4.34 4.85 6.02 6.93 8.43 0.00 2.12 4.83 6.79 9.08 5.68 6.58 0.00 0.00 0.00 4.52 6.08 0.00 7.27 6.87 4.21 0.00 5867771
0.00 3.00 4.54 0.00 5.13 5.42 3.86 5.55 3.08 2.88 4.32 4.83 6.32 6.90 7.88 0.00 2.26 3.97 6.83 9.03 5.64 6.35 0.00 5.28 0.00 4.65 6.06 0.00 7.23 6.85 4.76 4.27 5880861
0.00 3.07 4.31 0.00 5.00 5.31 0.00 5.53 3.14 2.94 4.36 4.85 6.06 6.90 8.59 0.00 2.04 4.01 6.39 9.06 5.63 6.35 0.00 5.30 0.00 4.53 6.54 0.00 7.25 6.88 4.46 4.00 5893951
0.00 2.96 0.00 0.00 4.99 5.32 0.00 5.85 3.11 2.90 4.31 4.88 5.95 7.07 0.00 0.00 2.16 4.01 6.80 9.17 5.60 6.78 0.00 4.47 0.00 4.75 6.09 0.00 0.00 0.00 4.28 4.12 5907041
0.00 2.96 4.34 0.00 5.16 5.36 0.00 5.48 3.14 2.94 4.32 4.87 6.11 6.93 8.00 0.00 2.03 4.01 6.59 8.96 5.60 6.09 0.00 4.28 0.00 4.40 6.07 0.00 7.79 7.45 4.30 4.37 5920131
0.00 3.03 4.26 0.00 4.97 5.30 3.92 5.64 3.10 2.92 4.32 4.82 5.94 6.94 8.05 0.00 2.01 4.10 6.74 8.43 5.61 6.08 0.00 0.00 0.00 4.44 6.05 0.00 7.25 7.13 4.20 3.90 5933221
0.00 2.94 4.24 0.00 5.14 5.30 0.00 0.00 3.11 2.95 4.32 4.84 6.29 6.97 8.50 0.00 3.00 4.02 6.75 9.53 5.62 6.07 0.00 4.24 0.00 4.75 6.06 0.00 7.25 7.33 4.20 4.33 5946311
0.00 3.05 4.27 0.00 5.03 5.27 3.76 5.46 3.12 2.99 4.44 4.84 0.00 6.97 7.91 0.00 2.11 4.01 6.89 8.51 5.61 6.10 0.00 0.00 0.00 4.50 6.18 0.00 7.96 7.26 4.05 4.31 5959401
0.00 3.00 4.20 0.00 4.99 5.24 4.03 5.67 3.11 2.90 4.52 4.89 6.10 6.97 7.90 0.00 2.12 4.06 6.91 9.02 5.61 6.12 0.00 5.41 0.00 4.48 6.18 0.00 7.98 7.52 4.06 3.84 5972491
0.00 3.05 4.28 0.00 5.05 5.36 4.07 5.93 3.10 3.00 4.35 4.86 6.05 6.91 7.92 0.00 2.18 3.86 6.92 8.88 5.61 6.83 0.00 0.00 0.00 4.61 6.23 0.00 7.95 0.00 4.07 4.14 5985581
0.00 3.00 4.28 0.00 5.68 5.32 0.00 5.94 3.08 3.02 4.47 4.88 6.20 6.93 7.90 0.00 2.02 4.00 7.18 8.69 5.62 6.10 0.00 0.00 0.00 4.38 6.17 0.00 7.27 0.00 4.07 3.92 5998671
0.00 3.05 4.27 0.00 5.08 5.37 3.71 5.91 3.08 2.90 4.33 4.92 6.06 6.96 7.90 0.00 2.02 4.00 6.92 8.81 5.60 6.44 0.00 0.00 0.00 4.33 6.11 0.00 7.24 6.85 4.15 3.83 6011761
0.00 3.05 4.27 0.00 5.21 5.28 3.79 5.49 3.10 2.91 4.29 4.81 6.29 6.92 7.89 0.00 2.02 3.91 6.88 8.68 5.62 6.09 0.00 5.71 0.00 4.43 6.12 0.00 7.23 6.97 4.16 4.03 6024851
0.00 3.06 4.31 0.00 5.26 5.34 3.76 5.79 3.08 2.92 4.35 4.81 6.16 6.94 7.92 0.00 2.20 4.13 6.64 8.75 5.60 6.39 0.00 0.00 0.00 4.46 6.13 0.00 7.23 7.14 4.05 3.87 6037941
0.00 3.03 0.00 0.00 5.26 5.32 3.75 5.65 3.08 3.02 4.20 4.82 0.00 6.95 7.90 0.00 2.12 3.93 6.92 9.38 5.61 6.13 0.00 5.00 0.00 4.39 6.09 0.00 7.23 6.84 4.31 4.17 6051031
0.00 3.01 4.24 0.00 0.00 5.35 0.00 5.58 3.09 2.94 4.54 4.85 6.03 6.91 7.91 0.00 2.21 3.90 6.95 8.81 5.63 6.12 0.00 4.44 0.00 4.43 6.11 0.00 7.23 7.04 4.02 4.02 6064121
0.00 3.05 4.28 0.00 0.00 5.34 0.00 5.57 3.09 2.92 4.40 4.81 0.00 6.92 7.90 0.00 2.86 3.91 7.19 8.67 5.61 6.44 0.00 4.76 0.00 4.60 6.08 0.00 7.23 6.84 4.36 3.95 6077211
0.00 3.08 4.31 0.00 5.25 5.34 0.00 5.55 3.11 2.92 4.29 4.84 5.96 6.91 7.89 0.00 0.00 0.00 6.86 8.48 5.61 6.36 0.00 0.00 0.00 4.57 6.22 0.00 7.23 6.83 4.13 3.82 6090301
0.00 3.12 4.39 0.00 4.99 5.27 3.78 5.49 3.10 2.92 4.36 4.81 6.18 6.90 7.90 0.00 3.17 4.01 6.79 9.07 5.61 6.44 0.00 0.00 0.00 4.49 6.09 0.00 7.25 6.95 4.38 4.01 6103391
0.00 3.05 4.29 0.00 4.99 5.36 0.00 5.55 3.09 2.92 4.27 4.83 0.00 6.90 7.91 0.00 3.15 3.93 6.99 8.86 5.64 6.47 0.00 0.00 0.00 4.53 6.19 0.00 7.25 6.97 4.27 3.84 6116481
0.00 3.57 4.27 0.00 5.10 5.34 3.80 5.53 3.10 2.94 4.42 4.85 6.32 6.91 7.89 0.00 2.25 4.04 7.06 9.16 5.67 6.34 0.00 4.78 0.00 4.71 6.20 0.00 7.23 7.11 4.28 3.79 6129571
0.00 3.04 4.27 0.00 5.05 5.43 0.00 5.54 3.10 2.93 4.23 4.82 6.64 6.89 7.91 0.00 2.26 3.94 6.97 8.55 5.59 6.37 0.00 4.73 0.00 4.98 6.19 0.00 7.26 6.93 4.19 3.93 6142661
0.00 3.03 4.41 0.00 5.02 5.41 3.81 5.55 3.08 3.02 4.26 4.81 0.00 6.88 7.90 0.00 2.03 4.45 6.98 9.01 5.60 6.29 0.00 4.57 0.00 4.34 6.37 0.00 7.24 0.00 4.27 4.22 6155751
0.00 3.05 4.27 5.96 4.96 5.43 0.00 5.47 3.10 2.92 4.27 4.81 6.41 6.89 7.93 0.00 2.02 4.00 6.94 9.08 5.59 6.36 0.00 4.72 0.00 4.42 6.12 0.00 7.23 0.00 4.20 4.11 6168841
0.00 3.07 4.29 0.00 5.00 5.29 4.08 5.55 3.10 2.92 4.39 4.83 6.07 6.89 7.90 0.00 2.03 4.09 7.52 9.05 5.61 6.72 0.00 4.78 0.00 4.57 6.21 0.00 7.23 6.91 4.02 0.00 6181931
0.00 3.05 4.22 6.08 5.01 5.38 0.00 5.49 3.10 3.03 4.25 4.80 0.00 6.88 7.89 0.00 2.03 3.96 0.00 8.76 5.60 6.73 0.00 4.56 0.00 4.55 6.12 0.00 7.23 0.00 4.10 3.70 6195021
0.00 3.03 4.31 0.00 4.99 5.35 4.09 5.58 3.08 2.92 4.45 4.77 6.75 6.87 7.89 0.00 2.02 3.86 7.00 8.66 5.59 6.53 0.00 4.47 0.00 4.58 6.24 0.00 7.61 6.83 4.24 3.83 6208111
0.00 3.05 4.16 0.00 4.99 5.35 0.00 6.34 3.08 2.95 4.28 4.88 6.01 6.88 7.89 0.00 2.04 4.19 7.64 0.00 5.61 6.34 0.00 4.69 0.00 4.54 6.14 0.00 7.46 6.94 4.07 4.07 6221201
0.00 3.05 4.17 0.00 5.03 5.39 4.01 5.65 3.10 2.92 4.26 4.85 6.00 6.88 7.89 0.00 2.01 3.90 6.96 8.93 5.59 5.85 0.00 5.30 0.00 4.45 6.16 0.00 7.49 6.81 4.10 3.83 6234291
0.00 3.07 4.14 0.00 5.07 5.27 3.59 5.89 3.08 2.99 4.30 4.87 0.00 6.92 7.94 0.00 2.78 3.87 6.73 8.84 5.58 6.93 0.00 4.55 0.00 4.50 6.16 0.00 7.23 7.48 4.20 3.83 6247381
0.00 3.10 4.14 0.00 5.23 5.32 3.57 0.00 3.11 2.95 4.25 4.89 6.02 6.91 7.92 0.00 2.06 3.88 6.81 8.91 5.61 5.78 0.00 4.32 0.00 4.46 6.21 0.00 7.44 6.80 3.84 4.01 6260471
0.00 3.01 4.25 0.00 5.04 5.23 0.00 5.70 3.11 2.54 4.23 5.51 6.05 6.82 7.92 0.00 2.13 4.02 6.69 9.51 5.52 5.90 0.00 4.60 0.00 4.64 6.18 0.00 7.33 6.84 4.17 3.98 6273561
0.00 3.03 4.13 0.00 4.93 5.26 3.58 5.73 3.16 2.82 4.25 4.87 5.92 6.93 8.11 0.00 2.02 4.20 6.77 8.94 5.58 6.19 0.00 4.61 0.00 4.31 6.19 0.00 7.54 6.80 4.05 4.10 6286651
0.00 2.96 4.21 0.00 5.07 5.25 3.38 5.83 3.17 2.82 4.26 4.92 6.05 6.95 7.93 0.00 2.11 4.03 6.72 9.45 5.33 5.60 0.00 4.62 0.00 4.59 6.21 0.00 7.23 6.81 4.17 3.85 6299741
0.00 3.05 4.15 0.00 5.15 5.35 3.24 5.97 3.16 2.80 4.13 4.90 6.26 6.78 7.96 0.00 2.10 4.10 6.62 8.83 5.10 6.31 0.00 4.49 0.00 4.46 6.44 0.00 7.21 6.82 3.95 0.00 6312831
0.00 3.05 4.20 0.00 5.16 5.32 3.31 5.82 2.39 2.83 4.33 4.85 6.25 6.92 7.99 0.00 2.15 4.03 6.66 8.90 5.11 6.09 0.00 4.97 0.00 4.59 6.63 0.00 7.19 6.99 3.79 3.51 6325921
0.00 3.05 4.16 0.00 5.13 5.38 3.32 6.14 3.12 2.88 4.20 5.28 6.10 6.46 7.69 8.20 2.15 3.93 6.90 9.04 5.09 6.34 0.00 5.00 0.00 4.92 6.37 0.00 7.20 6.78 3.62 3.68 6339011
0.00 2.98 4.23 0.00 5.20 5.52 3.35 6.09 3.05 2.81 4.28 4.92 6.25 6.76 8.04 8.40 2.27 3.95 6.54 8.96 5.20 5.66 0.00 3.90 0.00 4.41 6.34 0.00 7.24 6.82 3.86 3.54 6352101
0.00 2.87 4.34 2.79 5.20 5.69 3.16 6.19 3.03 2.84 4.27 4.91 6.13 6.40 7.33 8.07 2.18 3.87 2.34 8.58 4.38 5.66 0.00 4.37 0.00 4.59 6.43 0.00 7.14 3.04 3.72 4.12 6365191
0.00 2.94 4.32 2.74 4.95 5.92 4.05 6.33 2.90 2.82 4.25 4.96 0.00 2.73 7.40 7.74 2.09 4.02 6.71 8.75 4.77 0.00 6.11 3.85 0.00 4.28 6.37 0.00 7.17 6.76 3.52 3.20 6378281
0.00 2.85 4.37 5.83 5.40 3.19 3.26 6.09 2.90 2.96 4.45 4.91 6.00 5.39 6.88 7.78 2.48 3.78 6.95 9.16 4.76 0.00 2.62 3.56 0.00 5.19 6.49 0.00 5.64 6.67 3.43 3.30 6391371
0.00 3.03 4.41 3.33 5.26 6.51 2.76 6.10 2.89 2.91 4.29 4.97 5.78 6.01 7.18 7.46 2.21 3.50 6.73 8.97 4.28 5.54 2.82 4.45 0.00 4.56 6.35 0.00 6.86 6.63 3.36 3.32 6404461
0.00 2.96 4.36 0.00 5.33 6.61 3.41 5.49 2.78 2.17 3.93 4.94 5.88 6.01 6.90 7.14 2.05 3.91 4.87 8.96 4.67 5.48 4.04 3.99 0.00 0.00 6.62 0.00 5.80 6.78 3.33 3.37 6417551
0.00 2.82 4.33 2.54 4.55 5.94 3.65 6.31 2.71 2.29 4.42 4.96 3.60 5.99 6.90 6.87 2.20 3.90 6.47 8.64 3.09 0.00 3.52 4.71 0.00 5.23 6.05 3.62 7.23 6.61 2.29 3.43 6430641
0.00 2.81 4.38 3.33 5.10 6.12 3.38 6.71 2.33 2.94 3.97 5.06 4.70 5.25 6.88 7.12 2.29 3.65 6.31 9.01 4.77 5.47 3.15 4.21 0.00 5.14 5.12 0.00 5.17 3.53 3.32 3.38 6443731
0.00 2.94 4.29 2.78 4.93 6.45 3.20 0.00 2.44 2.81 3.48 4.98 5.15 5.24 6.87 6.81 2.25 4.31 6.71 0.00 4.77 5.99 2.79 4.45 0.00 5.01 5.78 0.00 6.58 4.04 3.29 3.32 6456821
0.00 2.87 4.45 2.51 4.86 3.31 2.37 0.00 2.61 2.56 4.34 5.05 5.07 6.24 6.94 6.74 2.06 3.59 4.75 4.37 4.74 0.00 2.70 2.34 0.00 5.15 6.77 0.00 5.38 2.20 3.24 3.38 6469911
0.00 2.69 4.53 2.86 5.03 2.87 3.48 3.21 2.80 2.40 4.46 5.18 2.52 4.08 7.01 6.66 2.09 3.26 6.68 8.73 3.23 0.00 3.08 0.00 0.00 5.19 5.81 2.74 4.15 5.20 2.49 3.44 6483001
0.00 3.02 4.38 2.34 4.34 4.15 3.32 5.78 2.14 2.42 2.77 5.30 4.79 4.65 7.31 6.65 2.09 3.66 6.61 9.01 3.38 5.45 2.37 3.82 0.00 5.18 5.76 3.13 2.71 4.71 3.19 3.48 6496091
0.00 2.97 4.58 2.22 4.81 4.98 3.57 5.68 2.62 3.10 4.31 5.46 4.79 2.31 7.02 6.79 2.12 3.55 3.81 9.07 4.65 5.46 7.32 3.31 0.00 5.41 3.78 0.00 5.33 3.48 3.33 3.43 6509181
0.00 2.93 4.67 2.24 4.53 4.50 3.07 3.80 2.65 2.40 4.63 5.31 4.48 3.04 7.14 6.80 2.12 3.33 6.53 8.93 3.12 5.80 2.52 4.46 0.00 5.44 7.01 0.00 4.78 2.83 2.77 3.19 6522271
0.00 2.81 3.26 2.97 4.25 4.64 3.53 5.72 2.59 2.92 3.69 5.43 4.60 2.46 5.94 6.76 2.47 3.66 2.83 9.12 4.76 5.64 2.04 4.77 0.00 4.78 7.89 0.00 3.21 5.71 3.21 3.52 6535361
0.00 2.98 4.70 2.89 4.87 4.03 3.46 5.09 2.70 2.31 4.53 5.47 4.60 4.50 7.14 6.77 2.32 3.48 5.95 9.12 2.85 5.38 2.86 4.04 0.00 0.00 7.56 0.00 3.49 5.65 3.12 3.54 6548451
0.00 2.97 4.94 2.99 4.28 4.02 3.26 6.12 2.71 2.96 4.78 5.57 4.65 3.04 7.39 6.92 2.48 3.36 6.64 8.86 4.63 5.50 2.89 4.16 0.00 5.53 5.67 2.47 5.29 3.44 3.14 3.41 6561541
0.00 2.91 4.83 3.05 4.34 5.21 2.53 5.65 2.73 2.64 4.71 5.46 4.28 4.95 7.25 6.95 2.12 3.40 3.18 9.18 3.11 0.00 2.88 4.65 0.00 4.42 3.75 5.81 3.01 2.61 3.17 3.49 6574631
0.00 2.85 4.76 2.58 3.90 4.56 3.34 2.28 2.76 2.53 4.72 5.50 4.90 4.69 0.00 7.04 2.21 3.79 6.58 9.01 4.83 5.61 2.48 3.40 0.00 5.69 8.11 5.72 4.84 5.07 3.20 3.48 6587721
0.00 2.77 4.93 3.13 3.90 4.65 3.01 5.74 2.60 3.00 4.91 5.61 4.59 4.32 7.19 7.12 2.11 3.79 5.64 8.66 4.75 5.55 3.63 5.11 0.00 5.67 7.81 5.78 4.98 5.68 3.12 3.48 6600811
0.00 3.08 4.77 2.68 3.98 4.61 3.61 2.32 2.74 2.64 4.81 5.63 4.74 6.01 7.55 4.26 2.15 3.57 5.03 8.88 2.30 5.77 3.77 2.84 0.00 5.81 7.82 0.00 4.90 5.65 3.28 3.58 6613901
0.00 3.04 4.74 0.00 4.14 4.76 3.30 2.46 2.74 3.08 4.93 5.68 4.67 3.27 7.20 7.10 2.15 3.29 6.31 8.97 4.87 5.57 2.69 2.16 0.00 5.55 7.85 5.51 5.01 5.67 3.47 3.40 6626991
5.26 2.99 4.76 2.89 3.59 4.40 3.30 0.00 2.77 2.92 4.87 5.83 4.51 5.66 7.32 7.16 2.08 3.94 6.49 8.88 4.77 5.52 3.84 4.43 0.00 5.53 5.49 5.40 4.84 5.48 3.27 3.92 6640081
0.00 2.95 4.67 3.21 3.47 4.27 3.14 5.86 2.82 3.07 4.89 5.75 4.56 6.03 7.28 7.31 2.13 3.44 6.86 8.86 4.62 5.77 3.56 2.90 0.00 5.56 7.63 5.91 4.85 5.71 2.73 3.60 6653171
0.00 3.00 4.69 2.99 3.47 4.43 3.20 5.97 2.87 3.01 4.88 5.72 4.71 5.95 7.21 7.46 2.13 3.65 6.41 8.75 4.76 5.92 0.00 5.06 0.00 5.94 6.72 5.59 4.27 5.08 3.21 3.49 6666261
0.00 2.87 4.82 2.76 3.57 4.23 3.10 5.98 2.57 3.01 5.08 5.77 4.51 6.01 7.28 7.29 2.21 3.78 6.70 8.92 4.79 5.61 2.17 4.34 0.00 5.73 7.55 5.06 3.82 5.62 3.19 3.84 6679351
0.00 3.04 4.87 2.56 3.63 4.27 3.54 0.00 2.73 2.68 4.89 5.84 4.70 6.00 7.29 7.56 2.09 3.54 6.56 9.65 4.65 5.64 2.70 4.60 0.00 5.70 6.48 5.20 4.51 5.82 3.17 3.54 6692441
0.00 3.03 4.82 3.25 3.59 4.14 3.65 5.87 2.72 2.90 5.05 5.83 4.59 6.08 7.25 7.40 2.22 3.71 6.94 8.88 4.87 5.65 3.75 3.59 0.00 5.82 7.10 5.11 4.89 5.80 3.22 3.50 6705531
0.00 2.96 4.82 3.12 3.62 4.23 3.31 5.88 2.74 3.07 4.96 5.91 4.69 2.94 7.39 7.39 2.20 3.64 6.47 8.77 4.78 0.00 5.52 4.51 0.00 5.97 6.93 4.80 4.83 5.66 3.20 3.49 6718621
0.00 3.20 4.89 2.82 3.84 4.18 3.35 0.00 2.74 3.14 4.91 5.84 4.75 5.92 7.13 0.00 3.02 3.50 6.42 8.79 4.63 5.60 4.47 4.67 0.00 5.69 7.08 4.70 4.82 5.71 3.17 3.66 6731711
0.00 2.83 4.77 2.93 3.76 4.04 3.70 0.00 2.72 3.14 4.97 5.82 4.48 6.08 7.60 7.78 2.39 3.65 6.49 8.90 4.90 5.68 0.00 0.00 0.00 5.75 7.06 4.96 4.60 5.57 3.24 3.66 6744801
0.00 3.02 4.79 2.92 3.69 4.18 3.37 0.00 2.71 3.02 5.04 5.69 4.62 5.92 7.29 7.55 2.06 3.79 6.82 9.00 4.72 5.78 4.36 5.23 0.00 5.76 7.14 4.67 4.98 5.52 3.24 3.62 6757891
0.00 3.04 4.78 4.06 4.28 3.91 3.29 0.00 2.81 3.19 5.12 5.94 4.62 6.03 7.45 6.93 3.17 3.77 6.57 8.73 4.86 0.00 0.00 5.20 0.00 6.30 6.96 4.76 4.64 5.60 3.20 3.53 6770981
0.00 2.95 4.74 0.00 3.73 3.99 3.52 5.74 2.72 3.09 5.04 5.77 4.85 6.23 7.34 7.45 2.17 3.76 6.69 9.28 4.67 5.80 0.00 4.77 0.00 5.74 7.02 4.67 4.67 5.65 3.28 3.55 6784071
0.00 3.00 4.68 3.25 3.77 4.08 3.32 0.00 2.63 3.25 5.03 5.98 4.71 6.03 7.34 7.43 2.12 3.67 6.17 8.76 4.93 5.69 0.00 5.07 0.00 5.81 6.97 4.88 4.66 5.59 3.28 3.63 6797161
0.00 2.89 4.80 3.08 3.73 4.09 0.00 0.00 2.64 3.13 5.12 5.89 4.74 6.24 7.80 7.43 2.03 3.88 6.22 8.75 4.85 0.00 3.89 0.00 0.00 0.00 7.06 4.45 4.64 5.67 3.21 3.61 6810251
0.00 3.05 4.82 2.78 3.72 4.09 0.00 0.00 2.63 3.19 5.02 6.06 4.89 6.15 7.21 7.53 2.07 3.69 6.25 9.00 4.93 6.09 0.00 0.00 0.00 5.58 7.03 4.92 4.65 5.58 3.21 3.62 6823341
0.00 2.99 4.83 3.03 3.75 4.25 0.00 0.00 2.62 3.08 5.11 5.98 4.61 6.07 7.18 7.48 2.04 3.57 6.82 9.05 4.89 5.80 0.00 4.57 0.00 5.71 6.98 4.56 4.63 5.94 3.41 3.57 6836431
0.00 2.90 4.73 2.73 3.74 4.25 0.00 0.00 2.56 3.16 5.15 5.86 4.68 6.17 7.22 7.60 2.07 3.63 6.26 8.57 4.97 0.00 4.26 0.00 0.00 5.68 7.06 4.59 4.70 5.86 3.26 3.59 6849521
0.00 3.03 4.73 0.00 3.71 4.11 0.00 5.72 2.57 3.05 5.12 5.95 4.64 6.20 7.06 7.68 0.00 3.60 6.26 8.61 4.83 5.83 0.00 4.72 0.00 5.67 7.05 4.69 4.64 5.59 3.20 3.79 6862611
0.00 3.02 5.01 3.12 3.59 4.26 3.37 6.42 2.56 3.12 5.06 5.92 4.69 6.30 7.16 7.63 0.00 3.97 6.63 8.58 4.84 0.00 0.00 5.00 0.00 5.81 6.89 0.00 4.64 5.63 3.23 3.67 6875701
0.00 3.01 4.93 2.95 3.51 4.29 3.54 6.44 2.59 3.23 5.29 5.93 4.84 6.34 7.21 7.75 0.00 3.64 6.78 9.09 4.90 5.87 0.00 4.47 0.00 5.75 6.96 5.21 4.71 5.57 3.21 3.65 6888791
0.00 3.02 4.80 0.00 3.29 4.21 0.00 0.00 2.68 3.16 5.05 5.92 4.73 6.25 7.18 7.53 3.05 3.83 6.70 8.89 4.85 5.71 0.00 4.76 0.00 0.00 7.05 4.15 4.62 5.56 3.20 3.58 6901881
0.00 2.94 4.80 3.10 3.20 4.13 3.47 6.00 2.61 3.13 5.16 6.02 4.86 6.29 7.11 7.71 2.06 3.64 6.41 8.96 4.93 5.86 0.00 4.23 0.00 6.26 6.86 4.46 4.68 5.67 3.54 4.29 6914971
0.00 2.89 4.81 3.07 3.20 4.24 0.00 0.00 2.59 3.10 5.11 6.03 4.77 6.27 7.26 7.49 0.00 3.56 6.61 8.65 4.84 0.00 0.00 4.62 0.00 5.86 6.93 4.49 4.68 5.53 3.24 3.65 6928061
0.00 3.03 4.78 3.05 3.21 4.13 4.07 6.47 2.57 3.16 5.17 5.90 4.72 6.33 7.02 8.14 2.04 3.60 6.93 8.76 4.84 5.92 0.00 0.00 0.00 5.56 6.85 4.04 4.73 5.56 3.22 3.64 6941151
0.00 3.03 4.95 2.80 3.15 4.38 0.00 0.00 2.55 3.11 5.14 5.91 5.06 6.15 7.11 7.73 2.93 3.79 7.03 8.86 4.83 0.00 0.00 5.44 0.00 5.66 6.84 4.05 4.68 5.49 3.30 3.63 6954241
0.00 3.01 4.76 3.20 3.22 4.06 0.00 5.73 2.57 3.19 5.10 5.91 4.83 6.25 7.11 7.50 2.82 3.86 0.00 9.24 4.80 5.88 0.00 0.00 0.00 5.59 6.79 3.97 4.62 5.96 3.23 3.69 6967331
0.00 3.01 4.83 3.01 3.16 3.83 0.00 0.00 2.67 3.10 5.10 5.97 4.78 6.15 7.09 8.16 0.00 3.59 6.72 9.15 4.89 0.00 0.00 4.58 0.00 5.75 6.88 4.08 4.59 5.47 3.43 3.56 6980421
0.00 3.04 4.84 3.03 3.16 3.74 0.00 6.27 2.63 3.17 5.23 5.93 4.83 6.17 7.40 7.69 0.00 3.55 6.70 8.91 5.54 5.79 0.00 5.11 0.00 0.00 6.97 4.37 4.66 5.55 3.27 3.59 6993511
0.00 3.02 5.00 2.82 3.19 3.81 3.36 0.00 2.54 3.04 5.36 5.95 5.04 6.14 6.97 8.26 0.00 3.71 6.98 8.90 4.82 5.69 0.00 0.00 0.00 5.80 6.90 4.43 4.57 5.87 3.24 3.65 7006601
0.00 3.04 4.75 2.99 3.23 3.79 0.00 6.43 2.57 3.00 5.13 6.01 0.00 6.16 7.01 7.52 2.89 3.61 6.61 8.76 4.90 0.00 0.00 0.00 0.00 0.00 6.86 4.12 4.66 5.56 3.27 4.11 7019691
0.00 3.01 4.83 0.00 3.59 4.00 0.00 6.38 2.62 3.15 5.22 6.11 4.87 6.16 6.97 7.49 0.00 3.72 6.51 0.00 4.87 0.00 0.00 4.88 0.00 5.83 7.39 4.15 4.57 5.58 3.31 3.57 7032781
0.00 3.06 4.90 2.82 3.24 3.83 0.00 5.62 2.63 3.10 5.10 6.09 4.87 6.15 7.46 7.56 2.88 4.00 6.76 8.76 4.89 5.71 0.00 4.76 0.00 0.00 6.97 4.37 4.54 5.61 3.26 3.55 7045871
0.00 3.02 4.77 2.97 3.27 3.71 0.00 0.00 2.65 2.97 5.32 6.10 4.76 6.38 7.21 7.58 2.91 4.15 7.33 9.23 4.88 5.70 5.43 4.57 0.00 5.60 7.01 3.79 4.55 5.58 3.31 3.93 7058961
0.00 3.01 4.80 0.00 3.21 3.48 3.29 5.83 2.52 3.09 5.20 5.97 5.09 6.41 7.18 7.57 2.40 3.68 6.73 8.62 4.86 5.63 0.00 4.45 0.00 5.52 6.93 4.19 4.56 5.52 3.26 3.96 7072051
0.00 3.03 4.88 0.00 0.00 3.56 0.00 0.00 2.59 3.14 5.18 5.98 4.89 6.38 7.22 8.22 0.00 3.68 6.57 8.89 4.77 5.71 0.00 4.43 0.00 5.47 6.89 3.89 4.78 6.02 3.32 3.54 7085141
0.00 3.01 4.78 2.97 3.18 3.71 0.00 6.14 2.58 3.14 5.27 5.96 5.26 6.19 7.31 7.67 0.00 3.65 6.47 8.80 4.85 5.69 0.00 5.16 0.00 5.64 7.01 0.00 4.59 5.59 3.30 3.58 7098231
0.00 3.00 4.85 0.00 3.26 3.57 0.00 6.04 2.55 3.19 5.20 6.00 5.12 7.02 7.07 7.71 0.00 3.87 6.54 8.71 4.91 0.00 0.00 4.46 0.00 5.56 6.92 4.01 4.65 5.60 3.29 3.64 7111321
0.00 3.01 4.84 3.07 3.21 3.83 0.00 0.00 2.57 3.16 5.30 5.97 4.81 6.16 7.39 7.62 2.87 3.93 6.60 8.79 4.72 5.68 0.00 4.47 0.00 5.49 7.13 3.97 4.60 5.56 3.29 3.57 7124411
0.00 3.03 4.84 2.81 3.25 3.72 0.00 6.00 2.56 3.16 5.27 6.02 4.73 6.22 7.36 7.74 2.57 3.76 6.57 8.70 4.93 0.00 0.00 5.23 0.00 5.90 6.89 4.45 4.61 5.56 3.40 3.85 7137501
0.00 3.02 4.82 2.97 3.24 4.03 0.00 6.93 2.60 3.15 5.33 6.04 4.85 6.34 7.61 0.00 2.26 3.85 6.90 8.97 4.97 5.93 0.00 0.00 0.00 5.36 6.80 3.87 4.54 5.66 3.32 3.55 7150591
0.00 3.03 4.83 3.08 3.22 3.46 0.00 0.00 2.54 3.10 5.28 6.16 4.69 6.41 6.99 7.79 0.00 4.17 6.91 8.80 4.83 0.00 0.00 4.47 0.00 5.35 6.84 4.00 4.55 5.72 3.34 3.56 7163681
0.00 3.04 4.98 3.04 3.27 3.40 0.00 0.00 2.55 3.08 5.38 5.99 4.85 6.20 7.20 7.80 0.00 3.86 6.51 8.81 5.24 5.77 0.00 0.00 0.00 5.60 6.84 3.90 4.66 5.57 3.63 3.60 7176771
0.00 3.00 4.85 2.97 3.23 3.37 0.00 6.49 2.63 3.21 5.50 5.94 4.84 6.17 7.05 7.82 3.23 3.71 6.49 8.82 5.11 0.00 0.00 0.00 0.00 6.00 6.87 3.75 4.58 5.64 3.34 3.64 7189861
0.00 3.03 4.89 2.95 3.21 3.45 0.00 6.66 2.57 3.15 5.29 6.76 4.80 6.22 7.24 7.83 0.00 3.80 6.60 8.78 4.92 5.67 0.00 4.41 0.00 0.00 7.01 4.09 4.61 5.88 3.30 3.59 7202951
0.00 3.01 4.94 3.07 3.38 3.34 0.00 6.35 2.58 3.21 5.29 6.05 4.79 6.26 6.99 0.00 0.00 3.71 6.68 8.79 4.89 5.74 0.00 0.00 0.00 5.54 6.94 3.75 4.68 5.53 3.33 4.00 7216041
0.00 3.01 5.42 2.96 3.36 3.33 0.00 6.10 2.55 2.68 5.34 6.07 4.76 6.44 7.12 7.61 0.00 3.69 6.79 8.82 5.10 5.79 0.00 0.00 0.00 5.71 7.11 3.74 4.55 5.58 3.33 3.61 7229131
0.00 3.01 4.95 2.99 3.37 3.45 0.00 5.80 2.50 3.35 5.27 6.03 4.75 6.36 7.39 0.00 2.77 3.88 6.57 8.84 4.84 5.74 0.00 0.00 0.00 5.39 6.82 3.70 4.94 5.58 3.38 3.62 7242221
0.00 3.02 4.93 2.82 3.32 3.35 3.57 6.32 2.50 3.22 5.52 6.04 4.88 6.30 7.12 7.71 3.23 3.95 6.68 8.93 5.03 5.79 0.00 0.00 0.00 5.53 7.03 3.85 4.59 6.28 3.37 3.55 7255311
0.00 3.01 4.99 2.79 3.27 3.56 0.00 0.00 2.48 3.23 5.32 0.00 4.95 6.33 7.13 7.58 2.21 3.61 7.04 8.88 4.86 0.00 0.00 0.00 0.00 5.72 6.91 3.62 4.58 5.56 3.29 3.61 7268401
0.00 3.01 4.96 2.82 3.31 3.44 0.00 5.85 2.57 3.15 5.37 6.14 4.85 6.29 7.49 7.59 2.84 3.84 6.34 8.74 5.11 5.98 0.00 4.29 0.00 0.00 6.94 3.63 4.70 5.63 3.29 3.65 7281491
0.00 3.03 4.89 2.84 3.26 3.33 0.00 5.67 2.51 3.23 5.40 6.12 5.38 6.30 7.07 8.32 0.00 4.01 6.49 8.90 4.93 5.77 0.00 4.33 0.00 5.56 7.11 3.81 4.69 5.52 3.35 3.69 7294581
0.00 2.99 4.82 2.86 3.31 3.32 3.49 5.99 2.57 3.16 5.41 6.09 4.97 6.55 7.13 7.65 3.14 3.57 7.36 8.90 4.89 0.00 0.00 0.00 0.00 5.43 7.00 3.67 4.72 5.72 3.36 3.67 7307671
0.00 3.02 4.93 3.11 3.34 3.25 0.00 5.93 2.52 3.22 5.39 6.16 5.25 6.38 7.17 7.69 2.78 3.43 6.58 8.80 4.95 5.89 0.00 4.38 0.00 6.09 6.98 4.06 4.72 5.59 3.30 3.67 7320761
0.00 3.01 4.81 2.95 3.24 3.34 3.53 5.79 2.50 3.34 5.36 6.33 5.22 6.50 7.24 7.68 2.29 3.50 6.70 8.85 4.95 0.00 3.95 0.00 0.00 5.32 6.93 3.76 4.64 5.52 3.37 3.63 7333851
0.00 2.87 5.00 2.79 3.25 3.29 3.81 6.04 2.52 3.12 5.38 6.32 5.40 6.31 7.31 7.72 2.94 3.36 6.83 8.89 5.19 5.91 0.00 4.76 0.00 5.54 6.85 3.63 4.59 5.56 3.31 3.57 7346941
0.00 3.01 5.09 3.00 3.25 3.29 3.28 5.69 2.53 3.39 5.49 6.17 5.78 6.10 7.04 7.66 2.83 3.47 6.60 0.00 4.96 5.99 4.51 4.44 0.00 5.43 7.02 3.76 4.63 5.48 3.31 3.69 7360031
0.00 2.99 5.12 3.03 3.27 3.24 3.08 5.45 2.65 3.18 4.56 6.32 5.26 6.51 7.13 7.71 2.14 3.64 6.86 9.08 4.86 5.90 3.91 2.64 0.00 5.38 7.01 4.19 4.79 5.57 3.27 3.75 7373121
0.00 3.01 5.04 3.03 3.25 3.26 3.32 5.63 2.62 3.37 5.54 6.34 5.23 6.52 7.25 7.68 2.14 3.50 6.53 8.96 4.99 5.83 5.34 0.00 0.00 5.60 6.76 3.88 4.71 5.41 3.52 3.87 7386211
0.00 2.89 0.00 3.30 3.31 3.24 3.05 5.39 2.62 3.02 5.80 6.30 5.01 6.42 7.27 8.08 2.50 3.38 6.94 9.17 4.97 6.00 2.18 4.04 0.00 5.36 6.93 3.86 4.32 5.61 3.29 4.42 7399301
0.00 2.94 5.13 0.00 3.39 3.30 2.84 4.60 2.34 3.31 5.71 6.33 5.33 6.46 7.40 8.08 2.05 3.84 7.06 8.80 4.74 5.82 4.19 0.00 0.00 5.28 6.93 3.77 4.95 5.48 3.32 3.66 7412391
0.00 3.02 5.24 2.57 3.35 3.26 3.40 2.90 2.59 2.49 5.78 6.51 5.45 5.94 7.37 7.88 0.00 3.50 5.11 9.23 4.84 6.07 4.51 0.00 0.00 5.60 5.68 4.10 4.73 5.62 3.45 3.70 7425481
4.31 3.05 5.14 2.43 3.50 3.36 3.51 5.15 2.52 2.67 5.77 6.56 5.47 4.93 7.27 8.05 2.71 3.30 7.08 8.95 3.51 6.09 2.17 3.38 0.00 5.99 6.75 4.36 4.83 5.53 3.20 3.69 7438571
0.00 3.00 5.12 3.05 3.57 3.31 2.75 4.28 2.67 2.59 5.75 6.55 5.65 2.39 7.39 6.94 2.51 4.05 7.10 9.02 4.78 0.00 3.11 0.00 0.00 5.81 6.59 0.00 3.04 5.56 3.47 3.73 7451661
4.67 2.95 5.30 2.20 3.48 3.33 3.38 4.31 2.57 3.73 6.01 6.65 5.30 3.52 0.00 4.86 2.05 3.82 6.04 9.35 3.06 0.00 5.10 4.77 0.00 5.68 6.18 4.17 4.77 5.51 3.48 3.72 7464751
5.39 3.02 4.73 2.44 3.63 3.39 3.26 2.48 2.77 2.21 6.03 6.71 5.49 5.62 5.76 3.63 2.24 3.54 6.88 9.04 2.91 0.00 3.13 3.33 0.00 0.00 3.36 4.33 3.44 5.06 3.21 3.97 7477841
3.88 2.98 5.13 3.36 3.62 3.54 2.40 3.91 2.58 2.51 3.10 6.67 5.42 3.89 7.67 0.00 2.50 3.75 6.29 9.13 2.33 6.19 3.45 2.47 0.00 5.79 6.47 4.52 4.72 4.58 3.30 3.42 7490931
3.25 2.64 4.34 2.21 3.78 3.54 2.82 3.87 2.54 2.31 4.58 6.92 6.06 2.92 7.39 2.56 2.80 3.48 6.96 7.40 2.67 0.00 3.66 0.00 0.00 5.03 3.17 4.31 4.34 5.89 3.07 3.81 7504021
4.42 2.30 4.93 2.49 2.26 3.07 2.71 3.96 2.59 2.68 6.41 6.23 6.07 3.33 7.77 3.38 2.17 3.92 4.31 8.95 2.17 0.00 4.75 2.91 0.00 2.57 3.69 2.82 2.97 5.66 2.95 3.73 7517111
5.62 2.52 5.14 3.07 3.93 2.66 2.66 3.85 2.49 2.14 6.22 3.01 5.25 3.64 4.59 7.90 2.04 3.61 3.55 2.78 3.75 2.94 2.72 2.17 0.00 2.40 4.95 4.70 2.93 3.77 3.48 3.62 7530201
4.31 2.79 4.81 2.26 4.04 2.64 2.82 4.28 2.91 2.31 6.30 3.10 2.29 2.78 3.59 7.63 2.06 3.70 4.46 8.97 3.61 0.00 2.60 2.80 0.00 2.07 3.22 2.73 3.29 3.03 3.25 3.17 7543291
4.21 2.56 4.66 2.30 4.04 2.90 3.41 3.15 2.61 2.44 3.71 7.18 2.80 2.67 6.68 4.19 2.05 3.34 4.93 2.48 4.50 0.00 2.94 0.00 0.00 5.55 2.89 4.58 2.57 2.32 2.71 2.34 7556381
4.15 2.58 4.90 2.33 4.17 3.01 3.00 3.18 2.63 2.21 3.90 3.40 4.13 2.77 3.48 4.78 2.18 2.87 4.79 0.00 2.35 0.00 2.80 3.62 0.00 2.76 2.67 0.00 3.78 5.07 2.37 4.32 7569471
2.40 2.22 4.81 2.45 4.07 2.78 3.01 4.63 2.44 2.83 3.50 7.59 3.75 2.62 2.22 2.40 2.10 3.16 3.62 0.00 2.52 3.35 3.01 2.43 0.00 2.51 3.40 2.78 3.02 2.26 2.70 4.36 7582561
2.40 2.84 2.84 2.25 3.61 3.32 3.12 4.19 3.38 2.49 3.55 0.00 4.25 3.26 2.85 3.04 2.10 2.45 2.50 7.40 2.61 0.00 2.35 3.99 0.00 5.43 2.58 0.00 2.55 2.24 2.84 4.62 7595651
4.89 2.71 4.25 2.74 2.53 2.88 2.63 3.90 2.21 2.29 2.60 6.74 2.42 2.37 2.15 4.24 2.12 3.38 2.75 0.00 3.63 0.00 4.02 2.72 0.00 3.06 3.09 2.39 2.36 4.54 2.89 3.64 7608741
3.86 2.72 4.29 2.54 4.01 3.23 3.28 3.08 3.23 2.29 2.62 7.44 4.73 2.74 2.21 3.34 2.40 3.27 2.46 3.95 2.48 6.52 3.52 3.90 0.00 3.01 3.43 0.00 4.66 3.09 2.87 3.17 7621831
4.88 2.69 4.99 3.00 4.10 2.48 3.21 4.97 3.27 2.45 2.84 7.53 4.90 2.64 6.37 5.01 2.05 3.88 4.10 9.47 2.52 0.00 2.82 3.08 0.00 3.60 2.39 5.43 6.05 5.66 2.66 4.50 7634921
4.60 2.84 4.39 2.57 4.00 2.69 3.40 4.87 3.23 2.37 2.45 7.53 4.86 2.97 6.06 6.23 2.36 3.59 5.93 0.00 4.79 6.44 5.23 4.06 0.00 0.00 3.37 5.38 4.26 2.63 4.18 4.56 7648011
4.18 2.99 4.97 3.01 4.39 2.85 3.34 4.94 3.53 2.68 7.43 0.00 4.65 5.37 5.81 6.05 2.92 2.88 5.84 9.06 3.44 6.64 3.44 3.95 0.00 4.82 4.68 5.37 4.73 5.87 4.28 3.64 7661101
4.33 2.63 5.17 2.73 3.97 3.92 3.17 5.09 2.88 2.85 6.49 0.00 4.66 3.17 5.37 6.04 2.17 3.78 5.12 0.00 4.69 0.00 3.96 4.20 0.00 4.45 3.68 5.44 4.55 4.73 3.50 4.57 7674191
4.48 3.00 3.18 2.61 4.03 2.93 3.29 5.19 3.58 2.64 4.48 7.85 4.78 4.78 6.03 3.85 2.89 3.98 4.96 7.70 3.38 0.00 2.19 2.95 0.00 4.51 3.27 5.45 5.19 5.04 3.96 4.64 7687281
4.66 2.85 4.50 2.62 4.09 3.83 3.55 4.95 3.59 3.17 7.21 7.65 4.86 3.45 5.81 6.02 2.81 3.83 6.47 8.85 5.49 6.47 3.19 4.81 0.00 4.11 3.55 5.23 2.49 6.22 4.05 4.74 7700371
4.56 3.03 4.64 2.88 3.77 3.59 3.17 4.97 3.68 4.07 7.24 7.81 4.69 4.49 5.99 5.91 2.07 4.03 7.07 9.33 4.90 6.36 4.02 0.00 0.00 4.07 4.99 5.21 5.16 4.22 4.29 4.62 7713461
4.51 3.02 5.04 2.46 4.08 3.90 3.20 5.18 3.25 4.24 6.57 8.32 4.84 4.67 5.96 5.95 2.18 3.06 6.58 8.62 5.51 6.88 2.81 3.93 0.00 4.07 4.03 5.70 6.13 6.13 4.35 5.44 7726551
5.34 2.85 5.08 2.48 4.06 3.85 3.58 5.17 3.98 4.09 7.35 0.00 4.88 4.41 5.99 6.03 2.16 3.76 6.61 9.34 4.98 6.44 7.56 0.00 0.00 4.12 4.60 5.50 6.27 6.16 3.80 5.03 7739641
4.36 3.03 0.00 0.00 4.01 3.85 3.44 5.02 4.11 2.45 5.47 7.66 4.64 4.83 5.94 6.01 2.03 4.05 6.55 8.55 5.41 6.63 9.79 4.29 0.00 3.84 4.59 5.25 6.31 6.17 4.39 4.70 7752731
4.66 2.84 4.97 2.39 4.01 3.85 3.32 5.21 3.99 5.38 6.86 7.92 4.67 4.50 5.96 6.03 2.44 3.85 4.49 9.09 5.45 6.37 0.00 0.00 0.00 3.74 4.48 0.00 6.25 0.00 4.47 4.89 7765821
0.00 2.94 5.02 2.96 4.26 3.89 3.20 5.14 4.11 3.94 7.02 7.98 4.61 2.98 6.04 6.34 2.24 3.72 6.57 8.68 5.49 6.36 0.00 0.00 0.00 3.61 3.75 0.00 6.20 6.18 4.45 3.97 7778911
4.40 3.01 5.19 2.68 3.93 4.00 3.63 5.15 3.98 4.66 7.04 7.84 4.59 5.26 5.96 5.23 3.08 3.98 6.56 8.74 5.31 0.00 0.00 0.00 0.00 4.05 4.38 5.62 6.13 6.24 4.42 4.76 7792001
4.37 2.96 5.11 3.01 3.86 3.88 3.53 5.11 4.01 5.13 7.12 8.09 4.63 5.24 5.98 5.97 2.18 3.12 6.61 9.04 5.42 6.38 0.00 0.00 0.00 3.86 4.35 5.94 6.18 6.29 3.95 4.76 7805091
4.43 3.00 5.07 3.35 3.89 3.92 3.25 5.28 4.21 4.64 7.08 7.94 4.64 4.89 5.90 5.92 2.07 2.88 6.65 8.96 5.62 0.00 0.00 4.21 0.00 3.95 4.39 5.55 6.18 6.56 4.39 4.80 7818181
4.31 3.01 5.43 3.81 3.98 3.84 3.51 5.31 4.02 4.85 7.04 0.00 4.74 3.95 5.95 6.73 2.61 3.52 6.95 8.95 5.59 6.44 9.81 5.30 0.00 3.49 4.28 5.55 6.31 6.28 4.43 4.97 7831271
4.31 2.97 5.21 3.09 4.33 3.88 3.36 5.17 4.00 4.02 7.00 7.81 4.57 5.18 5.75 5.97 2.25 3.92 6.52 8.68 5.61 6.26 0.00 4.62 0.00 3.26 3.87 0.00 6.17 6.62 4.47 4.89 7844361
4.30 3.01 5.06 2.99 3.98 3.77 3.79 5.22 4.23 3.96 6.85 8.32 4.78 4.23 6.05 6.10 2.31 3.71 6.72 8.90 5.44 6.39 0.00 0.00 0.00 3.20 3.96 0.00 6.17 6.53 4.52 4.80 7857451
4.10 3.03 4.70 3.07 3.89 3.75 3.74 5.13 4.20 5.00 6.93 7.68 4.64 5.11 5.87 6.18 2.06 3.78 6.84 9.05 5.56 6.27 0.00 4.25 0.00 3.48 3.82 5.70 6.20 6.48 4.72 5.47 7870541
4.32 2.86 5.23 2.95 3.86 3.57 3.47 5.14 4.03 5.61 7.28 8.19 4.60 2.48 5.92 6.11 2.20 3.65 6.74 8.88 5.74 0.00 9.84 4.86 0.00 3.16 3.51 0.00 6.20 6.51 4.52 5.01 7883631
3.88 3.04 4.82 0.00 3.92 3.65 3.15 5.30 4.23 5.68 6.99 7.84 4.69 5.05 5.82 6.27 0.00 3.96 6.91 8.13 5.61 0.00 9.36 4.98 0.00 3.31 3.56 0.00 4.98 6.49 4.62 4.90 7896721
3.56 2.96 5.06 3.46 3.88 3.63 3.50 5.41 4.34 5.66 6.84 8.27 4.56 5.04 5.86 6.13 2.04 3.70 6.84 8.62 3.42 6.25 0.00 4.86 0.00 3.08 3.54 5.69 6.19 6.77 4.70 4.92 7909811
3.88 3.02 5.02 3.05 4.00 3.56 3.17 5.23 4.27 5.56 6.81 0.00 4.75 5.11 5.80 6.22 2.17 3.46 7.31 8.91 5.75 6.30 0.00 4.61 0.00 3.12 3.87 5.71 6.41 6.32 4.55 5.04 7922901
3.90 3.01 4.83 2.44 3.83 3.55 0.00 5.14 4.23 5.65 6.81 7.61 4.65 4.99 5.79 6.38 2.16 3.64 7.21 8.28 5.74 0.00 0.00 4.39 0.00 3.12 3.73 0.00 4.60 6.58 4.63 4.97 7935991
4.16 3.00 4.92 2.44 4.02 3.49 3.51 5.59 4.45 4.31 6.92 8.42 4.62 5.02 5.81 6.22 2.09 3.66 7.15 8.36 5.53 6.26 0.00 4.66 0.00 3.11 3.60 0.00 6.37 6.40 4.76 5.01 7949081
4.38 2.92 5.19 2.95 3.83 3.51 0.00 5.36 4.48 5.79 6.92 7.73 4.74 5.02 5.90 6.47 2.04 3.82 6.64 8.46 5.67 0.00 0.00 4.35 0.00 3.13 3.63 5.57 6.33 6.32 4.69 5.04 7962171
4.20 2.93 5.15 0.00 4.05 3.51 4.04 5.19 4.37 5.68 6.99 7.84 4.76 5.19 5.69 6.31 2.12 3.72 6.73 8.36 5.63 6.30 0.00 4.26 0.00 3.17 3.50 0.00 6.22 6.46 4.62 4.95 7975261
4.22 2.93 4.99 3.17 3.90 3.60 3.30 5.25 4.18 5.72 6.87 0.00 5.35 5.03 5.76 6.32 2.05 3.76 6.66 8.46 5.56 6.29 0.00 4.44 0.00 3.23 3.42 6.05 6.23 6.43 4.72 4.97 7988351
4.08 3.04 5.05 3.20 3.91 3.44 0.00 5.30 4.31 5.72 6.94 0.00 4.62 5.08 5.83 6.28 2.12 3.77 6.65 8.51 5.76 0.00 0.00 4.53 0.00 3.26 3.43 0.00 6.31 7.03 4.72 0.00 8001441
4.03 3.05 5.01 0.00 3.85 3.54 3.32 5.70 4.26 5.76 6.78 7.71 4.72 5.01 5.76 6.36 2.14 3.98 6.59 9.04 5.68 6.23 0.00 4.48 0.00 3.40 3.31 5.74 6.23 6.33 4.70 5.22 8014531
4.07 3.01 5.47 0.00 3.92 3.45 0.00 5.23 4.25 5.74 6.72 0.00 4.82 4.99 5.79 6.41 2.02 3.90 6.62 9.04 5.69 6.90 0.00 4.90 0.00 3.35 3.51 0.00 6.80 6.31 4.90 0.00 8027621
4.21 2.88 4.96 3.36 3.88 3.44 4.02 5.19 4.41 5.81 7.02 0.00 4.90 5.01 5.75 6.46 2.01 3.96 6.63 8.46 5.67 0.00 0.00 4.97 0.00 3.32 3.35 0.00 6.75 6.32 4.76 5.03 8040711
4.51 2.92 4.95 0.00 3.92 3.45 0.00 5.35 4.50 5.81 7.06 7.67 4.72 5.04 6.54 6.34 2.01 3.93 6.69 9.03 5.76 6.80 0.00 0.00 0.00 3.77 3.30 0.00 6.23 6.31 4.70 5.05 8053801
3.97 3.01 5.43 3.07 4.03 3.45 0.00 5.31 4.33 5.68 6.91 0.00 4.66 4.99 5.91 6.33 2.01 3.92 6.60 8.66 6.39 0.00 0.00 5.57 0.00 3.30 3.32 0.00 6.38 6.40 4.75 4.97 8066891
4.87 2.99 5.17 0.00 3.93 3.46 3.68 5.39 4.51 5.80 6.80 0.00 4.79 5.02 5.70 6.32 2.01 4.11 6.66 8.21 5.59 6.87 0.00 0.00 0.00 3.30 3.34 0.00 6.37 6.38 4.90 5.03 8079981
4.03 2.94 5.15 0.00 3.97 3.63 0.00 5.18 4.56 5.84 6.89 0.00 4.86 5.00 5.85 6.33 2.02 4.01 6.66 0.00 6.17 6.40 0.00 0.00 0.00 3.30 3.42 5.92 6.26 6.33 4.80 5.48 8093071
4.25 2.87 4.93 2.89 3.96 3.48 0.00 0.00 4.52 5.77 6.80 0.00 5.11 4.98 6.09 6.35 2.01 3.94 6.72 8.28 5.67 6.72 0.00 0.00 0.00 3.34 3.35 5.85 6.34 6.29 4.80 4.98 8106161
3.98 2.90 4.93 0.00 3.94 3.45 0.00 5.38 4.34 5.95 6.90 0.00 5.16 4.95 5.73 6.54 2.01 4.11 0.00 0.00 5.83 0.00 0.00 0.00 0.00 3.39 3.36 0.00 6.41 6.31 4.79 0.00 8119251
4.36 2.95 4.89 0.00 3.98 3.48 0.00 5.30 4.25 5.78 6.76 0.00 0.00 5.04 5.86 6.34 2.02 0.00 6.57 8.29 5.66 0.00 0.00 0.00 0.00 3.38 3.36 0.00 6.28 6.31 4.70 0.00 8132341
0.00 2.95 5.20 0.00 3.96 3.45 0.00 5.34 4.27 5.75 6.72 0.00 4.58 5.00 5.83 6.39 2.01 4.00 6.51 8.74 5.64 6.26 0.00 5.55 0.00 3.57 3.31 0.00 6.34 6.29 4.69 4.93 8145431
4.29 2.94 5.13 0.00 3.90 3.46 0.00 5.37 4.27 5.81 6.74 7.69 4.58 4.97 5.90 6.86 2.02 4.20 6.62 9.04 5.63 6.23 0.00 4.65 0.00 0.00 3.31 0.00 6.32 6.33 4.77 0.00 8158521
4.46 2.95 5.06 0.00 3.91 3.49 0.00 5.40 4.49 5.79 6.81 0.00 4.48 5.07 5.72 0.00 2.01 4.10 6.56 8.32 5.63 0.00 0.00 0.00 0.00 3.36 3.38 0.00 6.25 6.32 4.81 5.00 8171611
3.98 3.09 5.10 0.00 3.89 4.25 0.00 5.29 4.34 6.31 6.83 0.00 4.44 5.19 5.86 7.04 2.02 3.97 6.50 8.17 5.58 0.00 0.00 4.65 0.00 3.34 3.34 0.00 6.26 6.35 4.88 5.01 8184701
4.53 3.10 5.12 0.00 3.90 3.48 0.00 5.63 4.30 5.89 6.87 0.00 4.45 4.96 5.84 7.04 2.01 3.91 6.62 8.68 5.69 0.00 0.00 4.82 0.00 0.00 3.35 0.00 6.27 6.34 4.85 4.95 8197791
4.03 2.98 5.09 3.42 3.96 3.49 0.00 5.73 4.33 5.82 6.89 0.00 4.44 5.02 5.99 6.34 2.04 3.92 6.50 8.96 5.72 0.00 0.00 4.84 0.00 3.35 3.37 0.00 6.28 6.34 4.86 5.02 8210881
4.00 3.15 0.00 0.00 3.98 3.47 0.00 5.27 4.60 5.85 6.81 0.00 4.43 4.98 5.78 7.05 2.28 3.94 6.80 8.63 5.69 6.89 0.00 0.00 0.00 0.00 3.42 0.00 6.25 6.65 4.78 5.14 8223971
4.00 3.14 5.69 0.00 3.92 3.48 3.82 5.15 4.48 5.78 6.84 7.99 4.43 4.98 5.70 6.33 2.54 3.96 6.56 8.56 5.66 6.34 0.00 0.00 0.00 3.49 3.33 0.00 6.42 6.37 4.76 5.18 8237061
4.26 3.01 5.03 0.00 3.91 3.55 0.00 5.69 4.59 5.77 6.84 7.98 4.53 5.20 5.84 6.35 2.02 4.01 6.69 8.51 5.68 6.32 0.00 5.53 0.00 3.39 3.38 0.00 6.90 6.47 4.81 5.33 8250151
3.89 3.12 5.06 0.00 3.94 3.44 0.00 5.18 4.60 5.80 6.99 7.70 4.47 5.06 0.00 6.41 2.03 4.28 0.00 8.98 5.71 0.00 0.00 0.00 0.00 3.38 3.43 5.74 6.28 6.47 4.85 5.04 8263241
4.64 3.05 5.04 0.00 3.97 3.52 0.00 5.42 4.36 5.88 7.03 8.42 4.52 5.09 6.00 0.00 2.06 3.98 6.56 8.47 5.94 6.63 0.00 0.00 0.00 3.77 3.41 0.00 6.28 6.45 4.81 5.03 8276331
4.11 3.10 5.05 0.00 3.93 3.54 0.00 5.41 4.50 5.78 7.00 0.00 4.45 5.04 5.90 6.37 2.10 3.95 6.55 8.71 5.69 6.90 0.00 0.00 0.00 3.38 3.34 6.20 6.90 6.40 4.71 4.98 8289421
4.20 3.16 5.15 0.00 3.96 3.57 0.00 5.34 4.41 5.85 6.97 0.00 4.49 4.99 5.96 6.39 2.14 3.92 6.51 8.41 5.95 0.00 0.00 0.00 0.00 3.39 3.38 0.00 6.26 6.36 4.76 0.00 8302511
4.12 3.16 5.14 0.00 3.94 3.49 0.00 5.33 4.41 5.95 7.12 0.00 4.56 5.02 5.81 6.55 2.03 4.00 6.62 8.54 5.77 6.77 0.00 0.00 0.00 3.39 3.39 0.00 6.27 6.36 4.75 4.94 8315601
3.73 3.14 5.08 0.00 3.92 3.48 4.03 5.16 4.40 5.89 7.17 0.00 4.51 5.01 5.89 6.38 2.03 4.07 6.68 8.51 5.76 6.28 0.00 0.00 0.00 3.39 3.43 6.02 6.26 6.35 4.88 0.00 8328691
3.98 3.10 5.08 0.00 3.90 3.49 0.00 5.13 4.44 5.86 6.83 0.00 4.55 5.03 0.00 6.36 2.02 4.11 6.50 8.79 5.67 6.30 0.00 0.00 0.00 3.38 3.39 6.06 6.27 0.00 5.10 5.69 8341781
3.82 3.08 5.15 0.00 3.99 3.49 0.00 5.20 4.40 5.87 6.80 7.70 4.48 4.98 0.00 6.36 2.02 4.09 6.70 8.40 5.66 6.31 0.00 0.00 0.00 3.35 3.39 6.04 6.36 6.33 4.77 5.06 8354871
4.50 3.08 5.05 0.00 3.97 3.46 0.00 5.31 4.47 5.88 6.78 7.70 4.49 4.97 5.92 6.35 2.01 4.38 7.26 8.41 5.72 6.34 0.00 5.01 0.00 3.33 3.37 6.00 6.33 6.44 0.00 5.13 8367961
4.16 3.10 4.97 0.00 3.98 3.56 0.00 5.23 4.60 5.85 7.00 7.70 4.43 5.00 5.94 6.35 2.01 0.00 6.78 0.00 5.81 6.47 0.00 0.00 0.00 3.29 3.42 6.25 6.31 6.35 4.94 4.96 8381051
4.03 3.07 5.07 0.00 4.01 3.62 0.00 5.20 4.57 5.92 6.87 7.67 4.53 5.05 5.85 6.35 2.01 4.05 6.52 8.36 6.03 6.89 0.00 0.00 0.00 3.31 3.41 6.07 6.55 6.37 5.64 5.27 8394141
4.10 3.06 5.02 0.00 4.01 3.58 0.00 5.20 4.52 6.08 7.24 7.70 4.51 5.00 5.94 6.36 2.02 4.12 6.51 8.35 5.79 6.31 0.00 0.00 0.00 3.27 3.42 6.06 6.93 6.76 4.79 0.00 8407231
4.52 3.07 5.02 0.00 3.98 3.49 0.00 5.27 4.30 5.88 6.85 7.66 4.53 4.98 5.85 6.36 2.02 4.09 6.71 8.57 6.34 6.33 0.00 0.00 0.00 3.48 3.68 0.00 6.44 6.41 4.83 0.00 8420321
3.78 3.08 5.18 0.00 4.00 3.54 0.00 5.39 4.32 5.84 6.76 7.67 4.43 4.95 5.77 6.37 2.05 4.27 6.68 8.32 5.75 6.34 0.00 0.00 0.00 3.73 3.45 5.99 6.38 6.64 4.79 5.06 8433411
3.77 2.95 5.46 0.00 3.90 3.46 0.00 5.48 4.55 5.82 7.05 7.69 4.49 5.08 5.76 6.36 2.13 3.94 6.66 8.33 5.81 6.45 0.00 0.00 0.00 3.30 3.42 0.00 6.39 6.34 4.76 5.27 8446501
4.04 2.96 5.22 0.00 3.95 3.62 0.00 5.17 4.74 5.88 6.76 7.68 4.53 5.00 5.84 6.36 2.28 3.92 6.61 8.80 5.79 6.44 0.00 0.00 0.00 3.46 3.49 0.00 6.94 6.36 4.81 5.09 8459591
3.95 3.01 5.10 0.00 3.91 3.49 0.00 5.20 4.44 5.88 6.83 7.67 4.42 5.09 5.85 6.35 2.16 3.91 6.50 8.39 5.83 6.46 0.00 0.00 0.00 3.29 3.40 0.00 6.31 6.36 4.96 5.02 8472681
3.88 2.96 5.10 0.00 3.91 3.52 0.00 5.19 4.41 5.90 6.75 7.67 4.51 4.98 5.84 6.34 2.17 3.90 6.52 8.34 5.79 6.46 0.00 0.00 0.00 3.34 3.43 0.00 6.35 6.34 0.00 5.23 8485771
3.71 2.97 5.17 0.00 3.90 3.54 0.00 5.18 4.45 5.95 6.81 7.67 4.50 5.01 5.77 6.34 2.03 4.04 6.54 8.41 6.29 6.32 0.00 0.00 0.00 3.33 3.51 0.00 6.35 6.32 4.88 5.02 8498861
4.65 3.06 5.13 0.00 3.90 3.47 0.00 5.17 4.61 5.85 6.85 7.69 4.50 5.03 5.71 6.35 2.20 3.99 6.49 8.56 5.79 6.35 0.00 0.00 0.00 3.45 3.43 0.00 6.34 6.35 4.84 5.17 8511951
3.82 3.05 5.08 0.00 3.90 3.63 0.00 5.29 4.60 5.87 7.33 7.70 4.52 4.99 5.72 6.36 0.00 4.05 0.00 8.51 5.79 6.37 0.00 0.00 0.00 3.29 3.44 0.00 0.00 6.34 4.82 0.00 8525041
3.57 3.06 5.22 0.00 3.91 3.54 0.00 5.86 4.67 5.92 7.06 7.71 4.51 5.14 5.88 6.35 2.01 4.06 6.53 8.69 5.81 6.31 0.00 0.00 0.00 3.24 3.39 0.00 6.32 6.34 4.82 5.06 8538131
3.61 2.97 5.15 0.00 3.90 3.49 0.00 5.55 4.72 5.94 6.95 7.70 4.52 5.08 5.72 6.34 2.01 4.79 6.57 8.56 5.83 6.32 0.00 0.00 0.00 3.27 3.41 0.00 6.33 6.35 4.83 5.41 8551221
4.18 2.96 5.04 0.00 3.91 3.62 0.00 5.35 4.92 5.91 6.82 7.69 4.53 4.99 5.92 6.37 2.03 4.44 6.55 0.00 5.83 6.36 0.00 0.00 0.00 3.32 3.46 5.84 6.33 6.34 4.82 0.00 8564311
3.70 2.97 5.18 0.00 4.00 3.51 0.00 5.49 4.62 5.83 6.78 7.70 4.53 5.01 5.83 6.38 2.01 3.98 6.63 8.30 5.65 6.34 0.00 0.00 0.00 3.47 3.42 0.00 6.40 6.44 4.81 5.12 8577401
3.68 2.98 5.20 0.00 3.97 3.60 0.00 5.71 4.50 5.84 6.92 7.71 4.51 5.01 5.83 6.39 2.01 4.02 6.56 8.33 5.63 6.31 0.00 0.00 0.00 3.89 3.54 0.00 6.30 6.32 4.89 0.00 8590491
3.78 2.99 5.04 0.00 3.93 3.51 0.00 5.47 4.53 5.91 7.09 7.70 4.49 5.00 5.85 6.37 2.02 3.98 6.56 8.29 5.68 6.35 0.00 5.01 0.00 3.23 3.44 0.00 6.30 6.41 4.78 4.99 8603581
4.08 2.98 5.04 0.00 4.00 3.51 0.00 5.50 4.42 6.01 6.79 7.71 4.55 5.01 5.84 6.39 2.01 3.98 6.72 8.56 5.75 6.36 0.00 0.00 0.00 3.44 3.43 0.00 6.39 6.33 4.92 5.15 8616671
3.74 3.06 5.09 0.00 3.96 3.57 0.00 5.50 4.60 5.85 6.77 7.71 4.54 5.00 5.84 6.40 2.52 4.01 6.54 8.25 5.79 6.36 0.00 0.00 0.00 3.43 3.48 0.00 6.43 6.32 4.84 5.01 8629761
4.24 3.00 5.07 0.00 3.99 3.51 0.00 5.15 4.40 5.78 6.80 7.70 4.54 4.91 5.84 6.38 2.52 4.00 6.49 8.40 5.76 6.36 0.00 0.00 0.00 3.22 3.45 0.00 6.31 6.32 4.76 5.24 8642851
3.71 2.99 5.05 0.00 3.92 3.50 0.00 5.49 4.37 5.86 6.80 7.70 4.55 4.99 5.84 6.39 0.00 4.01 6.49 8.40 5.80 6.36 0.00 0.00 0.00 3.21 3.46 0.00 6.39 6.32 4.75 5.06 8655941
3.57 3.07 5.03 0.00 3.92 3.49 0.00 5.49 4.38 5.87 6.79 7.72 4.56 4.95 5.85 6.39 2.00 4.00 6.49 8.39 5.77 6.37 0.00 0.00 0.00 3.22 3.54 0.00 6.33 6.39 4.76 5.79 8669031
3.56 2.98 5.04 0.00 3.91 3.50 0.00 5.48 4.37 5.86 6.78 7.72 4.56 4.96 5.85 6.38 2.02 4.01 6.64 0.00 5.68 6.34 0.00 0.00 0.00 3.24 3.52 0.00 6.30 6.35 4.74 4.99 8682121
3.78 2.99 4.99 0.00 3.93 3.51 0.00 5.47 4.38 5.86 6.78 7.71 4.56 4.95 5.84 6.38 2.00 4.02 6.69 8.51 5.77 6.33 0.00 0.00 0.00 3.24 3.51 0.00 6.30 6.38 4.75 5.15 8695211
3.78 2.98 5.01 0.00 3.92 3.51 0.00 5.48 4.37 5.86 6.80 7.71 4.57 4.96 5.85 6.37 2.01 4.02 6.67 0.00 5.78 6.33 0.00 0.00 0.00 3.24 3.53 0.00 6.35 6.39 4.75 5.13 8708301
3.82 2.98 5.01 0.00 3.92 3.51 0.00 5.48 4.36 5.86 6.79 7.72 4.55 4.97 5.84 6.38 0.00 4.01 6.64 0.00 5.77 6.32 0.00 0.00 0.00 3.23 3.54 0.00 6.33 6.38 4.75 5.13 8721391
3.83 2.96 5.00 0.00 3.92 3.51 0.00 5.47 4.37 5.86 6.79 7.72 4.54 4.97 5.85 6.38 2.01 4.02 6.64 0.00 5.67 6.34 0.00 0.00 0.00 3.24 3.53 0.00 6.34 6.38 4.75 5.13 8734481
3.82 2.96 5.01 0.00 3.92 3.50 0.00 5.47 4.37 5.87 6.79 7.72 4.54 4.97 5.85 6.38 0.00 4.00 6.66 8.57 5.69 6.33 0.00 0.00 0.00 3.23 3.54 0.00 6.34 6.39 4.76 5.13 8747571
3.83 2.96 5.04 0.00 3.92 3.49 0.00 5.48 4.36 5.85 6.78 7.72 4.54 4.98 5.85 6.37 0.00 3.99 6.56 8.41 5.68 6.33 0.00 0.00 0.00 3.24 3.53 0.00 6.33 6.38 4.75 5.12 8760661
3.82 2.95 5.02 0.00 3.93 3.50 0.00 5.47 4.36 5.86 6.79 7.71 4.54 4.97 5.84 6.38 0.00 3.99 6.58 8.40 5.68 6.33 0.00 0.00 0.00 3.23 3.53 0.00 6.33 6.38 4.75 5.13 8773751
3.83 2.96 5.01 0.00 3.94 3.50 0.00 5.46 4.36 5.86 6.80 7.71 4.55 4.96 5.84 6.38 0.00 4.00 6.79 8.20 5.67 6.34 0.00 0.00 0.00 3.23 3.52 0.00 6.33 6.38 4.75 5.14 8786841
3.97 2.94 5.03 0.00 3.94 3.51 0.00 5.48 4.37 5.86 6.79 7.72 4.54 4.97 5.85 6.38 2.01 4.00 6.58 8.20 5.66 6.34 0.00 0.00 0.00 3.24 3.52 0.00 6.33 6.38 4.75 5.14 8799931
3.97 2.95 5.02 0.00 3.94 3.50 0.00 5.47 4.37 5.86 6.79 7.70 4.55 4.95 5.85 6.37 0.00 4.00 6.54 8.26 5.67 6.34 0.00 0.00 0.00 3.23 3.51 0.00 6.34 6.38 4.76 5.13 8813021
3.96 2.97 5.01 0.00 3.94 3.50 0.00 5.47 4.37 5.85 6.80 7.71 4.55 4.97 5.86 6.37 0.00 4.00 6.53 0.00 5.67 6.34 0.00 0.00 0.00 3.23 3.52 0.00 6.33 6.38 4.74 5.13 8826111
3.94 2.96 5.02 0.00 3.94 3.50 0.00 5.47 4.38 5.86 6.80 7.71 4.56 4.97 5.85 6.37 2.01 4.00 6.52 8.35 5.68 6.35 0.00 0.00 0.00 3.23 3.51 0.00 6.34 6.38 4.75 5.13 8839201
3.95 2.97 5.00 0.00 3.95 3.51 0.00 5.47 4.37 5.87 6.79 7.70 4.55 4.97 5.85 6.38 0.00 4.00 6.52 8.31 5.67 6.34 0.00 0.00 0.00 3.24 3.52 0.00 6.33 6.38 4.74 5.14 8852291
3.96 2.96 5.01 0.00 3.94 3.51 0.00 5.47 4.36 5.85 6.80 7.71 4.55 4.99 5.86 6.36 3.22 4.00 6.50 8.31 5.67 6.34 0.00 0.00 0.00 3.23 3.51 0.00 6.33 6.37 4.76 5.14 8865381
4.05 2.96 5.02 0.00 3.93 3.52 0.00 5.47 4.37 5.86 6.79 7.71 4.54 5.01 5.85 6.37 2.00 4.00 6.53 8.31 5.67 6.33 0.00 0.00 0.00 3.23 3.52 0.00 6.33 6.39 4.75 5.14 8878471
4.06 2.96 5.01 0.00 3.94 3.52 0.00 5.49 4.37 5.87 6.80 7.71 4.55 5.01 5.85 6.38 2.01 4.01 6.52 8.31 5.67 6.33 0.00 0.00 0.00 3.23 3.52 0.00 6.33 6.38 4.74 5.13 8891561
4.07 2.96 5.02 0.00 3.93 3.51 0.00 5.48 4.37 5.86 6.78 7.72 4.55 4.99 5.86 6.37 0.00 4.00 6.52 8.32 5.65 6.33 0.00 0.00 0.00 3.23 3.51 0.00 6.33 6.38 4.74 5.14 8904651
4.06 2.95 5.02 0.00 3.93 3.51 0.00 5.48 4.37 5.87 6.79 7.71 4.55 5.00 5.85 6.38 0.00 4.00 6.51 8.33 5.66 6.34 0.00 0.00 0.00 3.23 3.51 0.00 6.33 6.39 4.75 5.14 8917741
4.08 2.96 5.01 0.00 3.93 3.51 0.00 5.48 4.36 5.85 6.78 7.72 4.55 5.00 5.85 6.38 3.21 4.00 6.51 8.32 5.66 6.34 0.00 0.00 0.00 3.24 3.52 0.00 6.32 6.38 4.75 5.13 8930831
4.09 2.95 5.02 0.00 3.93 3.51 0.00 5.47 4.36 5.85 6.79 7.72 4.56 5.00 5.85 6.39 0.00 4.00 6.51 8.33 5.66 6.33 0.00 0.00 0.00 3.23 3.52 0.00 6.32 6.38 4.75 5.14 8943921
4.09 2.96 5.02 0.00 3.94 3.50 0.00 5.47 4.36 5.85 6.80 7.70 4.55 4.99 5.85 6.38 0.00 4.01 6.51 8.33 5.67 6.33 0.00 0.00 0.00 3.23 3.51 0.00 6.32 6.38 4.75 5.14 8957011
3.83 2.96 5.03 0.00 3.94 3.51 0.00 5.47 4.38 5.85 6.79 7.71 4.55 5.00 5.85 6.39 0.00 4.01 6.52 8.32 5.67 6.34 0.00 0.00 0.00 3.24 3.55 0.00 6.33 6.38 4.76 5.14 8970101
3.81 2.96 5.01 0.00 3.94 3.51 0.00 5.47 4.37 5.85 6.78 7.71 4.55 4.98 5.86 6.37 0.00 4.00 6.52 8.35 5.67 6.33 0.00 0.00 0.00 3.23 3.55 0.00 6.33 6.38 4.75 5.13 8983191