3.67 2.97 4.84 3.41 3.99 0.00 3.05 2.70 0.00 3.12 5.42 6.29 4.95 4.77 5.66 5.88 2.09 3.89 6.99 8.59 0.00 7.34 10.22 4.47 0.00 2.21 3.40 0.00 6.92 5.84 4.49 0.00 6874686
3.66 2.98 4.83 3.41 4.00 0.00 3.05 2.69 0.00 3.12 5.41 6.29 4.97 4.77 5.65 5.88 2.06 3.88 7.48 8.55 0.00 7.35 10.22 4.47 0.00 2.19 3.41 0.00 6.92 5.86 4.48 0.00 6887776
3.67 2.98 4.85 3.37 4.00 4.82 3.04 2.70 0.00 3.13 5.41 6.29 4.96 4.75 5.67 5.88 2.06 3.89 7.10 8.55 0.00 7.34 10.23 4.48 0.00 2.16 3.41 0.00 6.93 5.86 4.50 3.99 6900866
3.67 2.99 4.84 3.47 4.01 4.82 3.04 2.72 0.00 3.13 5.40 6.29 4.95 4.76 5.66 5.87 2.06 3.89 7.09 8.55 0.00 7.35 10.23 4.47 0.00 2.15 3.41 0.00 6.92 5.86 4.50 3.89 6913956
3.66 2.98 4.84 3.48 4.01 4.83 3.06 2.71 0.00 3.11 5.41 6.29 4.95 4.77 5.67 5.87 2.06 3.89 7.11 8.56 0.00 7.34 10.22 4.48 0.00 2.14 3.40 0.00 6.93 5.85 4.18 3.89 6927046
3.66 2.99 4.85 3.48 4.00 4.82 3.05 2.72 0.00 3.12 5.27 6.28 4.96 4.76 5.66 5.87 2.05 3.88 7.09 8.56 0.00 7.35 10.22 4.48 0.00 2.14 3.40 0.00 6.93 5.85 4.15 3.81 6940136
3.67 2.98 4.85 3.51 4.01 4.79 3.05 2.74 0.00 3.13 5.27 6.29 4.94 4.76 5.65 5.88 2.05 3.89 7.08 8.55 0.00 7.34 10.23 4.47 0.00 2.12 3.42 0.00 6.93 5.85 4.13 3.70 6953226
3.67 3.00 4.85 3.53 4.02 4.78 3.04 2.74 0.00 3.12 5.28 6.29 4.95 4.76 5.68 5.87 2.06 3.91 7.10 8.55 0.00 7.51 10.21 4.47 0.00 2.13 3.40 0.00 6.92 5.85 4.09 3.58 6966316
3.67 2.98 4.85 3.50 4.02 4.77 3.04 2.70 0.00 3.12 5.28 6.28 4.93 4.76 5.67 5.86 2.05 3.91 0.00 8.56 0.00 7.39 10.22 4.51 0.00 2.16 3.40 0.00 6.92 5.86 4.09 3.89 6979406
3.67 2.98 4.86 3.51 4.01 4.76 3.05 2.73 0.00 3.12 5.41 6.29 4.94 4.91 5.67 5.88 2.09 3.90 0.00 8.57 0.00 7.38 10.23 4.49 0.00 2.15 3.41 0.00 6.93 5.85 4.27 3.97 6992496
3.67 2.98 4.89 3.50 4.01 4.77 3.04 2.68 0.00 3.13 5.26 6.30 4.94 4.91 5.69 5.87 2.09 3.90 7.39 8.57 0.00 7.42 10.23 0.00 0.00 2.13 3.40 0.00 6.93 5.85 3.88 3.49 7005586
3.69 2.99 4.91 3.51 4.03 4.76 3.04 2.75 3.33 3.12 5.24 6.32 4.94 4.89 5.74 5.89 2.05 3.92 7.18 8.57 0.00 7.35 10.23 4.50 0.00 2.15 3.40 0.00 6.93 5.86 3.88 0.00 7018676
3.67 2.98 4.91 3.50 4.01 4.76 3.04 2.65 0.00 3.12 5.22 6.32 4.92 4.90 5.66 5.87 2.06 3.91 7.18 8.57 0.00 7.38 10.23 4.48 0.00 2.15 3.41 0.00 6.91 5.86 3.95 4.06 7031766
3.67 2.97 5.06 3.50 4.02 4.77 3.04 2.76 2.65 3.12 5.22 6.32 4.94 4.89 5.68 5.87 2.13 3.91 7.25 8.61 0.00 7.60 10.21 4.48 0.00 2.15 3.40 0.00 6.92 5.85 3.93 3.36 7044856
3.68 2.99 4.90 3.50 4.02 4.77 3.05 2.66 2.65 3.11 5.22 6.29 4.94 4.92 5.67 5.86 2.12 3.91 0.00 8.60 0.00 7.60 10.19 4.51 0.00 2.14 3.41 0.00 6.93 5.84 3.95 3.48 7057946
3.65 2.98 4.89 3.50 4.02 4.77 3.03 2.72 2.75 3.15 5.21 6.31 4.94 4.98 5.79 5.88 2.19 3.95 7.11 8.59 0.00 7.62 10.10 4.47 0.00 2.13 3.40 0.00 6.94 5.97 3.95 4.15 7071036
3.65 2.98 5.04 3.47 4.02 4.76 3.03 2.65 2.62 3.14 5.21 6.15 4.94 4.81 5.78 5.88 2.20 4.00 7.01 9.07 0.00 7.63 10.09 4.45 0.00 2.13 3.40 0.00 6.92 0.00 3.99 3.42 7084126
3.64 2.98 4.92 3.46 4.02 4.77 3.05 2.66 2.59 3.14 5.18 6.09 4.95 4.77 5.68 5.87 2.19 3.90 7.04 8.60 0.00 7.62 10.08 4.46 0.00 2.13 3.39 0.00 6.93 5.98 3.95 3.46 7097216
3.67 2.99 4.93 3.45 4.02 4.78 3.05 2.76 2.61 3.13 5.18 6.23 4.94 4.81 5.82 5.86 2.19 3.88 6.94 8.59 0.00 7.64 10.08 4.48 0.00 2.13 3.39 0.00 6.95 5.94 3.94 3.43 7110306
3.70 2.98 4.92 3.45 4.01 4.77 3.06 2.75 2.59 3.13 5.14 6.25 4.94 4.82 5.65 5.87 2.19 3.93 6.90 8.88 0.00 7.65 10.08 4.47 0.00 2.12 3.40 0.00 6.94 5.89 3.98 3.39 7123396
3.74 2.98 4.81 3.47 4.02 4.77 3.03 0.00 2.61 3.15 5.11 6.17 4.97 4.76 5.69 5.86 2.20 3.89 7.82 8.84 0.00 7.61 10.02 4.52 0.00 2.15 3.39 0.00 6.95 5.87 0.00 3.40 7136486
3.60 2.99 5.09 3.44 4.12 4.78 3.02 2.62 2.59 3.19 5.16 6.39 5.44 4.92 5.58 5.86 2.21 3.98 7.03 8.94 0.00 7.65 9.98 0.00 0.00 2.12 3.39 0.00 6.90 5.89 3.94 3.41 7149575
3.77 3.01 4.86 3.47 4.17 4.78 3.03 2.91 2.61 3.20 5.15 6.20 5.76 4.87 5.78 5.95 2.22 3.82 7.10 0.00 0.00 7.36 9.99 0.00 0.00 2.19 3.39 0.00 7.04 5.83 3.85 3.44 7162665
3.54 3.00 4.84 3.48 4.17 4.93 3.03 2.68 2.60 3.24 5.31 6.29 4.95 4.81 5.58 5.97 2.22 4.00 6.93 8.75 0.00 0.00 9.97 0.00 0.00 2.18 3.40 0.00 6.98 5.84 4.13 4.08 7175755
3.54 3.00 4.83 2.55 4.08 4.83 3.04 2.75 2.64 3.16 5.18 6.10 5.36 4.73 5.55 5.89 2.11 3.91 6.87 8.64 0.00 0.00 9.99 0.00 0.00 2.01 3.39 0.00 6.83 5.96 3.88 3.40 7188845
3.56 3.00 4.76 3.38 3.61 4.60 3.05 2.73 2.72 3.25 5.28 6.37 4.77 4.76 5.56 6.08 2.16 3.79 6.89 8.61 0.00 0.00 10.12 0.00 0.00 2.35 3.43 0.00 6.88 5.94 3.91 3.46 7201936
3.64 2.99 5.08 3.49 4.17 4.39 2.60 2.81 2.65 3.20 5.34 6.18 4.95 4.89 5.57 5.83 2.07 3.91 6.40 8.84 0.00 7.33 10.08 0.00 0.00 2.43 3.36 0.00 6.90 5.76 3.97 3.58 7215026
3.57 2.96 4.90 2.82 4.23 4.63 2.95 2.71 2.64 3.26 5.39 6.18 4.77 4.68 5.66 5.82 2.03 3.86 6.97 8.99 6.45 7.28 10.77 0.00 0.00 2.20 3.23 0.00 7.00 5.83 4.02 3.48 7228116
3.68 3.06 5.05 3.49 4.13 4.54 3.04 2.77 2.80 3.18 5.21 6.40 4.33 4.89 5.68 5.84 2.08 3.90 6.72 8.82 0.00 7.37 10.05 4.28 0.00 2.14 3.08 0.00 6.97 5.87 3.52 3.62 7241206
3.63 2.98 5.11 3.79 4.00 4.19 2.86 2.76 2.85 3.20 5.50 6.29 4.36 4.77 5.79 5.96 2.09 3.83 6.81 9.31 6.36 0.00 5.65 4.62 0.00 2.05 3.17 0.00 6.89 5.78 3.85 3.54 7254295
3.76 3.05 5.26 3.21 3.94 4.11 2.96 2.80 2.68 3.40 5.38 6.35 4.19 4.87 5.63 5.93 2.07 4.07 6.72 8.88 0.00 7.33 9.65 4.65 0.00 2.11 3.25 0.00 6.94 5.97 3.66 3.61 7267385
3.81 2.91 4.99 2.84 3.65 3.98 2.97 2.92 2.70 3.26 5.27 6.32 4.27 4.99 5.69 6.21 2.04 3.86 6.47 8.95 0.00 0.00 9.73 4.39 0.00 2.13 3.15 0.00 7.07 5.80 4.08 3.56 7280475
3.78 2.92 5.05 3.38 3.79 3.97 2.56 2.93 2.57 3.34 5.67 6.36 3.98 2.11 5.80 5.98 2.78 3.92 7.00 8.89 5.91 0.00 10.15 4.51 0.00 2.07 2.82 0.00 6.95 5.83 4.04 3.62 7293566
3.71 2.98 5.04 3.02 3.67 3.86 2.92 2.84 2.70 3.29 5.44 6.41 4.13 4.27 5.73 6.05 2.04 3.97 6.44 9.47 5.65 0.00 2.27 4.53 0.00 2.08 2.80 0.00 6.27 5.82 3.96 3.72 7306655
3.67 2.87 5.07 3.25 3.68 3.87 2.89 2.85 2.72 3.05 5.06 6.82 3.77 4.66 5.90 6.31 2.03 3.92 6.71 8.71 6.25 0.00 6.31 0.00 0.00 2.16 2.68 0.00 5.93 4.43 3.85 3.76 7319745
3.75 2.88 5.17 2.70 3.69 3.55 2.83 3.08 2.76 2.16 5.54 6.69 3.53 2.92 6.06 3.92 2.15 3.44 5.45 8.66 0.00 0.00 2.92 4.49 0.00 2.35 2.70 0.00 6.67 5.74 3.57 3.73 7332835
3.87 2.99 5.02 3.27 3.62 3.58 2.78 2.96 2.52 2.90 5.50 6.56 2.48 4.81 6.07 5.49 2.13 3.22 2.61 8.82 0.00 0.00 3.99 3.35 0.00 2.03 2.58 5.61 5.40 5.11 3.58 3.72 7345925
3.83 2.90 5.01 2.81 3.58 3.43 2.91 3.03 2.61 3.45 4.54 6.70 4.01 4.57 6.18 6.34 2.08 2.75 6.48 9.00 3.48 0.00 2.76 3.41 0.00 2.11 2.66 0.00 4.97 5.44 4.01 3.80 7359015
4.10 2.94 5.20 2.58 3.59 3.42 2.96 3.11 2.73 3.34 5.78 4.58 3.87 2.85 6.33 6.46 2.63 2.39 2.62 9.10 2.74 0.00 3.50 2.67 0.00 2.16 2.62 5.87 3.50 4.36 4.07 3.81 7372105
4.17 2.90 5.03 3.07 3.63 3.62 2.91 2.63 2.83 3.31 5.62 6.79 3.23 3.28 6.42 6.58 2.17 3.43 6.56 3.15 2.97 0.00 3.25 3.55 0.00 2.70 2.59 5.70 5.00 4.98 4.12 4.00 7385195
4.03 3.03 4.88 2.62 3.66 2.32 2.20 3.35 2.58 2.29 2.37 6.86 3.88 2.55 6.58 6.44 2.20 3.10 3.74 9.21 2.16 0.00 2.69 0.00 0.00 2.08 2.61 5.30 3.26 5.15 3.10 4.13 7398285
4.23 2.76 5.02 3.13 3.55 3.52 3.02 3.07 2.80 2.50 3.53 4.93 2.23 2.68 6.48 3.51 2.74 3.15 3.17 9.19 5.52 0.00 2.16 2.11 0.00 2.07 2.67 5.59 3.35 4.00 3.52 4.14 7411375
4.32 2.67 4.73 3.08 3.65 3.08 2.55 3.27 2.77 2.20 5.57 6.83 2.54 2.43 6.92 4.97 2.08 3.25 2.63 8.92 2.99 0.00 2.99 4.07 0.00 2.06 2.71 5.30 3.43 4.30 3.37 3.98 7424465
4.40 2.90 4.92 2.37 2.90 3.44 2.98 3.63 3.30 2.44 5.72 6.95 3.86 2.45 6.77 6.76 2.46 3.62 3.96 2.19 2.22 5.48 2.47 2.80 0.00 2.29 2.83 5.33 2.79 4.55 3.68 4.28 7437555
4.31 2.80 4.88 2.81 3.79 2.77 2.96 3.69 2.51 2.66 4.11 6.91 2.21 3.30 6.85 4.13 2.08 3.25 3.34 0.00 2.36 0.00 2.45 2.79 0.00 2.12 2.65 4.57 2.79 3.67 3.70 4.26 7450645
3.89 2.48 4.65 2.52 3.72 3.52 2.75 3.93 2.96 3.32 4.39 6.88 2.38 4.07 3.86 6.26 2.20 2.38 2.55 0.00 3.45 0.00 2.17 2.90 0.00 2.35 2.75 5.07 3.58 2.20 4.27 4.07 7463735
2.49 2.97 5.01 2.58 3.52 2.76 2.79 3.87 2.70 2.35 3.44 4.68 2.97 2.23 6.89 4.60 2.09 3.80 3.88 5.81 2.94 0.00 3.00 2.92 0.00 2.19 2.45 4.52 2.84 3.94 2.75 4.23 7476825
4.44 2.71 5.19 2.28 3.93 2.49 2.97 4.11 2.53 2.44 4.48 6.97 3.92 2.59 3.90 4.90 2.18 3.40 2.26 9.15 3.64 5.21 2.42 3.10 0.00 2.23 2.38 4.00 2.46 3.65 2.99 3.48 7489915
4.49 2.67 5.07 2.36 3.66 2.43 2.47 3.91 3.31 2.28 3.55 6.94 2.69 2.43 2.76 2.21 2.10 3.03 4.29 0.00 3.77 0.00 4.57 2.68 0.00 2.30 2.71 4.60 3.08 3.76 4.57 3.69 7503005
3.62 2.63 4.76 2.57 3.73 2.17 2.87 3.99 2.57 2.95 5.06 5.07 4.62 3.28 7.01 2.40 2.16 2.68 2.58 2.63 2.26 4.74 2.91 2.44 0.00 2.06 2.67 4.69 2.84 3.86 3.12 4.19 7516095
4.19 2.75 5.11 2.57 2.98 2.48 3.08 3.13 2.51 2.34 3.76 6.84 4.11 2.95 4.41 3.81 2.40 3.39 3.29 2.84 2.68 2.78 3.02 2.48 0.00 2.43 2.75 4.23 2.54 3.76 3.38 4.70 7529185
2.39 2.41 4.71 2.59 4.22 2.99 3.22 3.52 2.49 2.67 3.45 2.28 4.70 2.67 2.80 3.79 2.15 3.29 4.10 4.07 3.65 0.00 2.25 2.64 0.00 2.23 2.67 4.24 2.98 2.80 3.38 2.33 7542275
3.57 2.39 3.81 3.23 3.40 2.90 3.04 3.81 2.45 2.24 3.74 6.82 4.82 3.06 4.13 7.17 2.21 2.83 2.59 7.06 2.54 4.12 2.77 2.38 0.00 2.25 2.64 4.18 2.95 3.82 4.64 2.59 7555365
5.12 2.78 5.07 2.61 4.11 3.91 2.71 2.87 3.00 2.44 4.61 2.81 2.98 2.36 3.14 2.17 2.22 2.23 3.22 4.72 3.29 4.59 2.31 2.48 0.00 2.08 2.39 3.76 3.55 2.29 3.80 2.87 7568455
2.60 2.77 4.98 2.46 4.19 2.35 2.80 4.68 2.50 2.47 2.39 5.15 4.95 2.63 5.81 2.82 2.12 3.79 2.08 9.05 2.49 0.00 2.82 3.05 0.00 2.28 2.50 2.89 3.38 3.85 2.43 4.09 7581545
5.18 2.50 4.27 2.45 3.71 2.59 2.64 3.50 3.84 2.95 5.62 5.00 3.42 2.14 7.04 2.22 2.14 2.57 6.45 2.80 3.81 0.00 2.04 2.73 0.00 2.31 2.58 4.05 3.38 3.44 2.87 3.67 7594635
2.27 2.43 5.18 2.28 4.42 3.70 3.26 4.60 2.90 2.45 4.52 6.73 2.63 2.57 0.00 5.33 2.08 2.43 3.15 5.05 2.97 4.63 2.53 2.16 0.00 2.20 2.67 3.89 3.39 3.54 3.49 5.10 7607725
2.42 2.93 4.07 2.58 2.69 2.52 2.76 3.18 3.08 2.31 2.83 3.12 4.41 2.43 4.08 2.95 2.32 3.07 3.56 0.00 3.27 5.22 2.74 2.72 0.00 2.62 2.90 3.01 3.17 2.85 2.15 5.30 7620815
0.00 2.69 4.64 2.55 4.00 2.80 2.90 3.49 2.65 2.78 2.26 7.03 4.21 2.95 3.80 6.46 2.24 3.88 2.91 3.57 3.89 4.83 2.25 2.12 0.00 2.95 3.32 3.49 3.36 2.99 2.76 3.03 7633905
3.39 2.31 4.50 2.50 2.84 4.27 2.66 2.50 4.69 2.57 4.09 6.08 3.28 4.41 5.99 4.94 2.06 3.49 3.78 2.44 2.50 5.13 2.46 0.00 0.00 2.90 2.35 3.16 2.43 3.50 2.92 2.42 7646995
3.17 2.54 3.22 2.45 4.57 2.62 2.90 4.81 2.95 2.29 2.63 4.69 5.48 2.90 3.68 3.69 2.14 3.57 4.86 8.93 2.61 4.70 2.69 2.17 0.00 3.35 2.71 3.66 2.86 4.48 2.36 4.91 7660085
0.00 2.84 3.75 2.57 4.78 4.07 2.61 4.35 2.79 3.36 7.12 5.34 2.81 3.07 3.12 2.11 2.14 3.02 3.04 0.00 2.42 4.79 2.46 2.90 0.00 3.13 3.14 3.00 3.11 4.22 4.37 5.05 7673175
2.84 2.22 4.10 2.29 3.61 4.69 3.00 3.24 3.47 4.20 5.46 6.61 4.62 3.73 4.58 4.83 2.08 3.19 3.22 3.40 3.60 4.64 2.80 2.96 0.00 2.87 3.85 3.16 2.92 3.89 3.38 5.72 7686265
2.48 2.89 4.04 2.30 3.45 3.65 2.19 2.59 3.24 2.41 2.57 2.36 5.37 2.44 7.19 7.82 2.21 3.51 2.40 4.24 3.90 4.62 2.79 3.41 0.00 3.59 3.39 3.53 2.57 4.13 3.53 5.34 7699355
0.00 2.43 3.97 2.40 5.03 3.49 2.85 3.44 2.76 2.89 3.55 6.55 5.60 3.76 3.25 4.83 2.15 3.49 2.18 9.16 2.79 4.78 2.33 3.18 0.00 3.37 3.31 3.38 3.40 4.01 3.21 4.00 7712445
5.85 2.71 3.32 2.60 5.44 3.07 2.74 3.47 2.38 2.41 4.95 6.54 5.77 2.87 8.58 7.82 2.15 3.30 6.78 8.93 3.66 0.00 3.01 0.00 0.00 3.37 3.18 3.50 2.78 4.40 2.98 4.33 7725535
5.28 2.89 4.06 2.27 5.37 4.77 2.34 3.21 4.94 2.31 7.38 6.59 3.77 2.27 8.44 7.86 2.06 2.73 5.31 9.00 3.18 0.00 5.65 3.60 0.00 3.41 2.78 3.21 2.71 4.66 4.82 6.15 7738625
0.00 2.78 4.02 2.40 5.36 3.00 3.15 2.21 2.88 2.90 6.23 6.44 5.76 2.19 8.49 8.20 2.15 2.31 3.83 7.44 3.82 4.96 2.94 0.00 0.00 3.26 2.98 3.50 3.72 3.37 3.68 6.12 7751715
3.91 2.58 4.13 2.30 5.73 2.89 3.03 3.66 4.45 2.47 5.64 6.48 6.19 4.04 5.04 8.22 2.22 3.28 4.12 2.48 2.82 4.65 4.14 2.82 0.00 3.28 2.81 3.25 2.83 4.51 4.95 6.11 7764805
5.64 2.73 3.11 2.23 6.00 5.81 3.14 4.83 3.92 2.44 7.40 6.46 6.46 3.94 8.47 8.24 2.12 3.49 4.60 9.35 2.85 0.00 2.64 3.36 0.00 3.13 4.11 3.14 3.32 3.68 2.60 6.25 7777895
0.00 2.82 3.90 3.09 6.00 5.34 2.78 3.91 2.67 2.31 7.30 6.52 6.21 4.06 8.46 7.90 2.22 3.64 3.54 8.90 3.88 4.75 3.80 2.49 0.00 3.19 3.53 3.58 3.54 4.58 5.11 6.19 7790985
0.00 2.81 4.00 2.85 6.46 4.41 3.13 3.25 3.77 5.18 4.11 6.50 4.81 4.43 6.64 8.08 2.07 3.37 5.97 8.84 4.04 4.68 3.12 4.79 0.00 3.06 2.41 3.42 3.79 4.61 4.42 5.95 7804075
0.00 2.80 4.01 3.17 6.39 3.18 3.16 4.68 2.59 3.27 7.36 6.44 6.36 6.95 8.46 3.20 2.05 3.44 6.93 9.09 4.00 4.76 5.70 5.06 0.00 3.05 3.29 3.19 3.80 5.29 5.35 6.33 7817165
2.30 2.76 3.90 2.58 5.78 4.09 3.07 3.66 4.62 2.90 4.50 6.52 5.35 5.92 8.45 8.37 2.09 3.54 3.02 9.07 3.03 4.97 2.91 4.03 0.00 3.12 3.95 3.39 3.74 4.66 4.09 5.94 7830255
2.09 2.86 3.75 2.40 6.63 6.95 2.74 4.37 3.87 2.62 7.60 3.20 6.13 2.49 8.46 7.88 2.12 3.52 3.52 9.19 3.97 0.00 4.99 3.55 0.00 2.88 3.35 3.32 3.85 4.87 3.72 5.03 7843345
0.00 3.04 3.62 2.81 6.67 7.18 2.97 4.28 5.22 2.81 7.37 6.49 2.68 2.71 8.45 8.00 2.17 2.78 3.31 7.91 3.42 4.65 7.23 4.43 0.00 2.88 3.16 3.45 3.22 4.38 4.97 5.84 7856435
0.00 2.77 3.94 2.62 6.97 3.14 2.94 4.00 2.26 3.60 7.38 6.47 6.33 2.76 8.45 7.81 2.18 3.17 3.17 0.00 4.03 0.00 2.50 4.11 0.00 2.82 3.68 3.16 3.90 4.72 4.44 6.05 7869525
3.20 2.80 3.91 3.43 6.69 4.56 3.13 4.46 4.89 4.59 7.31 6.59 6.04 3.80 8.46 8.52 2.11 2.83 3.59 9.18 2.66 0.00 8.60 2.79 0.00 2.80 3.50 3.24 3.92 4.73 5.59 5.79 7882615
0.00 2.84 3.85 2.77 4.63 3.18 3.07 4.06 2.92 2.62 7.37 6.94 0.00 7.48 7.63 7.97 2.08 3.68 4.85 2.98 3.00 5.36 4.04 4.67 0.00 2.79 3.50 3.09 3.63 4.78 4.38 4.93 7895705
4.04 2.70 2.64 2.30 3.34 3.87 2.73 2.04 2.84 2.50 5.17 6.48 5.92 5.80 8.45 7.79 2.21 3.40 5.63 8.99 3.25 5.33 3.03 4.46 0.00 2.69 2.58 3.33 3.94 4.88 3.83 6.30 7908795
5.34 2.54 3.39 2.82 3.03 4.26 2.51 4.76 2.55 2.31 3.23 5.67 0.00 2.25 8.46 2.16 2.24 2.62 5.14 9.17 3.99 4.77 2.85 2.65 0.00 2.55 2.90 3.17 2.67 4.31 2.71 4.57 7921885
2.87 2.34 4.04 3.23 4.94 3.31 2.78 4.18 2.72 2.56 2.63 6.48 3.14 2.43 8.48 2.56 2.10 3.17 2.59 3.87 2.58 4.77 2.30 3.64 0.00 2.44 3.33 3.27 3.00 2.75 3.00 6.16 7934975
3.08 2.62 3.63 2.63 2.41 2.29 2.51 3.16 4.41 2.42 2.89 2.89 2.19 3.97 8.50 4.98 2.18 3.13 2.21 2.49 3.27 4.82 2.33 4.83 0.00 2.09 2.37 2.67 3.39 4.42 2.83 4.19 7948065
2.18 2.44 2.60 2.48 2.99 3.19 2.44 4.58 2.90 2.52 3.02 2.96 2.63 3.14 3.32 2.10 2.38 2.15 2.32 2.79 2.39 0.00 2.49 2.37 0.00 2.12 2.73 3.30 3.09 3.79 2.34 2.33 7961155
2.90 2.24 2.14 2.49 2.79 3.39 2.36 3.18 2.83 2.53 2.74 3.44 2.51 2.11 6.12 0.00 2.20 2.66 2.36 2.34 3.06 0.00 2.77 2.57 0.00 2.07 2.86 2.67 3.69 2.75 2.24 2.15 7974245
2.33 2.23 2.67 2.36 3.49 2.64 2.77 3.98 2.21 2.68 2.68 4.42 2.96 2.21 2.29 4.36 2.38 2.17 2.54 2.32 2.35 0.00 2.27 2.39 0.00 2.29 2.45 3.47 2.42 2.41 2.75 3.29 7987335
0.00 2.16 3.08 2.63 3.23 2.49 2.91 2.11 2.27 2.32 2.17 3.31 2.18 2.51 4.90 2.75 2.33 2.28 2.12 2.70 2.84 0.00 2.46 2.09 0.00 2.18 2.60 2.09 3.11 2.66 2.41 0.00 8000425
2.05 2.62 2.88 2.44 3.59 2.40 2.65 2.94 2.53 2.54 2.58 5.64 0.00 2.22 2.19 3.92 2.06 3.21 2.34 2.95 2.41 2.86 2.45 2.86 0.00 2.13 2.56 3.10 2.77 3.25 2.93 3.49 8013515
3.38 2.59 3.32 2.73 4.67 2.23 2.93 3.13 2.65 2.27 4.61 4.28 2.36 2.51 2.22 2.63 2.36 2.36 2.23 2.17 2.93 3.21 2.34 2.53 0.00 2.32 2.53 3.27 3.11 4.97 2.97 2.31 8026605
2.46 2.78 3.83 2.26 2.54 3.17 2.79 2.17 2.64 2.45 2.20 3.88 2.76 3.37 3.63 2.39 2.27 2.39 2.29 2.20 2.38 2.45 2.56 2.08 0.00 2.33 2.32 2.86 2.86 3.93 2.71 2.93 8039695
2.21 2.68 2.14 2.95 2.56 3.66 2.31 3.26 2.50 2.44 2.56 2.70 2.01 2.85 2.14 2.42 2.09 2.37 2.29 2.31 3.18 0.00 3.57 2.28 0.00 2.38 2.83 3.01 2.96 2.41 3.01 2.95 8052785
4.89 2.28 2.22 3.05 3.21 2.76 3.01 2.16 2.36 2.38 2.43 3.63 2.61 2.89 3.14 3.26 2.37 3.24 2.61 2.70 2.77 0.00 2.74 2.15 0.00 2.64 2.47 2.82 2.97 3.79 2.36 3.21 8065875
4.29 2.54 2.42 2.40 2.46 2.53 3.04 2.18 2.38 2.88 2.25 2.27 2.17 3.10 3.52 3.35 2.14 2.81 2.43 3.13 2.40 4.35 2.75 2.34 0.00 2.28 2.34 2.74 2.48 2.47 2.48 2.30 8078965
3.19 2.60 2.64 2.33 2.79 2.63 2.59 2.29 2.62 2.82 2.48 2.77 2.37 2.43 4.36 2.33 2.27 3.59 2.48 2.25 2.43 2.53 3.28 2.50 0.00 2.49 2.64 2.86 2.33 2.95 2.41 2.92 8092055
2.29 2.23 2.11 2.37 2.85 2.53 2.90 2.51 2.45 2.46 2.20 3.79 2.29 2.29 3.60 2.84 2.11 2.61 2.96 2.08 2.27 0.00 2.62 2.60 0.00 2.33 2.79 3.07 2.78 3.05 2.89 2.51 8105145
3.66 2.29 2.57 2.40 3.74 2.55 2.66 2.32 2.65 2.36 2.81 4.81 2.26 2.57 4.37 2.35 2.19 2.44 2.90 2.58 2.58 2.02 3.31 2.33 0.00 2.37 2.62 0.00 2.84 2.82 2.65 2.71 8118235
3.82 2.36 2.16 2.34 3.92 2.39 2.61 2.71 2.50 2.33 2.31 4.84 2.41 2.78 2.10 2.97 2.29 2.25 3.37 2.74 3.48 0.00 2.29 2.20 0.00 2.51 2.90 2.94 3.29 2.67 2.76 2.61 8131325
2.74 2.82 2.59 2.84 3.20 4.30 2.45 2.72 2.65 2.34 2.93 2.40 2.28 2.45 2.29 2.99 2.14 2.09 2.41 2.60 2.43 2.02 2.70 3.54 0.00 2.23 2.10 2.81 2.76 3.72 2.32 2.91 8144415
2.58 2.47 2.79 2.41 2.95 3.17 2.63 2.11 2.91 2.83 2.55 5.57 2.34 2.28 5.19 3.33 2.10 2.83 2.17 2.26 2.64 2.50 2.60 2.90 0.00 2.40 2.40 2.60 3.97 2.48 2.93 3.34 8157505
4.81 2.41 2.64 2.37 3.38 2.57 2.50 3.80 2.29 2.28 2.28 2.92 2.58 2.49 3.48 6.10 2.56 2.93 3.27 3.36 2.47 0.00 3.15 3.02 0.00 2.49 2.72 2.68 2.46 3.09 2.82 3.15 8170595
2.52 2.51 2.46 2.32 3.59 2.17 2.34 2.68 2.94 2.35 2.43 2.09 2.92 2.13 2.72 2.78 2.14 3.37 3.45 2.84 2.56 2.13 2.60 2.25 0.00 2.44 2.36 2.59 2.50 2.56 2.61 3.82 8183685
3.12 2.54 2.14 2.28 2.39 3.10 2.39 2.67 2.30 2.80 2.94 2.91 2.62 2.30 3.34 3.24 2.20 2.49 2.25 3.26 2.65 0.00 2.25 2.87 0.00 2.28 2.62 3.14 2.49 2.52 2.43 3.09 8196775
5.20 2.66 2.56 2.40 2.39 2.32 2.35 2.72 2.37 2.15 2.28 4.60 2.83 2.44 3.95 2.26 2.16 3.11 3.33 2.98 2.43 3.03 2.40 3.23 0.00 2.33 2.25 3.23 3.85 3.46 2.90 3.08 8209865
2.52 2.51 3.05 2.56 2.80 2.58 2.68 2.20 2.44 2.66 2.55 3.70 2.72 2.28 3.59 2.90 2.15 3.08 2.33 2.12 2.22 0.00 2.37 2.27 0.00 2.32 2.69 2.58 2.54 2.71 2.93 3.84 8222955
2.20 2.29 4.83 2.20 2.47 2.33 2.75 2.29 2.32 2.25 2.69 2.73 2.23 2.38 4.77 2.49 2.20 2.39 2.66 3.07 2.16 0.00 2.52 2.31 0.00 2.26 2.41 2.83 2.78 3.11 2.37 3.28 8236045
2.83 2.79 2.65 2.24 3.15 2.48 3.19 2.44 2.23 2.59 2.46 3.56 3.92 2.27 3.01 3.86 2.18 2.53 2.42 2.23 2.25 0.00 2.49 2.18 0.00 2.70 2.43 3.19 2.80 2.54 2.73 3.65 8249135
2.15 2.59 2.94 2.34 2.40 2.45 2.64 2.92 2.79 2.58 2.53 3.45 2.35 2.55 3.37 2.39 2.21 2.93 4.61 2.41 2.16 0.00 2.36 2.75 0.00 2.43 2.43 2.50 2.57 3.64 2.47 3.58 8262225
2.85 2.44 2.57 2.64 2.39 2.75 2.47 2.40 2.47 3.00 3.29 2.98 2.37 2.43 3.55 3.35 2.34 2.91 2.58 2.40 2.38 2.37 2.47 2.59 0.00 2.25 2.61 2.51 2.51 2.78 2.60 3.83 8275315
3.08 2.79 2.29 2.07 2.23 2.43 2.50 2.78 2.36 2.23 2.09 2.36 2.19 3.52 2.54 3.40 2.16 2.59 4.28 2.80 3.13 2.54 2.55 2.19 0.00 2.46 2.79 2.36 2.50 3.88 2.43 3.86 8288405
2.32 2.50 2.74 2.71 4.01 2.58 2.67 2.50 2.62 2.29 2.36 4.22 4.06 2.49 3.53 2.35 2.02 2.51 2.87 2.79 3.09 0.00 2.57 2.47 0.00 2.32 2.21 0.00 2.24 2.33 2.24 2.23 8301495
0.00 2.42 2.42 2.72 3.05 2.71 2.96 3.37 2.45 2.54 3.01 2.82 2.48 2.63 3.17 2.56 2.63 3.03 2.49 5.60 2.20 3.01 2.92 2.81 0.00 2.47 2.33 2.81 2.31 2.41 3.16 3.62 8314585
2.60 2.48 3.77 2.38 4.37 2.53 2.33 2.80 2.53 2.20 2.89 2.88 2.60 2.57 2.91 2.45 2.38 2.31 2.83 2.84 2.18 2.12 2.29 2.38 0.00 2.14 2.49 3.24 2.36 2.73 2.44 2.65 8327675
2.67 2.57 2.57 2.37 2.75 2.66 3.11 2.74 2.31 2.98 3.25 2.56 3.09 2.19 2.18 3.67 2.20 2.84 3.37 2.23 2.87 4.90 2.51 0.00 0.00 2.51 2.96 3.07 2.83 2.86 2.58 2.16 8340765
2.51 2.93 3.21 2.87 3.51 2.26 3.20 2.75 2.64 2.71 3.10 2.80 2.33 2.20 4.14 2.30 2.20 2.75 2.46 3.39 2.75 2.76 3.39 2.14 0.00 2.40 2.24 3.04 3.29 2.67 2.79 2.09 8353855
4.21 2.37 4.59 2.55 2.11 2.96 3.25 3.59 3.18 2.81 2.53 5.61 2.54 2.98 2.88 2.20 2.14 2.82 3.33 3.01 3.15 0.00 2.96 2.27 0.00 2.03 2.53 2.49 2.88 2.06 2.48 3.30 8366945
2.77 2.77 2.28 2.36 4.24 2.39 3.05 3.18 2.63 2.43 4.37 3.03 3.20 4.00 3.01 2.59 2.11 2.87 2.41 2.13 2.49 0.00 2.83 2.21 0.00 2.47 2.94 2.53 2.22 2.99 2.85 4.18 8380035
3.13 2.64 5.08 2.29 2.43 3.11 2.57 2.32 2.48 2.49 3.13 4.48 2.37 2.13 2.66 2.30 2.19 2.61 2.12 3.90 2.96 0.00 2.89 2.17 0.00 2.47 2.65 3.82 2.55 2.46 2.67 4.75 8393125
4.44 2.85 3.62 2.42 3.14 2.85 2.80 4.10 2.55 2.08 2.48 4.39 2.68 2.73 6.26 2.55 2.18 3.39 2.98 2.36 2.59 3.79 2.61 2.92 0.00 2.37 2.83 3.37 2.95 2.79 3.36 5.21 8406215
4.59 2.67 2.42 2.39 3.03 3.02 2.55 2.13 3.63 2.23 3.16 2.20 3.47 2.32 3.23 3.01 2.40 2.82 3.41 5.70 2.68 2.24 2.30 2.39 0.00 2.57 2.74 2.64 2.23 2.26 2.80 4.70 8419305
4.62 2.67 4.81 2.35 4.48 2.30 2.36 2.68 2.88 2.76 4.35 5.53 2.58 2.46 2.28 3.00 2.32 2.75 2.98 3.58 2.83 0.00 3.18 2.01 0.00 2.43 2.62 3.08 2.57 3.49 2.99 4.34 8432395
3.96 2.87 2.82 2.36 3.18 3.06 2.76 2.78 3.04 2.30 2.64 4.19 6.34 2.24 5.29 2.33 2.09 3.08 2.53 4.02 3.05 0.00 2.36 2.34 0.00 2.45 2.73 3.06 2.68 3.32 2.17 3.57 8445485
3.72 2.93 4.73 2.51 4.32 2.71 2.45 2.58 4.09 2.44 2.51 3.62 6.05 2.12 3.05 2.48 2.41 2.64 2.72 2.61 2.27 4.83 2.58 2.51 0.00 2.23 2.23 2.75 2.43 3.17 2.91 3.32 8458575
3.76 2.75 4.22 2.59 3.68 2.61 2.36 2.93 2.52 2.71 2.55 2.99 3.42 2.26 4.09 2.89 2.14 2.93 2.71 3.70 2.42 4.41 3.26 2.46 0.00 2.26 2.05 3.13 2.72 4.62 2.83 3.76 8471665
2.98 2.61 4.45 2.48 4.43 3.13 2.59 4.66 2.61 2.13 4.88 4.34 2.20 2.89 6.43 2.31 2.06 2.84 3.62 4.35 2.83 4.30 2.50 2.22 0.00 2.64 2.42 3.45 3.27 2.41 2.31 2.42 8484755
4.48 2.55 2.17 2.16 3.71 3.52 2.38 2.47 2.63 2.14 4.80 5.84 3.06 2.89 8.46 2.70 2.34 2.49 2.42 5.70 3.29 0.00 2.61 2.54 0.00 2.32 2.33 3.58 2.44 2.97 3.04 4.48 8497845
4.56 2.86 3.62 2.52 2.86 3.22 2.96 2.63 2.82 2.30 3.80 4.21 4.71 2.56 5.69 2.17 2.12 2.93 3.80 9.09 3.71 5.27 2.56 2.38 0.00 2.79 3.36 3.62 2.83 2.52 2.78 3.23 8510935
4.21 2.62 4.41 3.11 3.95 3.75 2.90 3.00 2.93 2.79 4.79 2.28 3.99 4.92 8.45 4.95 2.20 2.94 2.73 6.80 3.35 5.17 2.96 2.17 0.00 2.77 2.10 3.52 2.24 2.30 4.61 5.04 8524025
4.54 2.58 4.98 2.74 2.60 3.60 2.81 2.91 2.70 2.34 4.28 0.00 4.35 2.53 8.45 2.35 2.17 2.77 2.87 9.10 2.52 5.24 2.91 2.24 0.00 2.76 3.16 3.21 2.91 3.90 3.51 4.57 8537115
4.46 3.00 5.05 2.87 4.29 2.89 2.59 4.89 3.70 3.39 3.83 5.29 2.78 2.97 8.10 2.77 2.10 2.84 2.43 2.45 3.56 5.27 2.93 2.48 0.00 3.30 3.66 3.50 4.00 5.04 2.85 4.88 8550205
4.36 2.94 5.07 2.53 4.34 4.25 2.74 3.19 2.65 2.55 3.69 5.43 6.24 5.02 8.44 0.00 2.23 2.92 2.85 4.51 3.14 0.00 2.41 2.51 0.00 2.71 3.38 3.97 3.70 5.82 3.64 4.95 8563295
4.32 2.98 5.08 3.04 4.29 2.92 2.78 2.54 2.34 2.49 4.72 4.61 6.53 3.77 8.45 2.66 2.20 2.76 4.19 9.09 3.36 5.47 3.24 2.23 0.00 2.67 3.23 3.54 3.56 4.40 4.86 5.02 8576385
4.29 3.03 5.03 2.61 4.24 4.13 3.24 2.59 2.85 3.81 4.85 5.01 0.00 6.85 3.19 2.07 2.56 3.01 6.30 0.00 3.54 5.38 3.48 3.02 0.00 2.69 3.30 3.80 4.00 2.79 4.18 5.07 8589475
4.24 2.91 5.24 2.62 4.26 3.07 3.32 2.70 2.92 2.57 4.10 5.44 0.00 5.46 8.48 7.62 2.03 2.99 6.21 9.14 3.52 0.00 3.21 2.83 0.00 3.21 3.76 3.60 5.26 4.42 3.93 5.20 8602565
4.40 2.96 5.00 3.24 4.15 4.11 2.95 0.00 2.87 3.07 4.09 5.01 6.11 3.24 6.01 5.75 2.81 2.84 5.65 7.37 3.19 5.46 2.98 0.00 0.00 2.74 3.78 3.74 3.47 6.94 4.53 4.95 8615655
4.21 2.99 4.90 3.30 4.26 4.05 3.34 5.93 4.56 3.34 4.92 4.96 6.59 2.32 8.46 0.00 2.46 3.77 6.19 8.93 3.30 5.60 2.68 2.22 0.00 2.70 3.65 3.59 3.16 6.82 4.74 5.08 8628745
4.55 2.56 5.10 3.17 4.22 3.95 3.23 5.84 5.20 2.36 4.67 4.83 6.28 5.37 8.43 8.10 2.41 3.71 2.81 8.95 3.48 5.54 6.57 0.00 0.00 2.89 3.67 3.82 3.98 6.22 4.46 5.03 8641835
4.06 3.00 4.70 3.19 4.17 3.81 3.42 4.16 2.77 3.68 4.63 5.46 6.26 5.03 8.44 7.79 2.06 3.41 6.48 8.95 2.96 0.00 4.22 4.64 0.00 2.82 3.78 3.85 4.81 6.76 3.46 5.10 8654925
4.15 2.92 5.13 3.55 4.27 4.10 3.33 5.73 2.65 2.92 4.48 4.60 6.14 4.75 8.43 0.00 2.50 3.72 6.41 9.41 3.62 0.00 3.02 4.91 0.00 2.69 3.59 3.80 4.26 7.00 4.77 4.99 8668015
4.11 2.96 5.13 3.13 4.19 3.96 4.03 6.30 5.32 4.56 4.49 4.81 6.35 6.61 8.45 0.00 2.97 3.83 6.25 8.85 2.43 0.00 10.29 4.23 0.00 0.00 3.52 4.11 4.04 7.08 5.16 5.04 8681106
4.17 3.07 5.40 2.94 4.20 3.96 3.40 6.16 3.53 4.14 4.34 4.60 6.12 6.67 8.50 0.00 2.04 4.03 6.41 9.23 3.73 5.80 6.08 4.50 0.00 2.67 3.64 3.97 4.86 7.24 4.83 5.10 8694195
4.05 3.03 5.09 2.87 4.22 3.99 3.29 6.24 5.18 2.36 4.26 4.59 6.06 4.38 8.47 0.00 0.00 3.79 6.57 9.01 3.05 0.00 6.17 2.34 0.00 2.80 3.51 3.57 4.86 7.09 4.47 4.98 8707285
4.06 2.97 5.12 3.23 4.24 4.02 3.32 5.94 5.22 2.52 4.24 0.00 6.15 6.40 8.40 0.00 2.78 3.97 6.47 9.02 3.64 5.55 8.80 0.00 0.00 2.95 3.86 3.91 5.34 7.27 4.79 5.11 8720375
4.10 3.03 5.23 3.29 4.23 4.00 3.27 5.95 2.60 2.52 4.23 4.65 6.06 6.78 8.42 0.00 2.92 3.59 5.46 9.02 3.64 5.76 0.00 0.00 0.00 2.77 3.69 3.90 4.17 7.04 4.87 5.12 8733465
4.08 2.93 5.34 2.99 4.32 3.99 0.00 5.74 2.28 3.57 4.33 4.22 6.27 6.78 8.39 0.00 2.50 3.78 6.88 8.85 3.73 0.00 8.04 0.00 0.00 2.61 3.58 3.96 5.37 7.40 4.79 4.93 8746555
4.10 3.03 5.22 3.02 4.26 4.00 3.31 5.91 5.31 4.17 4.32 4.43 6.09 6.77 8.45 0.00 2.87 3.91 6.29 8.77 3.81 5.74 0.00 0.00 0.00 2.67 3.56 4.23 4.86 7.47 4.80 5.04 8759645
4.16 3.05 5.08 3.21 4.26 3.92 3.27 5.66 3.48 4.21 4.32 4.25 6.22 6.64 8.41 0.00 0.00 4.34 6.95 8.95 4.17 5.70 3.36 4.35 0.00 2.96 3.59 0.00 3.27 7.53 4.87 5.11 8772735
4.11 3.04 0.00 2.82 4.26 3.95 3.28 6.09 5.03 4.25 4.28 4.13 6.04 6.83 8.33 0.00 2.04 3.83 6.79 9.02 4.03 5.67 5.23 4.06 0.00 2.88 3.57 4.18 5.17 7.44 4.94 5.01 8785825
4.47 2.98 5.23 3.38 4.23 3.95 0.00 5.61 5.11 4.21 4.27 4.04 5.93 6.64 8.37 0.00 0.00 3.89 6.47 8.99 4.32 5.83 0.00 4.48 0.00 2.97 3.53 4.41 5.44 7.83 4.92 5.01 8798915
4.54 2.95 5.18 3.32 4.29 3.94 3.22 5.58 4.89 4.19 4.21 3.92 6.18 6.78 9.07 0.00 2.16 3.72 5.91 8.98 4.25 5.83 0.00 3.98 0.00 2.79 3.58 4.36 5.27 7.52 4.85 5.00 8812005
4.22 2.97 0.00 3.06 4.20 3.99 3.44 6.32 4.84 4.19 4.13 3.93 5.96 6.75 8.47 0.00 2.05 3.76 6.80 9.64 4.36 5.90 10.51 4.59 0.00 2.83 3.63 4.11 5.89 7.44 4.72 5.05 8825096
4.11 3.00 0.00 3.16 4.18 3.93 0.00 5.81 4.65 4.04 4.19 4.38 6.06 6.89 8.48 0.00 2.06 3.75 6.67 8.98 4.34 5.82 0.00 4.40 0.00 2.87 3.58 4.41 5.77 7.36 4.74 5.11 8838185
4.15 3.04 5.23 3.28 4.18 3.96 3.91 5.73 3.52 4.13 4.35 3.88 6.36 5.83 8.47 0.00 2.87 3.67 6.89 9.03 4.43 0.00 10.27 4.81 0.00 2.68 3.67 4.89 3.79 7.45 4.68 0.00 8851276
4.24 3.00 0.00 3.35 4.24 3.99 3.54 5.99 4.47 4.04 4.17 4.30 6.09 6.59 8.40 0.00 2.35 3.77 6.45 8.90 4.32 5.78 10.28 0.00 0.00 2.65 3.74 4.93 5.94 7.17 4.76 5.15 8864366
4.17 2.96 5.22 2.89 4.85 3.95 3.72 6.05 4.56 3.59 4.12 3.89 6.07 4.44 8.44 0.00 2.22 3.82 6.84 9.02 4.26 5.86 10.64 4.54 0.00 2.66 3.74 4.95 5.06 7.35 4.72 5.15 8877456
4.17 2.99 0.00 2.89 4.21 3.91 3.55 5.63 4.03 4.14 4.15 4.21 5.96 6.54 8.47 0.00 2.12 3.70 6.90 8.98 4.54 6.36 10.26 4.76 0.00 2.97 3.60 4.96 6.02 7.08 4.74 5.12 8890546
4.25 3.01 5.84 3.20 4.20 3.96 0.00 5.47 3.91 3.45 4.14 3.86 5.74 5.77 8.42 0.00 2.45 4.06 6.35 9.07 4.42 6.03 0.00 4.04 0.00 2.67 3.60 5.10 5.73 7.08 4.87 5.09 8903635
4.21 2.90 0.00 3.10 4.30 3.96 0.00 5.60 3.95 4.29 4.32 4.08 6.07 6.60 8.39 0.00 2.06 3.67 6.77 8.83 4.65 6.28 10.69 0.00 0.00 2.59 3.64 5.44 6.39 6.93 4.87 5.28 8916726
4.19 3.00 0.00 3.22 4.27 3.96 3.53 5.76 3.83 4.17 4.14 3.88 5.97 6.52 8.45 0.00 2.16 4.32 6.83 8.97 4.49 5.94 10.24 4.74 0.00 2.54 3.66 5.36 6.07 6.96 4.94 5.18 8929816
4.19 2.99 0.00 3.23 4.27 3.92 0.00 5.55 3.84 4.07 4.09 3.87 5.66 6.61 7.88 0.00 3.02 3.82 6.87 9.06 4.46 0.00 10.73 4.40 0.00 2.68 3.57 5.47 6.11 6.92 4.84 5.05 8942906
4.24 3.08 0.00 3.45 4.56 3.91 3.42 5.89 3.74 4.26 4.15 3.83 5.99 6.55 8.28 0.00 2.57 4.04 6.47 9.06 4.50 6.07 0.00 5.45 0.00 2.47 3.65 6.15 6.46 7.15 4.86 5.05 8955995
4.28 2.99 0.00 3.21 4.24 3.96 3.74 5.20 3.89 4.09 4.13 3.91 0.00 5.08 8.12 0.00 2.07 3.95 6.58 9.02 4.56 6.11 0.00 4.71 0.00 2.61 3.64 5.75 6.25 7.00 5.61 5.04 8969085
4.58 2.97 0.00 3.22 4.25 3.92 0.00 5.34 3.75 4.09 4.07 3.88 5.68 6.61 7.60 0.00 0.00 3.90 6.62 9.27 4.45 0.00 0.00 0.00 0.00 2.73 3.66 5.68 6.42 7.23 4.94 5.15 8982175
4.41 2.99 0.00 3.21 4.47 3.94 0.00 5.50 3.72 4.07 3.99 3.93 6.32 5.31 7.55 0.00 2.92 3.71 6.92 8.97 4.64 6.11 0.00 4.48 0.00 2.63 3.71 5.81 6.43 7.06 4.93 5.00 8995265
4.28 3.01 0.00 3.37 4.19 3.96 0.00 5.33 3.90 4.03 3.94 3.97 5.68 3.51 7.48 0.00 2.72 3.90 6.91 9.04 4.55 0.00 0.00 5.49 0.00 2.23 3.66 6.37 6.17 7.08 4.90 4.98 9008355
4.28 2.99 0.00 3.16 4.27 4.05 0.00 5.42 3.77 3.97 4.05 4.10 5.65 5.26 5.55 0.00 2.14 3.84 6.39 9.05 4.64 5.84 0.00 0.00 0.00 2.35 3.59 0.00 6.16 7.26 5.30 5.05 9021445
4.33 2.99 0.00 3.48 4.33 3.97 0.00 5.55 3.61 3.99 4.02 3.88 5.68 6.55 7.63 8.18 2.03 3.85 6.62 8.94 4.75 6.11 0.00 0.00 0.00 2.50 3.61 5.80 6.23 7.17 5.00 5.31 9034535
4.23 3.01 0.00 3.21 4.32 3.92 0.00 5.36 3.67 3.95 4.03 3.98 5.78 6.55 7.28 0.00 2.08 3.80 6.79 9.05 4.50 6.04 0.00 5.18 0.00 2.18 3.58 6.29 6.40 6.96 4.99 5.03 9047625
4.30 3.02 0.00 3.23 4.23 3.96 0.00 5.51 3.61 3.66 4.08 4.00 5.82 6.57 7.59 7.71 2.02 3.90 6.61 9.03 4.60 5.96 0.00 5.17 0.00 2.43 3.70 5.56 6.35 7.04 5.03 4.96 9060715
4.31 2.99 0.00 3.21 4.78 4.02 0.00 5.13 3.57 4.04 4.10 4.09 5.70 6.67 7.48 7.69 2.01 4.02 7.21 9.03 4.56 5.87 0.00 4.45 0.00 2.24 3.59 5.57 5.47 6.96 4.99 4.93 9073805
4.66 3.01 0.00 3.26 4.43 4.00 0.00 5.35 3.61 4.13 4.08 4.04 6.04 6.44 7.42 7.64 0.00 3.71 7.47 8.99 4.87 0.00 0.00 4.65 0.00 2.27 3.61 0.00 6.43 6.98 5.04 0.00 9086895
4.27 2.99 0.00 3.40 4.26 3.94 0.00 5.56 3.75 4.09 4.04 4.02 5.40 6.48 7.39 7.67 2.05 3.71 6.92 8.91 4.81 5.92 10.74 4.80 0.00 2.09 3.60 6.26 6.52 6.90 5.09 4.95 9099986
4.30 2.99 0.00 3.20 4.26 3.92 0.00 5.57 3.78 4.01 4.02 4.07 5.48 6.42 7.25 7.73 2.02 3.68 6.92 9.03 4.56 5.96 10.72 0.00 0.00 2.33 3.61 0.00 6.49 7.08 5.07 4.91 9113076
4.37 3.00 0.00 3.21 4.33 3.95 3.74 5.26 3.59 4.02 4.08 4.77 5.81 6.45 7.29 7.55 2.04 3.76 7.56 8.76 4.57 5.98 0.00 0.00 0.00 2.24 3.59 6.03 6.40 6.97 5.08 4.97 9126165
4.36 2.99 0.00 3.21 4.30 3.96 0.00 5.14 3.45 3.96 4.06 0.00 5.63 6.35 7.25 7.78 2.79 3.83 6.80 9.06 4.51 6.35 0.00 5.16 0.00 2.63 3.68 0.00 6.50 7.04 5.13 4.94 9139255
4.31 3.00 0.00 3.38 4.46 3.96 0.00 5.19 3.66 3.93 4.04 4.06 5.46 6.85 7.38 7.78 2.21 3.87 6.78 9.05 4.78 0.00 10.55 5.31 0.00 2.17 3.64 0.00 6.54 6.91 5.04 5.00 9152346
4.25 3.00 0.00 3.23 4.24 3.96 0.00 5.16 3.56 4.02 4.22 4.00 6.11 6.51 7.58 7.63 2.22 4.09 6.99 9.09 4.68 6.02 10.41 4.66 0.00 2.19 3.65 0.00 6.60 7.07 5.02 4.94 9165436
4.29 2.99 0.00 3.20 4.27 3.93 0.00 5.67 3.50 4.00 4.09 4.09 5.52 6.97 7.47 7.83 2.16 3.78 7.15 8.91 5.04 6.58 0.00 5.22 0.00 2.82 3.70 0.00 6.46 6.91 5.05 5.00 9178525
4.28 3.01 0.00 3.17 4.27 3.95 0.00 5.04 3.70 4.02 4.14 4.06 5.49 6.39 7.35 8.61 2.30 3.92 0.00 9.06 4.61 5.89 0.00 0.00 0.00 2.39 3.65 0.00 6.49 7.03 5.12 0.00 9191615
4.27 3.00 0.00 3.21 4.31 3.94 0.00 5.14 3.58 3.94 4.08 4.23 5.94 6.26 7.47 8.21 2.07 4.23 6.89 8.89 4.51 0.00 0.00 0.00 0.00 2.03 3.71 0.00 6.47 7.70 5.12 0.00 9204705
4.26 3.00 0.00 3.48 4.31 3.93 0.00 5.27 3.50 3.91 4.06 4.10 5.95 6.27 7.20 7.58 2.07 3.79 7.21 9.05 4.65 5.89 0.00 0.00 0.00 2.08 3.69 0.00 6.49 7.04 5.49 5.01 9217795
0.00 2.98 0.00 0.00 4.32 3.99 0.00 5.64 3.40 3.90 4.01 4.20 5.57 6.17 7.23 7.41 2.06 3.82 6.84 8.80 4.52 6.05 0.00 0.00 0.00 2.63 3.68 0.00 6.42 6.97 5.19 4.93 9230885
4.29 2.99 0.00 3.46 4.91 3.94 0.00 5.06 3.66 3.90 4.03 4.20 5.44 6.18 7.20 7.55 2.02 3.80 7.08 8.89 4.55 5.87 0.00 0.00 0.00 2.19 3.70 0.00 6.48 6.94 5.08 5.35 9243975
4.28 3.00 0.00 3.42 4.23 3.91 0.00 5.04 3.46 3.87 4.00 4.00 5.78 6.37 7.21 7.53 2.90 3.80 7.02 9.12 4.78 6.04 0.00 0.00 0.00 2.26 3.70 0.00 6.45 6.93 5.09 5.73 9257065
4.26 2.99 0.00 3.16 4.29 3.93 0.00 5.06 3.37 3.86 4.02 4.03 5.74 6.43 7.14 7.57 0.00 3.76 0.00 9.04 4.54 0.00 0.00 0.00 0.00 2.73 3.76 0.00 6.43 7.21 5.10 0.00 9270155
4.32 3.01 0.00 3.22 4.30 3.94 0.00 5.44 3.39 3.82 4.10 4.08 5.42 6.15 7.16 7.51 0.00 4.05 6.83 9.03 5.22 0.00 0.00 0.00 0.00 2.51 3.73 0.00 6.48 7.02 5.17 4.96 9283245
4.59 3.00 0.00 3.21 4.30 4.04 0.00 5.05 3.51 3.81 4.03 4.14 6.00 6.30 7.15 7.41 3.06 3.78 7.65 8.92 4.66 5.91 0.00 4.98 0.00 2.15 3.76 0.00 0.00 6.93 5.12 5.01 9296335
4.39 3.00 0.00 3.26 0.00 3.91 0.00 4.98 3.39 3.88 4.09 4.23 5.27 6.28 7.26 7.64 3.08 3.89 0.00 9.02 4.45 5.89 0.00 0.00 0.00 2.23 3.77 0.00 6.53 7.45 5.12 4.96 9309425
4.35 2.99 0.00 3.21 4.29 3.91 0.00 5.05 3.41 3.82 4.02 4.13 5.52 6.06 7.20 7.29 2.42 3.92 7.09 8.97 4.61 0.00 10.76 0.00 0.00 2.12 3.78 0.00 6.73 7.09 5.24 4.90 9322516
4.50 2.99 0.00 3.23 0.00 3.97 0.00 5.02 3.45 3.83 4.01 4.24 5.47 6.31 7.01 7.33 0.00 3.73 7.15 8.99 4.51 6.42 10.49 0.00 0.00 2.30 3.76 0.00 6.46 7.14 5.36 5.07 9335606
4.28 3.02 0.00 0.00 0.00 3.91 0.00 4.89 3.41 3.77 4.14 4.11 5.29 6.14 6.96 7.19 2.05 3.84 6.80 9.03 4.58 0.00 10.64 0.00 0.00 2.08 3.77 0.00 6.56 6.91 5.12 5.03 9348696
4.48 3.00 0.00 0.00 4.29 3.93 0.00 4.92 3.38 3.88 4.04 4.27 5.56 6.09 7.04 7.13 0.00 3.94 7.11 8.85 4.54 6.00 0.00 0.00 0.00 2.25 3.76 0.00 6.52 6.98 5.41 5.27 9361785
4.27 2.98 0.00 0.00 4.24 3.98 3.41 4.88 3.52 3.71 4.10 4.13 5.02 5.55 6.74 7.06 2.15 4.14 7.21 9.08 4.75 6.07 0.00 0.00 0.00 2.40 3.75 0.00 6.09 6.91 5.15 0.00 9374875
4.33 2.98 0.00 0.00 4.30 3.95 0.00 5.67 3.52 3.72 4.13 4.10 5.09 5.67 6.99 7.09 0.00 4.00 7.07 9.02 4.51 0.00 0.00 5.36 0.00 2.14 3.74 0.00 6.42 7.07 5.22 5.03 9387965
4.27 3.01 0.00 3.49 4.31 3.99 3.71 5.02 3.56 3.79 4.10 4.14 4.98 5.96 6.98 7.00 2.55 3.96 6.98 8.91 4.81 5.90 0.00 0.00 0.00 2.53 3.73 0.00 6.61 7.11 5.43 0.00 9401055
4.26 3.01 0.00 3.01 4.21 3.95 3.73 4.93 3.58 3.76 4.10 4.23 4.94 5.48 6.53 6.48 2.12 3.81 6.99 8.98 5.07 5.88 10.56 4.78 0.00 2.01 3.75 6.15 6.42 6.81 5.25 5.09 9414146
4.31 3.00 0.00 0.00 4.23 3.95 0.00 4.66 3.31 3.77 4.13 4.25 4.85 4.92 6.42 6.18 2.07 4.11 6.81 8.99 4.61 5.75 0.00 4.64 0.00 2.20 3.77 0.00 6.53 6.85 5.34 5.05 9427235
4.39 3.01 0.00 0.00 4.36 4.00 3.29 4.93 3.40 3.64 4.12 4.42 4.97 5.81 6.48 6.09 2.01 4.39 6.55 8.97 4.80 5.86 10.92 4.86 0.00 2.02 3.54 0.00 6.66 6.86 5.25 4.94 9440326
4.40 2.99 0.00 0.00 0.00 3.93 3.49 5.35 3.31 3.65 4.34 4.41 4.66 2.38 6.72 6.01 2.99 3.73 7.04 9.01 4.59 5.88 10.66 5.30 0.00 2.30 3.40 0.00 6.58 6.95 5.25 4.96 9453416
4.54 2.99 0.00 0.00 4.32 3.98 0.00 4.62 3.41 3.69 4.26 4.75 4.48 5.56 5.97 5.61 2.67 3.96 6.79 9.00 4.80 6.11 10.72 0.00 0.00 0.00 3.48 0.00 6.54 6.82 5.25 4.91 9466506
4.37 3.00 0.00 0.00 4.33 3.96 0.00 4.62 3.32 3.75 4.34 4.55 4.71 5.09 5.95 5.65 2.09 3.98 7.10 9.02 4.68 5.84 10.71 4.83 0.00 2.18 3.57 0.00 6.61 6.91 5.34 4.99 9479596
4.53 2.97 0.00 3.49 4.28 3.96 3.29 4.58 3.29 3.84 4.69 4.64 4.51 5.47 5.93 5.66 2.23 4.11 6.98 9.02 5.21 5.93 10.78 0.00 0.00 2.18 3.28 0.00 6.76 6.68 5.23 5.57 9492686
4.39 2.98 0.00 3.28 4.31 3.97 0.00 4.88 3.37 3.30 4.39 4.78 4.35 4.29 5.88 5.78 2.06 4.12 6.74 8.99 4.76 6.31 10.28 4.66 0.00 2.09 3.38 0.00 6.70 7.00 5.26 5.13 9505776
4.35 3.01 0.00 3.25 4.30 4.28 0.00 4.52 3.49 3.82 4.43 4.66 4.38 4.17 5.88 5.98 2.03 3.81 0.00 8.98 5.03 0.00 10.43 4.25 0.00 2.02 3.36 0.00 6.81 6.73 5.43 5.00 9518866
4.36 2.98 0.00 3.47 0.00 3.96 3.69 4.60 3.28 3.90 4.43 4.91 4.42 4.13 6.00 6.27 2.04 3.91 6.59 9.03 4.64 0.00 10.74 0.00 0.00 2.03 3.41 0.00 6.60 5.51 5.38 4.89 9531956
4.43 2.98 0.00 3.36 4.32 4.26 3.29 4.60 3.17 3.87 4.45 4.98 4.47 5.14 5.91 6.56 2.09 3.99 0.00 9.04 4.79 5.75 0.00 4.52 0.00 2.82 3.46 0.00 6.17 6.65 5.55 4.95 9545045
4.37 2.94 0.00 3.20 4.29 3.99 0.00 4.41 3.20 3.94 4.57 5.20 4.32 5.13 5.46 6.51 2.05 3.79 6.38 8.95 4.66 5.65 2.68 0.00 0.00 0.00 3.54 0.00 6.48 6.91 5.37 5.01 9558135
4.34 2.99 0.00 3.44 4.71 4.02 3.56 4.36 3.24 3.95 4.55 5.03 4.33 4.52 5.98 6.79 2.09 4.12 7.19 9.04 5.02 5.94 2.72 5.53 0.00 2.10 3.23 0.00 7.09 6.75 5.53 5.01 9571225
4.43 3.04 0.00 3.56 4.64 3.95 3.74 4.50 3.31 4.15 4.51 0.00 4.47 5.28 6.18 6.93 2.18 4.25 7.46 8.98 4.65 5.72 10.51 2.78 0.00 2.02 3.06 0.00 6.68 6.66 5.62 5.54 9584316
4.26 3.00 0.00 3.47 4.19 3.93 3.65 4.48 3.18 3.84 4.57 5.31 4.39 3.93 6.49 7.06 2.16 3.99 6.58 8.99 3.53 5.83 9.16 3.99 0.00 2.08 3.06 0.00 6.92 6.84 4.94 4.85 9597405
4.29 3.00 0.00 3.25 4.22 3.88 3.30 4.44 3.21 4.08 4.71 5.28 4.43 5.33 5.99 7.16 2.07 4.07 7.02 8.99 4.16 5.66 10.41 4.40 0.00 2.05 3.39 0.00 6.76 4.68 5.73 5.24 9610496
4.32 2.99 0.00 3.36 4.20 3.97 0.00 4.41 3.18 4.11 4.80 5.34 4.44 5.12 6.99 7.63 2.13 4.33 7.08 0.00 4.69 6.10 10.62 4.46 0.00 2.11 3.10 0.00 6.75 6.98 5.57 4.86 9623586
4.35 2.97 0.00 3.29 4.20 3.93 0.00 4.53 3.25 3.97 4.72 5.31 4.44 5.38 7.39 7.55 2.14 3.93 6.66 8.93 4.61 5.67 0.00 5.42 0.00 0.00 3.11 0.00 6.75 6.69 5.90 4.86 9636675
4.33 2.98 0.00 3.36 4.31 3.98 3.67 4.39 3.41 3.93 4.77 5.45 4.67 4.61 7.37 7.55 2.08 4.07 6.78 9.02 4.82 5.72 10.81 4.19 0.00 2.01 3.50 0.00 7.43 6.56 5.83 4.87 9649766
4.47 2.96 0.00 3.18 4.44 3.87 3.62 4.42 3.37 4.03 4.81 5.47 4.66 4.88 7.84 7.91 2.09 3.74 7.12 9.05 4.76 5.63 4.68 0.00 0.00 2.01 3.08 0.00 6.84 6.73 6.08 4.98 9662855
4.36 3.00 0.00 3.20 4.21 3.89 0.00 4.43 3.25 3.94 4.77 5.44 4.84 5.55 7.39 8.08 2.34 3.90 6.70 8.79 4.74 0.00 10.60 4.39 0.00 2.09 3.03 0.00 3.18 6.53 6.06 4.77 9675946
4.34 2.98 0.00 3.25 4.30 3.89 0.00 4.38 3.15 4.02 4.87 5.59 4.88 5.57 7.71 8.49 2.12 3.86 7.21 8.91 4.98 0.00 10.98 4.83 0.00 2.09 2.91 0.00 6.58 6.72 6.13 4.88 9689036
4.36 2.96 0.00 3.51 4.27 3.95 3.74 4.43 3.27 4.02 4.90 5.56 4.39 5.51 7.71 7.97 2.07 4.27 6.58 9.04 4.84 0.00 10.54 4.60 0.00 2.04 3.29 0.00 5.82 6.87 6.08 4.94 9702126
4.32 2.97 0.00 3.28 4.30 3.89 3.31 4.33 3.32 4.02 4.98 5.60 5.06 5.76 7.69 8.25 2.01 3.98 6.68 9.05 4.78 0.00 10.53 0.00 0.00 2.06 2.81 0.00 6.27 6.45 5.32 5.44 9715216
4.92 3.00 0.00 3.37 4.87 3.89 0.00 4.50 3.20 4.03 5.26 6.03 5.04 5.76 7.95 0.00 2.15 3.76 6.71 8.98 3.78 0.00 10.89 0.00 0.00 2.20 2.88 0.00 5.60 5.99 5.99 5.31 9728306
4.39 3.01 0.00 3.34 4.27 3.94 3.42 4.30 3.33 4.00 5.90 5.71 5.02 5.69 8.01 0.00 2.27 3.87 6.74 8.97 4.90 5.66 10.54 4.57 0.00 2.14 2.73 0.00 6.54 6.44 6.06 5.05 9741396
4.80 3.00 0.00 3.12 4.25 3.97 3.71 4.51 3.42 4.09 5.12 5.78 5.15 5.77 7.82 8.46 2.06 3.88 6.65 8.61 4.74 5.63 10.77 5.31 0.00 2.06 2.63 0.00 6.03 6.52 6.34 5.20 9754486
4.46 3.05 0.00 3.22 4.19 3.90 3.72 4.57 3.32 4.13 5.09 5.70 5.09 5.86 8.25 0.00 2.08 3.76 6.40 9.04 4.84 5.66 0.00 5.19 0.00 0.00 2.63 0.00 6.62 6.61 6.00 5.29 9767575
4.45 2.98 0.00 3.33 4.24 3.93 0.00 4.33 3.26 4.01 5.31 5.86 5.30 5.90 7.98 0.00 2.06 3.72 7.04 9.02 4.78 0.00 0.00 0.00 0.00 2.05 2.68 5.72 6.38 6.46 6.09 5.23 9780665
4.38 2.99 0.00 3.49 4.26 3.90 3.71 4.36 3.25 3.99 5.09 5.73 5.15 5.90 8.04 0.00 2.05 3.74 6.90 8.96 4.83 0.00 10.72 4.84 0.00 2.04 2.65 0.00 6.51 6.54 6.08 5.65 9793756
4.43 3.01 0.00 3.47 4.22 4.05 4.12 4.41 3.36 4.08 5.17 5.97 5.17 5.90 8.14 0.00 2.13 3.95 6.55 8.98 4.91 5.55 10.49 0.00 0.00 2.19 2.67 0.00 6.46 6.61 6.00 5.53 9806846
4.49 3.00 0.00 3.09 4.80 3.87 3.78 4.39 3.33 4.10 5.25 5.94 5.35 5.82 8.55 0.00 2.07 3.78 6.86 9.03 4.88 5.61 4.81 0.00 0.00 2.05 2.67 0.00 6.46 6.56 6.13 5.42 9819935
4.44 2.99 0.00 3.19 4.24 3.90 3.66 4.31 3.28 4.06 5.26 5.92 5.30 5.81 8.17 0.00 2.04 4.01 6.99 9.02 4.83 5.61 10.78 5.26 0.00 2.22 2.71 6.06 6.45 6.38 6.05 5.57 9833026
4.62 2.98 0.00 3.01 4.27 3.94 3.53 4.37 3.36 4.03 5.30 5.88 5.60 5.82 8.27 0.00 2.03 4.07 7.04 9.22 4.90 5.63 10.66 4.52 0.00 0.00 2.59 0.00 6.39 0.00 6.10 5.69 9846116
4.44 3.02 0.00 3.26 4.26 3.87 3.57 4.80 3.27 4.06 5.27 6.12 5.11 5.90 8.36 0.00 2.05 4.00 7.01 8.97 4.88 5.63 10.47 0.00 0.00 2.10 2.72 0.00 6.41 6.31 6.05 5.56 9859206
4.47 3.00 0.00 3.24 4.22 3.97 3.63 4.69 3.34 4.04 5.21 5.99 5.85 5.84 7.84 10.53 2.12 4.12 7.29 8.98 4.87 5.56 10.67 5.30 0.00 0.00 2.65 6.01 6.50 6.31 6.01 5.65 9872297
4.56 2.98 0.00 3.39 4.46 3.90 3.62 4.48 3.53 4.05 5.19 6.17 5.31 5.94 7.85 0.00 2.14 3.96 7.11 9.03 4.95 0.00 10.86 4.53 0.00 2.07 2.64 5.98 6.94 0.00 6.00 5.58 9885386
4.48 2.99 0.00 3.01 4.25 3.82 3.53 4.65 3.36 3.95 5.20 5.92 5.38 5.84 7.93 0.00 2.33 4.09 6.90 8.97 4.95 5.66 10.49 0.00 0.00 2.08 2.67 5.88 6.48 6.27 6.00 5.65 9898476
4.51 2.98 0.00 3.25 4.35 3.84 3.55 4.50 3.30 4.07 5.30 6.09 5.35 5.99 7.98 0.00 2.10 4.10 7.02 9.04 5.02 5.60 10.36 0.00 0.00 2.02 3.04 5.57 6.31 6.24 6.01 5.87 9911566
4.45 2.99 0.00 3.04 4.91 3.87 0.00 4.51 3.30 4.04 5.34 0.00 5.25 5.88 8.02 0.00 2.11 4.00 7.53 9.02 5.02 6.18 0.00 0.00 0.00 2.04 3.39 0.00 6.31 6.22 6.13 5.99 9924655
4.44 3.00 0.00 0.00 4.28 3.93 3.66 4.44 3.54 4.13 5.44 6.17 5.37 6.04 7.76 0.00 2.13 4.11 0.00 9.04 4.95 5.68 10.82 0.00 0.00 2.06 2.65 5.50 6.32 6.21 5.94 5.76 9937746
4.85 2.99 0.00 3.21 4.32 3.86 3.67 4.80 3.23 4.15 5.35 6.06 5.27 5.91 7.94 0.00 2.12 3.90 0.00 8.93 5.03 5.65 10.62 4.43 0.00 2.03 2.62 0.00 6.42 6.21 6.29 5.70 9950836
4.46 2.99 0.00 3.33 0.00 3.90 3.68 4.52 3.25 3.98 5.37 6.10 5.19 6.01 8.07 0.00 2.06 3.75 6.95 8.83 4.92 5.63 10.48 0.00 0.00 0.00 2.53 0.00 6.37 6.32 6.66 6.34 9963926
4.41 2.99 0.00 3.23 4.32 3.97 3.63 4.37 3.33 3.97 5.24 6.01 5.30 6.01 8.07 0.00 2.14 3.96 7.03 8.86 5.06 0.00 10.79 4.54 0.00 2.14 2.51 0.00 6.39 6.31 6.03 5.80 9977016
4.46 3.00 0.00 3.43 0.00 3.90 3.57 4.42 3.26 4.00 5.24 6.10 5.32 6.10 7.97 0.00 2.10 4.11 0.00 8.77 5.11 5.69 0.00 5.24 0.00 0.00 2.63 5.36 6.56 6.25 6.01 5.69 9990105
4.45 3.00 0.00 3.38 0.00 3.89 3.69 4.38 3.25 3.95 5.43 6.23 5.22 6.04 7.87 0.00 2.15 3.90 0.00 8.90 5.26 5.76 11.00 0.00 0.00 2.03 2.59 5.44 6.51 6.28 6.11 6.12 10003196
4.43 3.00 0.00 3.20 4.23 3.87 3.69 4.43 3.23 4.01 5.24 6.07 5.19 6.29 7.86 0.00 2.27 3.92 7.14 8.50 5.17 5.59 10.35 4.58 0.00 2.08 2.50 5.56 6.47 6.26 5.95 5.68 10016286
4.41 3.01 0.00 3.19 4.23 3.95 3.68 4.46 3.35 4.02 5.22 6.13 5.31 6.06 8.16 0.00 2.17 3.84 7.25 8.77 5.00 5.61 10.63 0.00 0.00 0.00 2.70 5.51 6.31 6.26 5.94 5.86 10029376
4.46 2.99 0.00 3.23 0.00 3.89 3.70 4.52 3.23 4.01 5.23 6.15 5.90 6.15 7.86 0.00 2.15 3.82 0.00 8.47 4.97 5.69 0.00 0.00 0.00 2.03 2.50 5.43 6.33 6.23 5.91 6.31 10042465
4.49 2.98 0.00 3.23 0.00 3.97 3.65 4.51 3.27 4.36 5.44 6.39 5.31 6.38 7.73 0.00 2.19 3.81 7.09 8.84 4.94 5.57 10.38 4.68 0.00 2.04 2.50 5.74 6.30 6.59 5.89 6.37 10055556
4.50 2.99 0.00 3.26 5.02 3.98 3.67 4.48 3.23 4.00 5.39 6.17 5.24 6.07 7.87 0.00 2.09 3.91 6.96 8.37 4.95 5.60 10.33 4.44 0.00 2.77 2.54 0.00 6.32 6.53 5.94 5.70 10068646
4.50 2.99 0.00 3.50 0.00 4.06 3.67 4.58 3.24 3.99 5.32 6.16 5.31 6.10 8.00 0.00 2.09 3.86 6.96 9.07 5.00 5.60 10.19 0.00 0.00 0.00 2.57 5.82 6.31 6.24 5.98 5.76 10081736
4.50 3.01 0.00 3.50 0.00 3.97 3.69 4.53 3.26 4.03 5.27 6.13 5.31 6.23 7.79 0.00 2.09 3.91 7.31 8.86 4.98 5.60 10.28 0.00 0.00 2.12 2.54 5.55 6.30 6.22 0.00 5.74 10094826
4.48 2.99 0.00 3.27 4.47 3.88 3.64 4.51 3.24 3.99 5.70 6.12 5.35 6.09 7.78 0.00 2.08 0.00 0.00 8.67 5.01 5.56 10.56 0.00 0.00 2.01 2.47 5.80 6.34 0.00 0.00 5.72 10107916
4.40 3.00 0.00 3.27 4.28 3.89 3.68 4.50 3.25 3.96 5.22 6.08 5.31 5.98 7.94 10.52 2.13 4.00 7.32 9.40 4.98 5.59 10.24 0.00 0.00 0.00 2.50 5.69 6.35 6.74 6.04 5.92 10121007
4.41 2.99 0.00 3.54 4.45 3.87 3.65 4.50 3.28 3.99 5.21 6.18 5.36 5.95 8.05 10.48 2.13 3.91 7.13 0.00 5.69 5.53 10.18 0.00 0.00 0.00 2.46 0.00 6.36 6.71 6.00 5.73 10134097
4.41 2.99 0.00 3.50 4.28 3.88 3.64 4.50 3.29 4.02 5.30 6.23 5.87 5.94 8.02 0.00 2.26 3.77 7.54 8.95 5.06 5.52 10.41 0.00 0.00 0.00 2.45 5.32 6.36 6.61 6.13 5.74 10147186
4.40 2.99 0.00 3.49 4.35 3.89 3.63 4.46 3.28 3.97 5.31 6.17 5.44 5.94 8.34 0.00 2.26 4.20 0.00 8.78 5.04 5.52 10.66 0.00 0.00 2.07 2.55 5.44 6.37 6.24 6.62 5.69 10160276
4.39 2.98 0.00 3.48 4.48 3.88 3.69 4.51 3.24 3.96 5.45 6.19 5.35 5.94 8.04 0.00 2.27 3.81 7.05 8.66 5.10 5.53 0.00 0.00 0.00 0.00 2.52 5.44 6.38 6.22 6.09 5.71 10173365
4.38 2.99 0.00 3.39 4.46 4.03 3.66 4.47 3.30 3.98 5.37 6.85 5.33 5.93 8.27 0.00 2.22 3.88 7.30 8.38 5.14 5.53 10.25 0.00 0.00 2.01 2.46 0.00 6.37 6.25 6.07 5.75 10186456
4.40 3.00 0.00 3.50 4.36 3.90 3.63 4.47 3.35 3.96 5.30 6.12 5.32 5.94 8.24 0.00 2.26 3.90 0.00 8.84 5.12 5.53 0.00 0.00 0.00 2.01 2.49 0.00 6.36 6.21 6.31 5.72 10199545
4.39 2.99 0.00 3.52 4.36 3.89 3.64 4.46 3.37 3.97 5.25 6.19 5.33 5.93 7.97 10.99 2.16 3.86 7.09 8.45 5.10 5.51 10.53 0.00 0.00 0.00 2.49 6.08 6.35 6.33 6.10 5.74 10212637
4.38 2.98 0.00 0.00 4.36 3.89 3.65 4.44 3.33 3.96 5.23 6.21 5.32 5.93 7.98 10.85 2.23 3.85 7.23 8.55 5.06 5.51 10.54 0.00 0.00 0.00 2.51 0.00 6.35 6.29 6.20 5.71 10225727
4.39 2.98 0.00 0.00 4.37 3.89 3.65 4.45 3.33 3.96 5.24 6.16 5.33 5.92 7.99 10.78 2.21 3.84 0.00 8.50 5.12 5.50 10.55 0.00 0.00 0.00 2.50 5.34 6.35 6.22 5.97 5.75 10238817
4.40 2.99 0.00 3.57 4.36 3.89 3.60 4.44 3.32 3.95 5.25 6.10 5.32 5.91 7.99 10.75 2.21 3.81 0.00 8.46 5.03 5.51 10.54 0.00 0.00 0.00 2.50 5.37 6.34 6.21 6.00 5.76 10251907
4.40 2.99 0.00 0.00 4.37 3.89 3.62 4.44 3.32 3.98 5.24 6.14 5.32 5.92 7.98 10.72 2.21 3.85 0.00 8.48 5.02 5.52 10.53 0.00 0.00 0.00 2.52 5.36 6.36 6.22 0.00 5.77 10264997
4.39 2.99 0.00 0.00 4.27 3.90 3.60 4.45 3.32 4.07 5.24 6.26 5.32 5.93 7.99 10.77 2.21 3.84 7.27 8.45 5.02 5.51 10.54 0.00 0.00 0.00 2.54 5.36 6.35 6.22 6.23 5.74 10278087
4.39 2.98 0.00 0.00 4.27 3.89 3.60 4.46 3.32 4.05 5.24 6.27 5.31 5.92 8.23 10.93 2.20 3.84 7.28 8.49 5.08 5.51 10.53 0.00 0.00 0.00 2.53 5.34 6.35 6.21 5.96 5.74 10291177
4.38 2.99 0.00 0.00 4.27 3.89 3.66 4.45 3.33 4.06 5.23 6.22 5.30 5.92 8.22 10.94 2.20 3.84 7.27 8.53 5.03 5.52 10.51 0.00 0.00 0.00 2.53 5.36 6.35 6.22 5.97 5.73 10304267
4.40 2.99 0.00 0.00 4.34 3.88 3.64 4.45 3.33 3.98 5.24 6.22 5.31 5.92 8.24 10.94 2.21 3.83 7.28 8.56 5.00 5.52 10.53 0.00 0.00 0.00 2.54 5.36 6.36 6.23 5.96 5.74 10317357
4.40 2.98 0.00 0.00 4.34 3.89 3.64 4.44 3.32 4.07 5.23 6.22 5.31 5.92 8.25 10.90 2.20 3.84 7.27 8.54 5.01 5.52 10.87 0.00 0.00 0.00 2.55 5.34 6.36 6.22 5.98 5.74 10330447
4.39 2.99 0.00 0.00 4.34 3.90 3.64 4.45 3.32 4.04 5.24 6.21 5.31 5.91 8.16 10.94 2.20 3.82 7.25 8.52 5.00 5.52 10.89 0.00 0.00 2.01 2.56 5.34 6.35 6.22 5.97 5.74 10343537
4.40 2.99 0.00 0.00 4.34 3.90 3.65 4.46 3.32 4.07 5.23 6.19 5.30 5.92 8.16 10.94 2.17 3.82 7.27 8.69 5.01 5.51 10.99 0.00 0.00 0.00 2.56 5.35 6.36 6.21 5.97 5.75 10356627
4.40 2.99 0.00 0.00 4.35 3.90 3.64 4.45 3.32 4.05 5.24 6.22 5.31 5.92 8.06 0.00 2.21 3.83 7.29 8.53 5.00 5.52 0.00 0.00 0.00 0.00 2.56 5.35 6.35 6.23 5.98 5.74 10369715
4.40 2.99 0.00 0.00 4.34 3.89 3.64 4.45 3.31 4.07 5.23 6.22 5.30 5.92 8.15 0.00 2.20 3.82 7.28 8.53 5.00 5.51 0.00 0.00 0.00 0.00 2.57 5.35 6.36 6.23 5.97 5.75 10382805
4.38 2.99 0.00 0.00 4.33 3.89 3.65 4.45 3.31 4.07 5.23 6.22 5.31 5.92 8.17 10.97 2.19 3.83 7.28 8.51 5.12 5.52 11.00 0.00 0.00 0.00 2.57 5.34 6.35 6.23 5.97 5.74 10395897
4.40 2.98 0.00 3.55 4.33 3.90 3.64 4.46 3.31 4.07 5.22 6.22 5.29 5.92 8.77 10.99 2.21 3.83 7.28 8.50 5.13 5.52 0.00 0.00 0.00 0.00 2.58 5.35 6.35 6.22 5.97 5.73 10408986
4.39 2.99 0.00 3.57 4.34 3.89 3.65 4.45 3.30 4.05 5.23 6.22 5.29 5.92 8.08 0.00 2.23 3.82 7.26 8.54 5.13 5.51 0.00 0.00 0.00 2.01 2.59 5.36 6.35 6.22 5.97 5.75 10422075
4.39 2.99 0.00 3.56 4.34 3.89 3.64 4.45 3.28 4.05 5.23 6.23 5.30 5.92 8.05 0.00 2.22 3.82 7.25 8.70 5.13 5.51 0.00 0.00 0.00 2.15 2.62 5.34 6.35 6.22 5.97 5.75 10435165
4.40 2.99 0.00 3.57 4.33 3.89 3.63 4.46 3.29 4.05 5.23 6.22 5.30 5.91 8.05 0.00 2.21 3.81 7.27 8.57 5.00 5.52 10.55 0.00 0.00 0.00 2.60 5.36 6.35 6.24 5.96 5.75 10448256
4.40 2.99 0.00 3.56 4.34 3.89 3.64 4.45 3.28 4.06 5.24 6.22 5.30 5.92 8.05 0.00 2.22 3.80 7.25 8.77 5.00 5.52 10.50 0.00 0.00 2.01 2.77 5.35 6.36 6.23 5.97 5.75 10461346
4.40 2.99 0.00 3.55 4.34 3.89 3.64 4.45 3.27 4.05 5.24 6.23 5.30 5.92 8.05 0.00 2.19 3.81 7.25 8.76 5.00 5.52 10.50 0.00 0.00 2.14 2.77 5.35 6.36 6.23 5.98 5.74 10474436
4.40 2.98 0.00 3.55 4.34 3.89 3.65 4.45 3.27 4.06 5.23 6.23 5.30 5.92 8.02 0.00 2.18 3.82 7.24 0.00 5.04 5.52 10.51 0.00 0.00 2.12 2.75 5.35 6.36 6.23 5.97 5.74 10487526
4.41 3.00 0.00 3.55 4.34 3.90 3.64 4.47 3.27 4.05 5.23 6.22 5.29 5.93 8.03 0.00 2.18 3.81 7.25 0.00 5.06 5.52 10.52 0.00 0.00 2.20 2.68 5.34 6.35 6.23 5.98 5.74 10500616
4.40 2.99 0.00 3.55 4.32 3.89 3.65 4.46 3.27 4.05 5.23 6.21 5.29 5.92 7.99 0.00 2.18 3.81 7.25 0.00 5.07 5.51 10.56 0.00 0.00 2.17 2.68 5.34 6.37 6.22 5.97 5.74 10513706
4.40 2.99 0.00 0.00 4.33 3.90 3.64 4.45 3.28 4.06 5.24 6.21 5.30 5.93 8.00 0.00 2.18 3.81 7.25 0.00 5.13 5.52 10.57 0.00 0.00 0.00 2.66 5.34 6.35 6.23 5.96 5.74 10526796
4.39 2.98 0.00 3.58 4.30 3.90 3.64 4.45 3.28 4.05 5.23 6.22 5.30 5.93 7.98 0.00 2.18 3.82 7.25 0.00 5.13 5.52 10.56 0.00 0.00 0.00 2.68 5.33 6.36 6.23 5.97 5.74 10539886
4.40 2.98 0.00 3.53 4.36 3.89 3.63 4.45 3.28 4.04 5.25 6.22 5.30 5.92 7.97 0.00 2.17 3.82 7.24 0.00 5.06 5.51 10.55 0.00 0.00 0.00 2.70 5.33 6.36 6.22 5.97 5.75 10552976
4.40 2.99 0.00 3.54 4.35 3.89 3.64 4.45 3.28 4.05 5.24 6.22 5.31 5.92 7.97 0.00 2.21 3.82 7.25 0.00 5.03 5.52 10.55 0.00 0.00 2.01 2.70 5.35 6.35 6.24 5.96 5.75 10566066
4.41 2.98 0.00 3.54 4.34 3.89 3.64 4.45 3.28 4.06 5.24 6.21 5.30 5.92 7.97 0.00 2.20 3.81 7.25 0.00 5.02 5.52 10.47 0.00 0.00 2.02 2.69 5.34 6.35 6.23 5.97 5.75 10579156
4.40 2.98 0.00 3.55 4.34 3.90 3.62 4.46 3.28 4.05 5.24 6.22 5.29 5.91 7.97 0.00 2.21 3.81 7.25 0.00 4.98 5.52 10.50 0.00 0.00 2.01 2.73 5.34 6.35 6.23 5.96 5.74 10592246
4.41 2.98 0.00 3.55 4.34 3.89 3.63 4.46 3.28 4.05 5.25 6.21 5.30 5.91 7.97 0.00 2.21 3.80 7.24 0.00 4.99 5.52 10.99 0.00 0.00 2.02 2.72 5.35 6.35 6.23 5.97 5.74 10605336
4.41 2.99 0.00 3.53 4.34 3.90 3.63 4.46 3.29 4.04 5.23 6.22 5.29 5.91 7.97 0.00 2.20 3.81 7.24 0.00 5.00 5.52 10.55 0.00 0.00 0.00 2.72 5.35 6.35 6.24 5.97 5.75 10618426
4.41 2.98 0.00 3.54 4.34 3.90 3.65 4.46 3.29 4.04 5.23 6.22 5.31 5.92 7.96 0.00 2.22 3.80 7.25 0.00 4.99 5.52 10.55 0.00 0.00 2.01 2.81 5.35 6.35 6.23 5.97 5.74 10631516
4.40 2.99 0.00 3.54 4.33 3.90 3.64 4.46 3.28 4.05 5.23 6.22 5.30 5.92 7.97 0.00 2.22 3.80 7.25 0.00 5.00 5.51 10.54 0.00 0.00 2.01 2.80 5.34 6.35 6.24 5.96 5.75 10644606
4.40 2.99 0.00 3.53 4.33 3.90 3.63 4.46 3.27 4.05 5.23 6.23 5.30 5.91 7.96 10.97 2.22 3.81 7.24 0.00 4.99 5.51 10.54 0.00 0.00 2.01 3.19 5.34 6.35 6.23 5.96 5.76 10657697
4.39 2.99 0.00 3.53 4.34 3.90 3.64 4.45 3.28 4.04 5.23 6.22 5.30 5.92 7.97 10.98 2.22 3.80 7.25 0.00 5.01 5.51 10.80 0.00 0.00 2.00 3.20 5.35 6.34 6.23 5.97 5.75 10670787
4.41 2.99 0.00 3.53 4.33 3.89 3.64 4.47 3.28 4.04 5.23 6.22 5.30 5.93 7.96 0.00 2.22 3.81 7.24 0.00 5.08 5.52 10.28 0.00 0.00 0.00 3.20 5.35 6.36 6.23 5.97 5.75 10683876
4.41 2.99 0.00 3.54 4.34 3.90 3.65 4.45 3.28 4.04 5.23 6.22 5.30 5.93 7.97 0.00 2.23 3.81 7.24 0.00 5.11 5.52 10.53 0.00 0.00 2.01 3.21 5.35 6.35 6.23 5.96 5.74 10696966
4.40 2.98 0.00 3.53 4.34 3.89 3.64 4.46 3.28 4.04 5.23 6.22 5.30 5.92 7.97 10.98 2.24 3.81 7.24 0.00 5.14 5.52 10.53 0.00 0.00 0.00 3.21 5.35 6.35 6.23 5.97 5.74 10710057
4.41 2.99 0.00 3.54 4.33 3.89 3.63 4.45 3.27 4.04 5.22 6.22 5.31 5.91 7.97 10.98 2.25 3.80 7.25 0.00 5.14 5.51 10.80 5.50 0.00 0.00 3.21 5.35 6.36 6.24 5.96 5.76 10723147
4.41 2.99 0.00 3.53 4.35 3.89 3.64 4.45 3.28 4.04 5.24 6.23 5.31 5.92 7.96 10.99 2.25 3.80 7.24 0.00 5.14 5.51 10.82 5.42 0.00 0.00 3.22 5.35 6.35 6.24 5.97 5.75 10736237
4.40 2.99 0.00 3.53 4.35 3.90 3.64 4.44 3.27 4.03 5.24 6.22 5.30 5.92 7.96 10.99 2.24 3.81 7.24 0.00 5.14 5.51 10.57 5.42 0.00 0.00 3.22 5.35 6.34 6.24 5.98 5.75 10749327
4.40 2.99 0.00 3.53 4.34 3.90 3.64 4.46 3.26 4.02 5.23 6.22 5.29 5.92 7.95 10.99 2.25 3.80 7.25 0.00 5.13 5.50 10.81 5.42 0.00 2.38 3.22 5.35 6.34 6.27 5.96 5.75 10762417
4.41 2.99 0.00 3.53 4.33 3.90 3.67 4.46 3.28 4.04 5.24 6.22 5.31 5.92 7.96 10.98 2.25 3.80 7.24 0.00 5.13 5.51 10.81 5.40 0.00 2.75 3.25 5.36 6.36 6.30 5.96 5.75 10775507
4.42 2.99 0.00 3.52 4.34 3.89 3.65 4.46 3.28 4.02 5.23 6.21 5.30 5.91 7.96 10.98 2.27 3.79 7.24 0.00 5.13 5.52 10.58 5.41 0.00 2.74 2.73 5.36 6.35 6.30 5.96 5.75 10788597
4.42 2.99 0.00 3.53 4.34 3.89 3.66 4.45 3.27 4.01 5.24 6.23 5.29 5.92 7.96 0.00 2.41 3.81 7.24 0.00 5.13 5.52 10.71 5.40 0.00 2.72 2.53 5.35 6.36 6.30 5.96 5.75 10801686
4.41 2.98 0.00 3.53 4.34 3.90 3.65 4.45 3.28 4.00 5.23 6.22 5.30 5.91 7.96 0.00 2.40 3.81 7.23 0.00 5.14 5.52 10.55 5.41 0.00 2.73 2.53 5.36 6.35 6.30 5.96 5.75 10814776
4.41 2.99 0.00 3.52 4.34 3.89 3.67 4.46 3.28 3.98 5.23 6.23 5.30 5.93 7.96 0.00 2.39 3.81 7.25 0.00 5.15 5.52 10.55 5.42 0.00 2.73 2.52 5.36 6.35 6.30 5.97 5.75 10827866
4.40 2.99 0.00 3.52 4.34 3.90 3.66 4.45 3.29 3.96 5.23 6.23 5.30 5.92 7.97 0.00 2.86 3.80 7.25 0.00 5.15 5.53 0.00 5.41 0.00 2.73 2.53 5.36 6.35 6.30 5.97 5.75 10840955
4.42 2.98 0.00 3.52 4.34 3.90 3.66 4.45 3.27 3.96 5.23 6.24 5.30 5.92 7.96 0.00 2.47 3.81 7.25 0.00 5.14 5.52 10.55 5.41 0.00 2.72 2.52 5.36 6.34 6.31 5.96 5.76 10854046
4.41 2.98 0.00 3.53 4.34 3.90 3.66 4.45 3.27 3.97 5.22 6.23 5.30 5.92 7.97 0.00 2.40 3.80 7.24 0.00 5.14 5.52 10.57 5.42 0.00 2.73 2.52 5.35 6.35 6.31 5.97 5.76 10867136
4.41 2.99 0.00 3.52 4.34 3.90 3.65 4.46 3.27 3.97 5.23 6.23 5.29 5.92 7.96 0.00 2.31 3.81 7.27 0.00 5.15 5.52 10.56 5.42 0.00 2.71 2.53 5.36 6.35 6.31 5.96 5.75 10880226
4.42 2.98 0.00 3.54 4.35 3.89 3.67 4.46 3.28 3.97 5.22 6.24 5.31 5.92 7.96 0.00 2.35 3.81 7.27 0.00 5.15 5.52 0.00 5.42 0.00 2.71 2.53 5.38 6.35 6.31 5.97 5.76 10893315
4.41 2.99 0.00 3.53 4.35 3.90 3.66 4.45 3.27 3.97 5.23 6.23 5.31 5.91 7.97 0.00 2.34 3.81 7.30 0.00 5.14 5.52 0.00 5.42 0.00 2.72 2.52 5.39 6.35 6.32 5.97 5.76 10906405
4.42 2.98 0.00 3.53 4.35 3.90 3.66 4.46 3.27 3.97 5.22 6.24 5.30 5.93 7.97 0.00 2.35 3.81 7.28 0.00 5.15 5.52 0.00 5.42 0.00 2.72 2.53 5.39 6.35 6.30 5.96 5.75 10919495
4.41 2.98 0.00 3.53 4.36 3.90 3.67 4.46 3.28 3.97 5.23 6.24 5.30 5.92 7.95 10.97 2.34 3.82 7.27 0.00 5.15 5.51 0.00 5.41 0.00 2.72 2.52 5.38 6.34 6.31 5.97 5.75 10932586
4.41 2.98 0.00 3.53 4.35 3.89 3.66 4.45 3.26 3.96 5.22 6.24 5.29 5.92 7.96 10.98 2.35 3.82 7.27 0.00 5.16 5.52 0.00 5.42 0.00 2.72 2.52 5.38 6.35 6.31 5.97 5.75 10945676
4.41 2.98 0.00 3.53 4.35 3.91 3.67 4.46 3.27 3.98 5.23 6.25 5.30 5.93 7.95 10.99 2.35 3.82 7.27 0.00 5.15 5.51 0.00 5.41 0.00 2.71 2.52 5.38 6.35 6.31 5.97 5.75 10958766
4.41 2.99 0.00 3.53 4.36 3.89 3.67 4.45 3.27 3.97 5.23 6.24 5.30 5.92 7.95 10.99 2.34 3.82 7.28 0.00 5.14 5.53 0.00 5.41 0.00 2.71 2.53 5.39 6.36 6.31 5.96 5.76 10971856
4.42 2.98 0.00 3.53 4.35 3.91 3.67 4.44 3.27 3.97 5.22 6.24 5.30 5.91 7.95 10.99 2.32 3.83 7.28 0.00 5.14 5.53 0.00 5.41 0.00 2.71 2.53 5.39 6.35 6.31 5.97 5.75 10984946
4.42 2.99 0.00 3.53 4.35 3.90 3.67 4.46 3.27 3.97 5.23 6.24 5.30 5.93 7.95 10.98 2.30 3.83 7.46 0.00 5.16 5.53 0.00 5.39 0.00 2.71 2.53 5.38 6.35 6.30 5.97 5.75 10998036
4.40 2.99 0.00 3.52 4.35 3.91 3.68 4.45 3.28 3.96 5.23 6.23 5.30 5.93 7.96 10.99 2.19 3.85 7.29 0.00 5.16 5.52 0.00 5.40 0.00 2.71 2.53 5.39 6.34 6.30 5.97 5.75 11011126
4.40 2.99 0.00 3.52 4.35 3.91 3.68 4.45 3.27 3.97 5.23 6.23 5.31 5.92 7.96 10.99 2.18 3.85 7.28 0.00 5.16 5.53 0.00 5.40 0.00 2.72 2.53 5.40 6.34 6.31 5.97 5.76 11024216
4.41 2.99 0.00 3.52 4.36 3.91 3.68 4.46 3.27 3.96 5.23 6.24 5.31 5.92 7.96 10.99 2.17 3.87 7.28 9.07 5.14 5.52 0.00 5.41 0.00 2.71 2.52 5.40 6.35 6.31 5.96 5.75 11037306
4.41 2.99 0.00 3.53 4.36 3.91 3.69 4.45 3.26 3.97 5.23 6.23 5.31 5.91 7.96 10.98 2.17 3.88 7.28 9.06 5.14 5.52 0.00 5.41 0.00 2.72 2.53 5.40 6.34 6.32 5.97 5.75 11050396
4.41 2.99 0.00 3.52 4.35 3.91 3.69 4.45 3.26 3.97 5.23 6.23 5.30 5.92 7.96 10.98 2.15 3.88 7.30 9.08 5.15 5.52 0.00 5.42 0.00 2.73 2.52 5.40 6.34 6.32 5.97 5.75 11063486
4.42 2.99 0.00 3.52 4.36 3.90 3.68 4.45 3.28 3.97 5.24 6.24 5.30 5.91 7.97 10.98 2.15 3.88 7.29 9.08 5.14 5.53 0.00 5.42 0.00 2.72 2.53 5.41 6.35 6.31 5.96 5.76 11076576
4.42 2.98 0.00 3.52 4.36 3.90 3.69 4.45 3.27 3.97 5.23 6.23 5.31 5.92 7.96 10.99 2.15 3.89 7.29 9.08 5.15 5.53 0.00 5.41 0.00 2.72 2.52 5.45 6.36 6.32 5.97 5.76 11089666
4.42 2.99 0.00 3.52 4.35 3.90 3.67 4.45 3.27 3.97 5.22 6.24 5.31 5.91 7.97 10.98 2.15 3.89 7.27 9.08 5.14 5.53 0.00 5.41 0.00 2.72 2.53 5.46 6.35 6.31 5.96 5.75 11102756
4.42 2.98 0.00 3.53 4.36 3.90 3.68 4.45 3.27 3.97 5.23 6.24 5.30 5.92 8.01 10.97 2.13 3.90 7.27 9.07 5.14 5.53 0.00 5.41 0.00 2.72 2.52 5.51 6.36 6.32 5.97 5.75 11115846
4.41 2.98 0.00 3.52 4.35 3.91 3.68 4.44 3.28 3.97 5.23 6.23 5.30 5.91 8.00 10.98 2.14 3.90 7.27 9.08 5.15 5.53 0.00 5.41 0.00 2.71 2.54 5.51 6.35 6.31 5.95 5.75 11128936
4.42 2.99 0.00 3.54 4.35 3.90 3.68 4.45 3.27 3.97 5.23 6.24 5.31 5.92 8.01 10.96 2.14 3.90 7.26 9.07 5.15 5.53 0.00 5.41 0.00 2.71 2.52 5.52 6.35 6.31 5.96 5.75 11142026
4.42 2.98 0.00 3.53 4.35 3.90 3.68 4.46 3.27 3.98 5.24 6.25 5.30 5.92 8.00 10.97 2.13 3.91 7.26 9.07 5.15 5.54 0.00 5.42 0.00 2.72 2.53 5.54 6.36 6.32 5.96 5.75 11155116
4.41 2.99 0.00 3.52 4.35 3.90 3.69 4.46 3.26 3.97 5.23 6.24 5.31 5.92 8.01 10.98 2.13 3.91 7.26 9.08 5.16 5.54 10.90 5.42 0.00 2.72 2.54 5.54 6.36 6.32 5.96 5.75 11168207
4.42 2.99 0.00 3.53 4.36 3.91 3.67 4.45 3.27 3.97 5.22 6.24 5.30 5.92 7.99 10.97 2.13 3.90 7.26 0.00 5.15 5.53 10.99 5.42 0.00 2.73 2.53 5.53 6.36 6.31 5.96 5.75 11181297
4.41 2.99 0.00 3.53 4.35 3.90 3.67 4.45 3.27 3.98 5.23 6.25 5.31 5.92 7.98 10.97 2.13 3.91 7.26 0.00 5.14 5.53 0.00 5.41 0.00 2.71 2.53 5.52 6.34 6.32 5.97 5.75 11194386
4.41 2.99 0.00 3.53 4.35 3.90 3.68 4.45 3.26 3.98 5.22 6.25 5.30 5.92 7.98 10.98 2.13 3.91 7.27 0.00 5.15 5.53 0.00 5.41 0.00 2.73 2.53 5.57 6.35 6.32 5.96 5.76 11207476
4.42 2.99 0.00 3.53 4.35 3.91 3.67 4.46 3.27 3.99 5.23 6.24 5.29 5.92 7.99 10.98 2.12 3.90 7.26 9.07 5.16 5.54 0.00 5.42 0.00 2.72 2.53 5.52 6.35 6.32 5.96 5.75 11220566
4.41 2.98 0.00 3.53 4.35 3.90 3.68 4.45 3.27 3.97 5.22 6.25 5.30 5.93 7.98 10.98 2.12 3.90 7.26 9.06 5.15 5.52 0.00 5.41 0.00 2.71 2.54 5.54 6.35 6.31 5.97 5.75 11233656
4.40 2.98 0.00 3.53 4.34 3.90 3.68 4.45 3.26 4.01 5.23 6.24 5.30 5.92 7.99 10.98 2.12 3.91 7.27 9.07 5.16 5.54 10.27 5.42 0.00 2.72 2.54 5.52 6.35 6.31 5.96 5.75 11246747
4.42 2.98 0.00 3.53 4.35 3.91 3.68 4.46 3.26 3.99 5.23 6.25 5.30 5.93 7.99 10.98 2.12 3.90 7.27 9.04 5.15 5.54 10.25 5.41 0.00 2.71 2.54 5.53 6.35 6.30 5.96 5.75 11259837
4.42 2.99 0.00 3.52 4.34 3.90 3.68 4.45 3.28 3.99 5.23 6.24 5.31 5.92 7.98 10.97 2.12 3.90 7.27 9.05 5.14 5.54 10.25 5.40 0.00 2.73 2.53 5.53 6.35 6.32 5.97 5.75 11272927
4.41 2.98 0.00 3.53 4.36 3.91 3.67 4.46 3.26 3.99 5.23 6.25 5.30 5.93 7.99 10.98 2.11 3.91 7.29 9.06 5.14 5.54 10.26 5.41 0.00 2.72 2.53 5.51 6.34 6.32 5.97 5.74 11286017
4.42 2.98 0.00 3.53 4.35 3.91 3.69 4.46 3.26 4.01 5.23 6.25 5.31 5.93 7.98 10.98 2.10 3.90 7.29 9.06 5.15 5.53 10.28 5.40 0.00 2.73 2.54 5.52 6.35 6.31 5.96 5.75 11299107
4.41 2.98 0.00 3.52 4.34 3.91 3.68 4.46 3.27 4.01 5.22 6.24 5.30 5.92 7.99 10.96 2.11 3.90 7.29 9.05 5.15 5.53 10.26 5.40 0.00 2.73 2.54 5.54 6.35 6.31 5.96 5.76 11312197
4.40 2.99 0.00 3.52 4.36 3.90 3.68 4.46 3.27 3.99 5.23 6.25 5.30 5.92 7.99 10.98 2.10 3.90 7.28 9.06 5.14 5.53 10.28 5.41 0.00 2.72 2.53 5.56 6.34 6.33 5.96 5.75 11325287
4.42 2.99 0.00 3.53 4.34 3.91 3.68 4.46 3.27 4.00 5.23 6.24 5.30 5.93 7.85 10.97 2.10 3.91 7.28 9.06 5.15 5.54 10.28 5.41 0.00 2.72 2.54 5.56 6.35 6.33 5.96 5.75 11338377
4.42 2.99 0.00 3.53 4.36 3.91 3.67 4.45 3.26 3.99 5.23 6.25 5.30 5.92 7.84 10.98 2.10 3.90 7.28 9.06 5.14 5.53 10.28 5.40 0.00 2.71 2.54 5.56 6.35 6.33 5.96 5.75 11351467
4.41 2.99 0.00 3.53 4.35 3.91 3.69 4.45 3.27 3.99 5.23 6.25 5.31 5.91 7.79 10.98 2.10 3.91 7.29 9.05 5.15 5.53 10.28 5.40 0.00 2.73 2.53 5.57 6.34 6.32 5.96 5.76 11364557
4.41 2.99 0.00 3.52 4.36 3.91 3.69 4.46 3.27 4.01 5.23 6.25 5.31 5.93 7.79 10.99 2.10 3.90 7.28 9.06 5.08 5.53 10.27 5.40 0.00 2.72 2.54 5.58 6.34 6.33 5.96 5.77 11377647
4.41 2.98 0.00 3.52 4.35 3.90 3.69 4.45 3.27 3.99 5.23 6.25 5.31 5.93 7.80 10.98 2.10 3.91 7.28 9.06 5.03 5.53 10.28 5.39 0.00 2.73 2.55 5.57 6.34 6.33 5.97 5.75 11390737
4.43 2.99 0.00 3.53 4.35 3.90 3.69 4.45 3.26 4.01 5.22 6.25 5.30 5.93 7.79 10.98 2.11 3.90 7.28 9.06 5.04 5.53 10.29 5.39 0.00 2.71 2.54 5.57 6.35 6.32 5.96 5.76 11403827
4.43 2.99 0.00 3.52 4.36 3.90 3.69 4.45 3.27 3.99 5.24 6.25 5.31 5.93 7.80 10.98 2.10 3.92 7.27 9.05 5.12 5.54 10.29 5.39 0.00 2.57 2.54 5.58 6.34 6.33 5.96 5.75 11416917
4.42 2.98 0.00 3.53 4.36 3.90 3.69 4.45 3.26 3.99 5.23 6.25 5.31 5.92 7.78 10.97 2.10 3.93 7.28 9.00 4.99 5.54 10.28 5.39 0.00 2.72 2.53 5.56 6.34 6.33 5.96 5.76 11430007
4.42 2.98 0.00 3.52 4.35 3.90 3.70 4.46 3.26 3.99 5.23 6.26 5.30 5.93 7.78 10.97 2.09 3.93 7.28 8.96 5.00 5.54 10.28 5.40 0.00 2.72 2.54 5.56 6.35 6.33 5.96 5.76 11443097
4.42 2.98 0.00 3.52 4.34 3.92 3.70 4.45 3.26 3.98 5.23 6.26 5.30 5.93 7.78 10.97 2.10 3.92 7.29 8.91 5.00 5.53 10.29 5.39 0.00 2.72 2.54 5.57 6.35 6.33 5.96 5.77 11456187
4.43 2.99 0.00 3.52 4.35 3.90 3.70 4.45 3.26 3.97 5.24 6.25 5.31 5.92 7.78 10.97 2.09 3.92 7.29 8.92 5.00 5.54 10.58 5.38 0.00 2.71 2.54 5.58 6.34 6.33 5.97 5.75 11469277
4.43 2.99 0.00 3.54 4.34 3.90 3.70 4.44 3.27 3.98 5.23 6.25 5.30 5.93 7.78 10.99 2.09 3.92 7.29 8.92 4.99 5.54 0.00 5.39 0.00 2.57 2.53 5.58 6.35 6.34 5.96 5.76 11482366
4.43 2.99 0.00 3.51 4.35 3.90 3.69 4.46 3.26 3.99 5.22 6.25 5.30 5.93 7.77 10.97 2.09 3.93 7.29 8.92 5.00 5.54 0.00 5.39 0.00 2.71 2.55 5.52 6.35 6.32 5.97 5.76 11495456
4.42 2.99 0.00 3.53 4.35 3.90 3.70 4.44 3.26 3.97 5.22 6.25 5.31 5.92 7.77 10.97 2.09 3.92 7.29 8.92 5.00 5.54 0.00 5.39 0.00 2.72 2.53 5.53 6.34 6.33 5.96 5.76 11508546
4.42 2.98 0.00 3.53 4.35 3.91 3.69 4.46 3.26 3.98 5.23 6.26 5.30 5.93 7.78 10.98 2.08 3.93 7.29 8.91 4.99 5.53 0.00 5.39 0.00 2.71 2.53 5.53 6.35 6.33 5.96 5.76 11521636
4.43 3.00 0.00 3.53 4.35 3.91 3.69 4.45 3.26 3.97 5.24 6.26 5.31 5.92 7.77 10.97 2.09 3.93 7.29 8.91 5.11 5.53 0.00 5.40 0.00 2.71 2.54 5.52 6.34 6.34 5.97 5.76 11534726
4.42 2.99 0.00 3.53 4.35 3.91 3.68 4.45 3.25 4.00 5.23 6.26 5.30 5.92 7.76 10.98 2.08 3.93 7.29 8.89 5.06 5.53 0.00 5.40 0.00 2.57 2.53 5.53 6.35 6.34 5.96 5.77 11547816
4.43 2.99 0.00 3.53 4.35 3.91 3.70 4.45 3.25 4.00 5.23 6.26 5.31 5.92 7.77 10.97 2.09 3.93 7.29 8.90 5.01 5.53 0.00 5.40 0.00 2.72 2.54 5.54 6.34 6.34 5.97 5.76 11560906
4.43 2.99 0.00 3.52 4.35 3.91 3.70 4.45 3.26 4.01 5.23 6.25 5.30 5.92 7.77 10.98 2.08 3.93 7.28 8.90 5.03 5.53 0.00 5.40 0.00 2.72 2.53 5.55 6.35 6.34 5.97 5.76 11573996
4.43 3.00 0.00 3.53 4.36 3.90 3.69 4.46 3.26 4.00 5.23 6.26 5.30 5.91 7.78 10.98 2.08 3.90 7.27 8.90 5.04 5.53 0.00 5.40 0.00 2.57 2.53 5.54 6.35 6.33 5.96 5.75 11587086
4.45 2.98 0.00 3.52 4.35 3.90 3.70 4.45 3.27 4.00 5.24 6.25 5.30 5.92 7.76 10.98 2.09 3.91 7.28 8.90 5.00 5.54 0.00 5.39 0.00 2.71 2.54 5.55 6.34 6.34 5.97 5.76 11600176
4.44 2.99 0.00 3.53 4.34 3.90 3.69 4.45 3.26 4.02 5.22 6.25 5.30 5.92 7.78 10.99 2.09 3.90 7.28 8.90 5.01 5.54 0.00 5.40 0.00 2.71 2.53 5.55 6.34 6.34 5.96 5.75 11613266
4.44 2.99 0.00 3.53 4.34 3.91 3.70 4.46 3.26 4.00 5.24 6.25 5.30 5.92 7.78 10.98 2.08 3.91 7.27 8.89 5.04 5.54 0.00 5.40 0.00 2.71 2.53 5.56 6.34 6.34 5.96 5.76 11626356
4.47 2.99 0.00 3.52 4.35 3.90 3.70 4.46 3.26 3.99 5.23 6.25 5.30 5.92 7.78 10.98 2.08 3.91 7.28 8.91 5.01 5.54 0.00 5.40 0.00 2.71 2.54 5.56 6.35 6.34 5.97 5.76 11639446
4.46 2.99 0.00 3.53 4.34 3.91 3.70 4.45 3.26 4.00 5.22 6.25 5.31 5.93 7.77 10.97 2.09 3.92 7.28 8.91 5.01 5.54 0.00 5.40 0.00 2.71 2.54 5.56 6.34 6.34 5.96 5.75 11652536
4.48 2.99 0.00 3.52 4.35 3.91 3.69 4.45 3.25 4.00 5.23 6.26 5.31 5.92 7.77 10.97 2.09 3.92 7.28 8.90 5.00 5.53 0.00 5.39 0.00 2.57 2.54 5.56 6.35 6.33 5.96 5.77 11665626
4.47 2.98 0.00 3.52 4.33 3.90 3.70 4.45 3.26 4.00 5.23 6.25 5.31 5.92 7.77 10.98 2.10 3.91 7.29 8.90 5.01 5.53 0.00 5.39 0.00 2.57 2.53 5.56 6.34 6.33 5.96 5.76 11678716
4.48 2.99 0.00 3.53 4.34 3.91 3.70 4.45 3.27 3.98 5.23 6.26 5.30 5.93 7.78 10.97 2.09 3.91 7.28 8.90 5.00 5.54 0.00 5.38 0.00 2.72 2.53 5.55 6.35 6.33 5.95 5.77 11691806
4.48 2.99 0.00 3.52 4.35 3.91 3.70 4.45 3.27 4.00 5.23 6.26 5.31 5.92 7.77 10.97 2.10 3.92 7.28 8.91 5.01 5.54 0.00 5.40 0.00 2.57 2.54 5.57 6.34 6.34 5.96 5.76 11704896
4.48 2.99 0.00 3.52 4.35 3.90 3.70 4.46 3.25 4.00 5.24 6.26 5.30 5.91 7.76 10.97 2.12 3.91 7.27 8.90 5.03 5.54 0.00 5.39 0.00 2.72 2.53 5.56 6.34 6.33 5.96 5.76 11717986
4.49 2.99 0.00 3.53 4.35 3.91 3.69 4.45 3.25 4.00 5.23 6.26 5.31 5.92 7.78 10.97 2.10 3.91 7.27 8.89 5.00 5.53 0.00 5.40 0.00 2.71 2.54 5.58 6.34 6.34 5.96 5.75 11731076
4.49 2.99 0.00 3.53 4.34 3.90 3.70 4.45 3.26 3.99 5.23 6.25 5.30 5.92 7.78 10.97 2.10 3.91 7.29 8.89 5.01 5.54 0.00 5.39 0.00 2.57 2.54 5.59 6.34 6.34 5.96 5.75 11744166
4.49 2.99 0.00 3.53 4.35 3.90 3.69 4.46 3.26 4.00 5.23 6.25 5.29 5.93 7.77 10.96 2.11 3.90 7.27 8.90 5.01 5.53 10.43 5.38 0.00 2.57 2.54 5.59 6.35 6.35 5.97 5.75 11757257
4.49 2.98 0.00 3.52 4.35 3.90 3.70 4.45 3.27 3.98 5.23 6.25 5.30 5.93 7.76 10.97 2.11 3.90 7.28 8.90 5.00 5.54 10.41 5.39 0.00 2.71 2.53 5.58 6.35 6.34 5.96 5.75 11770347
4.48 2.98 0.00 3.53 4.35 3.91 3.69 4.44 3.26 4.00 5.24 6.26 5.31 5.92 7.77 10.97 2.11 3.91 7.27 8.90 5.00 5.53 10.35 5.39 0.00 2.71 2.53 5.58 6.35 6.34 5.97 5.75 11783437
0.00 0.00 0.00 0.00 0.00 0.00 0.00 0.00 0.00 0.00 0.00 0.00 0.00 0.00 0.00 0.00 0.00 0.00 0.00 0.00 0.00 0.00 0.00 0.00 0.00 0.00 0.00 0.00 0.00 0.00 0.00 0.00 11796525
0.00 0.00 0.00 0.00 0.00 0.00 0.00 0.00 0.00 0.00 0.00 0.00 0.00 0.00 0.00 0.00 0.00 0.00 0.00 0.00 0.00 0.00 0.00 0.00 0.00 0.00 0.00 0.00 0.00 0.00 0.00 0.00 11809615