4.54 3.01 0.00 3.55 4.37 3.92 3.74 4.47 3.27 4.01 5.30 6.18 5.23 5.96 7.79 10.60 2.10 3.95 0.00 8.69 5.21 5.58 0.00 5.36 0.00 0.00 2.58 0.00 6.42 6.25 5.99 5.80 963949
4.54 3.01 0.00 3.54 4.38 3.93 3.74 4.48 3.26 4.01 5.29 6.19 5.23 5.96 7.79 10.59 2.09 3.95 0.00 8.69 5.22 5.58 0.00 5.36 0.00 0.00 2.59 0.00 6.39 6.25 5.99 5.81 977039
4.55 3.01 0.00 3.23 4.37 3.93 3.73 4.46 3.27 4.00 5.29 6.19 5.22 5.96 7.78 10.58 2.09 3.95 0.00 8.69 5.22 5.57 0.00 5.37 0.00 2.00 2.59 0.00 6.38 6.26 5.99 5.81 990129
4.54 3.01 0.00 3.25 4.37 3.93 3.74 4.46 3.27 3.99 5.29 6.18 5.23 5.96 7.78 10.57 2.10 3.96 7.49 8.70 5.22 5.58 0.00 5.36 0.00 0.00 2.60 0.00 6.39 6.26 6.00 5.80 1003219
4.54 3.00 0.00 3.53 4.37 3.93 3.72 4.46 3.27 3.99 5.29 6.19 5.23 5.96 7.78 10.57 2.10 3.96 0.00 8.69 5.21 5.58 0.00 5.37 0.00 0.00 2.60 0.00 6.40 6.25 5.99 5.81 1016309
4.55 3.01 0.00 3.53 4.37 3.93 3.74 4.47 3.27 4.00 5.29 6.18 5.23 5.96 7.80 10.57 2.09 3.95 0.00 8.68 5.23 5.59 0.00 5.37 0.00 2.01 2.59 0.00 6.39 6.25 6.00 5.81 1029399
4.54 3.01 0.00 3.23 4.36 3.92 3.73 4.46 3.27 4.00 5.30 6.19 5.24 5.95 7.79 10.56 2.10 3.97 0.00 8.69 5.21 5.59 0.00 5.37 0.00 2.01 2.59 0.00 6.39 6.25 6.00 5.80 1042489
4.54 3.02 0.00 3.24 4.37 3.92 3.74 4.46 3.26 4.00 5.30 6.19 5.24 6.00 7.78 10.47 2.10 3.96 0.00 8.68 5.21 5.60 0.00 5.36 0.00 2.18 2.60 0.00 6.43 6.25 5.99 5.79 1055579
4.51 3.00 0.00 3.53 4.39 3.92 3.74 4.46 3.25 3.99 5.29 6.23 5.23 5.96 7.77 10.47 2.09 3.96 0.00 8.71 5.22 5.58 0.00 5.36 0.00 2.04 2.63 0.00 6.42 6.25 6.01 5.77 1068669
0.00 3.01 0.00 3.53 4.96 3.91 3.75 4.48 3.29 3.99 5.29 6.20 5.20 6.01 7.78 10.46 2.10 3.96 0.00 8.71 5.22 5.60 0.00 5.36 0.00 2.13 2.64 0.00 6.42 6.25 6.71 5.80 1081759
4.55 3.00 0.00 3.54 4.40 3.92 3.76 4.48 3.28 4.09 5.31 6.23 5.21 6.20 7.76 0.00 2.09 3.91 0.00 8.70 5.23 5.59 10.47 5.36 0.00 2.77 2.60 0.00 6.41 6.27 6.08 5.76 1094849
4.55 3.01 0.00 3.55 4.37 3.92 3.77 4.47 3.27 4.01 5.30 6.18 5.24 6.17 7.78 0.00 2.06 4.60 7.73 9.09 5.20 5.60 10.63 5.37 0.00 2.25 2.62 0.00 6.42 6.25 6.01 0.00 1107939
4.43 3.02 0.00 3.23 4.39 3.91 3.77 4.48 3.28 4.13 5.28 6.81 5.34 5.96 7.78 0.00 2.09 3.85 0.00 8.60 5.17 5.55 10.59 5.39 0.00 0.00 2.59 0.00 6.40 6.33 5.97 5.71 1121029
4.54 3.01 0.00 3.23 4.36 3.93 3.93 4.54 3.28 3.99 5.36 6.24 5.26 6.09 7.79 0.00 2.11 3.87 0.00 8.80 5.05 0.00 0.00 4.53 0.00 2.03 2.65 0.00 6.41 6.24 6.10 5.69 1134118
4.53 3.02 0.00 3.17 4.37 4.07 3.79 4.56 3.30 4.00 5.34 6.14 5.26 6.08 7.98 0.00 2.14 3.83 7.53 8.83 5.26 0.00 10.34 5.41 0.00 2.01 2.64 5.54 6.35 6.34 5.97 5.69 1147209
4.40 3.01 0.00 2.90 4.31 3.92 4.00 4.50 3.33 4.00 5.40 6.26 5.39 5.93 7.79 0.00 2.03 3.82 0.00 9.01 5.21 5.60 10.37 0.00 0.00 2.26 2.58 5.48 6.49 6.23 6.09 5.68 1160299
4.44 3.02 0.00 2.93 4.31 3.93 3.76 4.47 3.44 3.85 5.39 6.13 5.24 5.95 7.80 0.00 2.05 3.79 7.32 8.51 5.26 5.62 0.00 4.19 0.00 0.00 2.61 5.49 6.43 6.24 6.09 0.00 1173388
4.44 3.01 0.00 3.20 4.46 3.90 3.75 4.56 3.48 3.99 5.39 6.24 5.25 5.78 7.81 0.00 2.09 3.89 6.70 8.93 5.05 5.76 10.49 0.00 0.00 2.10 2.57 0.00 6.40 6.27 6.09 5.74 1186479
4.48 3.02 0.00 3.22 4.26 3.91 4.04 4.55 3.48 4.06 5.33 6.91 5.24 5.95 7.69 0.00 2.24 4.00 0.00 8.84 5.03 0.00 10.79 0.00 0.00 0.00 2.58 5.46 6.40 6.29 6.06 6.24 1199569
4.47 3.02 0.00 2.97 4.24 3.94 3.74 5.00 3.27 3.99 5.54 6.42 5.44 5.89 7.63 0.00 2.03 4.22 7.00 8.35 4.89 5.62 0.00 4.80 0.00 2.01 2.64 5.47 6.41 6.24 5.94 5.97 1212658
4.63 3.02 0.00 3.21 4.77 3.90 3.79 4.63 3.23 4.05 5.45 6.31 5.21 5.81 7.63 0.00 2.04 3.88 6.98 8.65 4.90 5.74 10.22 0.00 0.00 2.06 2.52 5.20 6.33 6.50 6.01 5.74 1225749
4.57 3.03 0.00 3.49 4.28 3.91 4.04 4.50 3.25 4.02 5.39 0.00 5.28 5.83 7.35 0.00 2.23 3.86 6.97 8.69 4.97 5.72 10.81 0.00 0.00 2.07 2.63 5.73 6.36 6.32 6.05 6.01 1238839
4.69 3.01 0.00 3.47 4.28 4.85 3.97 4.46 3.24 4.09 5.48 6.74 5.10 5.26 8.05 10.16 2.08 3.84 6.85 8.89 4.96 6.18 10.35 5.44 0.00 0.00 2.54 5.19 6.39 6.22 6.27 5.84 1251930
4.83 3.00 0.00 2.92 4.29 3.95 0.00 4.55 3.24 4.05 5.53 6.47 5.32 6.06 7.69 0.00 2.06 3.95 6.40 9.10 5.07 5.70 10.58 4.58 0.00 2.02 3.46 4.87 5.90 6.25 6.10 5.84 1265019
4.39 3.00 0.00 3.49 4.34 3.97 0.00 4.49 3.20 4.01 5.65 6.41 5.04 5.51 7.65 10.18 2.37 4.02 7.32 8.89 5.20 0.00 10.48 4.68 0.00 2.08 2.57 5.00 6.28 6.13 5.98 5.79 1278110
4.45 3.00 0.00 3.24 4.49 3.91 3.82 4.64 3.23 4.01 5.47 6.59 4.19 5.84 7.76 7.83 2.05 4.16 6.52 8.98 5.13 5.40 0.00 0.00 0.00 2.05 2.72 4.96 6.02 6.17 0.00 6.02 1291198
4.47 3.02 0.00 3.27 4.20 3.94 3.65 4.72 3.25 4.04 4.61 6.60 4.94 5.97 7.36 8.24 2.08 3.96 6.59 8.94 5.15 5.21 4.50 0.00 0.00 2.32 2.59 5.10 5.74 6.24 6.10 5.94 1304288
4.48 3.01 0.00 3.36 4.24 3.98 0.00 4.45 3.23 4.01 5.58 6.55 4.90 6.01 7.56 0.00 2.08 4.05 6.28 9.05 5.56 5.37 7.71 5.34 0.00 2.16 2.63 5.27 6.38 6.19 6.02 5.90 1317378
4.71 3.02 0.00 3.28 4.29 3.96 3.85 4.61 3.31 3.97 5.80 6.69 5.05 5.84 7.87 8.54 2.09 3.96 6.90 9.19 3.28 5.42 9.95 4.50 0.00 2.07 2.65 4.81 4.05 6.19 6.13 5.96 1330468
4.89 3.01 0.00 3.28 4.26 3.96 4.11 4.55 3.38 4.04 5.84 6.70 4.61 5.96 7.46 8.04 2.12 4.02 6.78 8.84 5.39 5.28 10.61 4.43 0.00 2.27 2.60 4.60 4.17 5.99 6.06 5.86 1343559
4.54 2.99 0.00 3.50 4.28 3.92 3.74 4.50 3.25 2.86 5.90 6.67 2.66 4.52 7.50 8.46 2.14 3.99 6.77 8.97 5.52 5.12 7.89 0.00 0.00 0.00 2.65 2.96 4.44 6.29 5.83 5.87 1356648
4.86 2.91 0.00 3.57 4.24 3.91 3.30 4.48 3.21 4.06 5.95 6.87 4.38 5.06 7.29 7.53 2.12 3.78 6.25 8.87 5.44 5.05 3.45 5.48 0.00 0.00 2.61 3.76 5.01 3.22 6.22 5.89 1369738
4.50 2.97 5.90 0.00 4.37 3.96 3.59 4.68 3.23 4.05 6.16 6.82 4.24 5.25 7.21 7.27 2.14 3.78 6.72 8.85 5.32 5.08 2.26 0.00 0.00 2.03 2.58 4.19 4.43 3.57 5.57 5.93 1382828
4.50 2.96 0.00 3.38 4.40 4.07 3.42 4.70 3.41 4.16 5.85 7.05 4.17 4.15 4.83 7.28 2.13 3.82 6.89 9.01 4.95 4.96 0.00 4.81 0.00 2.04 2.61 4.04 3.64 3.54 5.24 6.03 1395918
4.43 3.06 0.00 3.44 4.37 4.07 3.39 4.57 3.21 3.97 6.02 6.96 3.83 4.60 5.99 7.03 2.12 3.78 6.90 8.86 5.26 4.67 10.44 4.23 0.00 2.45 2.67 3.15 2.97 4.78 6.46 6.08 1409009
4.45 2.95 0.00 2.85 4.30 4.00 3.50 4.63 3.26 4.01 6.06 6.72 2.17 3.96 5.36 6.45 2.11 3.86 7.10 9.03 5.41 4.62 0.00 3.94 0.00 2.04 2.61 4.00 3.28 3.04 3.27 5.97 1422098
4.58 3.04 5.17 3.22 4.33 3.95 3.42 4.57 3.19 2.67 5.93 6.72 2.72 3.56 5.35 5.60 2.20 4.18 6.98 9.09 4.74 4.37 3.74 0.00 0.00 2.56 2.63 3.61 3.10 3.35 4.59 0.00 1435188
4.54 2.88 0.00 2.93 4.27 4.06 3.25 4.72 3.24 3.15 6.00 6.66 3.22 3.75 4.81 5.91 2.09 3.69 6.48 8.95 5.52 4.74 3.91 2.97 0.00 2.51 2.70 3.21 2.69 3.20 4.64 4.91 1448278
4.46 2.94 0.00 3.67 4.45 4.40 3.22 4.77 3.18 4.16 5.81 6.25 3.10 3.48 4.76 4.84 2.12 4.09 6.87 9.01 3.85 0.00 10.40 4.39 0.00 2.27 2.62 3.49 2.83 3.53 2.27 3.96 1461369
4.52 3.01 5.25 3.00 4.35 4.00 3.37 4.61 3.38 3.09 3.71 6.11 3.08 3.29 4.75 5.61 2.18 3.90 5.82 9.05 4.83 0.00 3.26 4.65 0.00 2.09 2.60 3.58 3.05 3.97 3.99 6.11 1474458
4.75 2.93 5.26 2.82 4.56 3.98 3.66 4.53 3.34 4.09 5.35 6.22 2.93 3.79 4.49 4.88 2.35 4.09 6.75 9.09 2.90 3.85 2.38 2.87 0.00 2.01 2.60 3.42 3.33 3.32 3.68 5.79 1487548
4.37 3.00 0.00 3.01 4.42 4.06 3.29 4.77 3.33 3.64 4.17 6.38 3.17 3.59 4.49 4.41 2.22 3.71 6.59 9.03 4.37 4.45 4.77 4.20 0.00 2.48 2.58 3.68 3.02 3.54 3.36 3.26 1500638
4.63 3.00 5.21 3.13 4.58 4.10 3.11 4.58 3.20 2.95 4.74 6.44 2.96 3.76 4.29 4.81 2.14 4.06 6.76 9.04 2.61 4.22 6.24 2.27 0.00 2.36 2.53 3.42 2.78 3.49 2.84 5.87 1513728
4.44 2.99 5.26 3.11 4.38 4.07 3.21 4.90 3.00 2.21 3.53 6.53 3.01 3.23 3.81 4.26 2.37 3.75 6.07 9.03 4.00 4.11 2.51 3.87 0.00 2.02 2.63 3.21 2.85 3.09 2.80 2.17 1526818
4.52 2.64 5.09 2.94 4.44 4.04 3.66 4.65 2.90 2.95 5.26 6.48 3.07 3.49 4.00 4.04 2.70 2.89 6.73 9.04 3.13 3.73 2.93 0.00 0.00 2.05 2.50 3.33 2.95 3.24 2.70 5.07 1539908
4.65 3.08 5.06 2.92 4.49 4.17 3.94 4.69 3.22 2.71 5.23 6.45 3.14 3.74 3.98 4.29 2.17 4.11 6.70 9.04 3.55 4.07 4.12 0.00 0.00 2.02 2.73 3.21 2.88 3.12 4.53 4.60 1552998
4.63 2.81 5.22 2.86 4.46 4.02 3.33 4.76 2.83 3.15 5.46 6.61 3.12 3.67 4.03 4.06 2.32 3.85 4.71 9.41 4.12 3.49 4.42 2.19 0.00 2.07 2.77 3.41 2.79 3.13 2.77 5.66 1566088
4.82 3.16 5.25 3.20 4.56 4.16 2.67 3.63 2.91 3.48 5.34 6.43 3.17 3.92 4.24 3.88 2.15 3.88 5.11 9.05 2.93 4.08 4.15 4.26 0.00 2.43 2.60 3.65 2.82 3.17 3.30 5.92 1579178
4.57 2.95 5.16 2.99 4.55 4.12 3.34 4.82 3.28 3.81 5.54 6.60 3.17 2.76 4.21 3.78 2.22 3.78 6.13 9.04 2.97 4.25 3.04 3.51 0.00 0.00 2.80 3.26 2.84 3.19 3.73 5.50 1592268
4.66 2.97 5.53 2.94 4.53 4.11 3.29 4.74 3.34 3.21 5.49 6.54 3.18 3.97 4.82 3.76 2.06 3.94 6.37 8.98 3.36 4.26 3.79 0.00 0.00 2.24 2.76 3.14 2.92 3.11 3.85 4.35 1605358
4.82 3.00 5.22 3.18 4.76 4.22 3.45 4.68 3.35 3.78 6.06 6.74 3.14 3.98 4.15 3.81 2.13 3.74 6.26 9.04 3.52 4.29 4.84 4.87 0.00 2.74 2.68 3.25 2.74 3.18 4.31 5.41 1618448
4.68 2.92 5.05 2.82 4.53 4.17 3.57 4.56 3.47 3.97 5.61 6.66 3.25 3.69 4.10 3.90 2.25 3.57 6.40 9.09 3.80 4.19 10.38 4.32 0.00 0.00 2.72 3.23 2.88 3.17 4.32 5.49 1631539
4.58 3.01 0.00 0.00 4.64 4.25 3.72 4.59 3.28 3.91 5.48 6.69 3.24 4.06 4.18 3.73 2.06 4.02 6.60 8.89 3.87 3.72 3.42 4.85 0.00 2.08 2.74 3.29 2.83 3.17 5.20 5.38 1644628
4.62 2.92 4.97 2.69 4.63 4.22 3.83 4.56 3.43 3.25 5.44 6.77 3.17 4.04 4.33 3.77 0.00 3.84 6.20 9.50 3.58 4.86 10.72 4.20 0.00 2.75 2.81 3.21 2.12 3.17 4.21 5.35 1657719
4.48 3.10 0.00 2.69 5.07 4.27 3.28 4.55 3.44 3.50 5.44 6.70 3.19 4.05 4.13 3.91 2.35 3.79 6.51 9.27 3.80 0.00 9.10 3.75 0.00 0.00 2.80 3.54 2.88 3.21 5.50 5.22 1670808
4.64 3.11 5.50 2.70 4.97 4.33 0.00 4.54 3.42 3.95 5.59 6.70 3.38 4.04 4.23 4.17 2.11 3.74 6.70 9.08 3.86 4.28 10.59 3.36 0.00 2.22 2.88 3.72 2.80 3.20 4.99 5.28 1683899
4.77 3.02 0.00 2.73 4.71 4.18 3.27 4.53 3.39 3.97 5.57 6.66 3.36 4.07 4.26 3.83 2.06 3.90 6.37 9.04 3.03 4.23 10.46 5.07 0.00 2.05 3.08 3.28 2.94 3.22 4.96 5.24 1696989
4.60 2.99 5.20 3.05 4.83 4.29 3.46 4.55 3.40 3.95 5.28 6.99 3.11 4.08 4.20 3.86 2.05 3.75 6.20 8.94 3.76 4.32 10.37 0.00 0.00 2.03 2.93 3.52 2.88 3.20 5.36 5.22 1710079
4.53 3.04 5.11 2.72 4.77 4.23 3.63 4.64 3.37 2.86 5.83 0.00 3.31 4.04 4.20 3.84 2.06 3.76 6.68 9.57 3.84 4.67 0.00 4.97 0.00 2.03 3.03 3.56 2.79 3.23 5.57 5.87 1723168
0.00 2.98 0.00 2.74 4.90 4.33 3.62 4.56 3.53 3.99 5.55 6.79 3.35 4.16 4.22 3.85 3.06 3.85 6.78 8.97 3.81 4.21 8.24 0.00 0.00 2.02 2.81 3.25 2.82 3.22 5.50 5.29 1736258
4.51 2.99 5.89 2.82 4.70 4.39 3.74 4.54 3.37 3.34 5.51 6.76 3.15 4.17 4.21 3.76 2.04 3.93 6.84 8.97 3.81 0.00 0.00 4.66 0.00 2.53 2.94 3.32 2.84 3.20 5.49 5.35 1749348
4.76 2.99 0.00 2.82 4.71 4.37 3.55 4.50 3.48 3.84 6.32 6.73 3.20 4.13 4.19 3.90 2.05 4.62 6.74 9.06 3.19 4.39 10.73 0.00 0.00 0.00 2.96 3.31 2.87 3.19 6.22 5.44 1762439
4.82 2.99 5.22 3.17 4.80 4.35 3.52 4.43 3.47 3.98 5.52 6.98 3.16 4.27 4.26 3.79 2.06 3.91 7.27 8.89 3.77 4.45 10.60 4.46 0.00 2.05 2.92 3.28 2.92 3.28 5.86 0.00 1775529
4.69 2.92 5.20 2.66 4.86 4.34 3.45 4.49 3.57 3.45 5.65 6.83 3.10 4.07 4.30 3.87 2.05 3.95 7.39 9.09 3.73 4.22 10.41 4.60 0.00 2.16 3.03 3.35 2.88 3.24 5.47 5.24 1788619
4.57 3.00 0.00 2.70 4.74 4.44 3.54 4.71 3.36 3.97 5.42 0.00 3.32 4.01 4.21 3.81 2.05 3.80 6.62 8.88 3.78 4.31 0.00 5.75 0.00 2.71 2.93 3.43 2.92 3.27 5.44 5.05 1801708
4.69 3.03 0.00 2.70 4.87 4.39 3.31 4.60 3.50 3.92 5.64 6.83 3.10 4.04 4.23 3.91 3.05 3.92 6.82 8.84 3.82 4.56 10.45 4.49 0.00 2.04 2.90 3.43 2.87 3.26 5.46 5.51 1814799
4.53 2.99 5.22 2.70 4.86 4.32 3.50 4.63 3.41 3.94 5.49 6.83 3.14 4.03 4.31 3.88 3.06 3.81 7.58 8.79 3.87 0.00 0.00 0.00 0.00 2.18 2.99 3.24 2.93 3.27 5.41 5.00 1827888
4.82 2.98 5.27 2.70 4.91 4.43 3.33 4.50 3.39 2.79 5.64 6.84 3.16 4.06 4.63 3.86 2.10 3.83 6.99 8.86 3.83 4.21 10.94 4.51 0.00 2.09 3.03 3.23 2.88 3.41 5.42 5.07 1840979
4.64 2.98 0.00 2.74 4.73 4.35 4.20 4.64 3.50 4.18 5.53 0.00 3.33 4.16 4.37 3.93 2.44 4.00 6.54 9.03 3.75 4.95 10.54 0.00 0.00 2.24 3.18 3.24 3.01 3.29 5.30 5.06 1854069
4.74 3.00 0.00 2.88 4.98 4.64 3.54 4.52 3.52 4.01 5.56 7.45 3.13 4.24 4.45 3.81 2.03 4.23 6.85 0.00 3.81 4.24 10.81 4.88 0.00 2.19 3.04 3.31 2.90 3.36 5.19 5.27 1867159
4.68 3.07 0.00 2.78 4.78 4.42 3.52 4.74 3.46 3.93 5.58 6.86 3.23 4.09 4.34 3.87 3.06 4.05 7.19 9.00 3.78 0.00 0.00 4.46 0.00 2.05 3.06 3.57 2.91 3.33 5.87 4.94 1880248
4.74 2.97 0.00 2.70 4.74 4.36 3.52 4.62 3.49 3.93 5.58 6.99 3.32 4.19 4.39 3.86 2.24 4.06 6.99 9.07 3.79 4.38 10.62 0.00 0.00 2.15 2.89 3.31 2.95 3.37 5.22 4.60 1893339
4.76 2.98 0.00 2.72 4.79 4.37 3.45 4.60 3.44 3.90 5.66 6.91 3.37 4.02 4.41 3.82 0.00 3.82 6.27 9.10 3.82 4.54 0.00 4.78 0.00 0.00 2.84 3.35 3.02 3.34 5.55 4.63 1906428
4.93 3.00 0.00 2.74 4.88 4.43 3.32 4.69 3.41 3.98 6.05 6.99 3.33 4.08 4.37 3.90 2.03 4.42 6.70 8.93 4.42 0.00 10.56 0.00 0.00 2.20 2.99 4.10 2.89 3.34 4.89 4.48 1919519
4.65 2.99 5.27 2.69 4.72 4.30 3.26 4.52 3.56 3.95 5.67 0.00 3.36 4.11 4.37 3.81 2.01 3.77 6.77 8.88 3.96 4.31 0.00 4.22 0.00 2.16 2.87 0.00 2.88 3.45 4.74 4.59 1932608
4.57 3.04 0.00 2.67 4.72 4.40 3.32 4.63 3.44 3.96 5.81 7.07 3.46 4.09 4.34 4.03 2.04 3.77 6.71 9.07 3.85 4.28 3.23 0.00 0.00 2.38 2.75 3.39 2.95 3.38 4.79 4.20 1945698
4.64 2.98 0.00 2.68 4.79 4.50 3.34 4.67 3.49 3.90 6.02 7.02 3.35 4.07 4.37 3.93 2.34 3.94 6.26 8.79 3.93 4.25 10.67 0.00 0.00 2.14 2.92 3.44 2.95 3.45 4.76 4.10 1958789
4.72 2.97 0.00 2.68 4.76 4.44 3.33 4.59 3.40 4.00 5.92 7.07 3.39 4.14 4.35 3.86 2.03 3.87 6.00 9.36 3.93 4.37 10.36 5.07 0.00 2.22 2.82 4.03 3.10 3.44 4.32 4.14 1971879
4.57 2.97 0.00 2.71 4.92 4.42 3.25 4.54 3.51 4.03 5.71 7.73 3.27 4.18 4.55 4.01 2.05 4.00 6.84 9.08 3.44 4.17 10.52 5.25 0.00 2.09 2.77 3.91 3.04 3.56 4.41 4.03 1984969
4.63 2.95 0.00 2.94 4.99 4.44 3.21 4.78 3.49 3.99 5.78 7.04 3.31 4.20 4.55 3.98 2.07 3.91 6.55 8.87 3.97 4.18 10.29 4.59 0.00 2.74 2.72 3.57 3.02 3.60 4.40 4.38 1998059
4.70 2.94 5.35 2.72 4.93 4.38 3.26 4.60 3.47 3.34 5.86 7.12 3.50 4.24 4.43 4.01 2.03 4.03 6.39 8.94 3.97 4.13 9.03 0.00 0.00 2.36 2.68 3.39 3.02 3.48 4.43 3.98 2011148
4.71 3.03 0.00 2.86 4.95 4.46 3.29 4.50 3.54 3.50 5.96 7.32 3.35 4.35 4.53 3.98 2.48 3.83 6.39 9.00 4.02 0.00 7.16 4.67 0.00 2.15 2.73 3.39 3.16 3.73 4.51 3.84 2024238
4.70 2.96 5.29 2.67 4.87 4.51 3.28 4.50 3.49 4.10 6.06 7.18 3.41 4.24 4.65 4.08 2.50 3.86 6.32 8.99 4.03 4.13 3.29 5.04 0.00 2.18 2.66 3.44 3.21 3.65 4.28 3.75 2037328
4.60 2.92 0.00 3.08 4.85 4.43 3.27 4.56 3.57 2.86 6.25 7.14 3.59 4.30 4.58 4.16 2.05 3.76 6.07 9.01 4.07 4.08 2.76 2.95 0.00 2.18 2.70 3.90 3.32 3.71 3.99 3.66 2050418
4.68 3.01 5.23 2.72 5.03 4.52 3.30 4.80 3.10 4.05 5.99 7.23 3.52 4.36 4.59 4.13 3.01 3.86 6.51 8.98 3.61 4.07 3.27 0.00 0.00 2.18 2.65 3.85 3.38 3.76 4.17 3.75 2063508
4.62 2.95 0.00 3.41 4.93 4.52 2.73 4.52 3.59 4.09 6.11 7.19 3.55 4.28 4.58 4.27 2.11 3.95 6.39 8.98 4.10 0.00 5.42 4.97 0.00 2.19 2.63 4.01 3.63 3.72 3.92 3.49 2076598
4.80 2.97 0.00 3.37 5.39 4.52 3.19 4.48 3.64 4.08 4.64 7.28 3.51 4.44 4.63 4.30 2.12 3.79 6.62 9.00 3.43 4.14 4.85 4.80 0.00 2.25 2.57 3.33 3.33 3.71 3.73 3.44 2089688
4.64 3.03 5.23 3.22 4.86 4.51 3.24 4.70 3.52 3.78 5.63 7.51 3.45 4.36 4.78 4.37 2.14 4.16 6.52 8.97 3.53 4.22 10.28 0.00 0.00 0.00 2.70 3.45 3.22 3.64 2.94 3.32 2102779
4.97 2.98 5.24 3.30 4.93 4.64 2.82 4.57 3.64 3.64 6.26 7.33 3.62 4.53 4.69 4.28 2.10 3.52 7.07 9.00 3.87 4.30 5.59 4.80 0.00 2.14 2.66 3.16 2.90 3.55 3.29 2.94 2115868
4.87 2.84 0.00 2.84 4.99 4.59 3.73 4.62 3.60 3.93 6.37 7.48 3.58 4.53 4.92 4.26 2.18 3.76 7.07 9.01 4.06 0.00 3.37 4.61 0.00 2.07 2.55 3.54 2.99 3.50 3.48 2.92 2128958
4.65 3.03 5.16 3.31 5.07 4.59 3.16 4.45 3.63 2.17 6.49 7.54 3.70 4.54 4.77 4.43 2.10 3.67 6.98 9.02 4.04 4.47 0.00 4.50 0.00 2.07 2.68 3.32 2.93 3.44 3.31 2.96 2142048
5.11 2.98 0.00 2.90 4.96 4.67 3.19 3.79 3.55 4.33 6.54 7.42 3.65 4.65 4.85 4.33 2.03 3.45 6.51 9.00 3.55 4.46 3.73 3.89 0.00 2.02 2.79 3.42 2.86 3.44 3.06 2.92 2155138
4.62 2.98 5.20 3.08 5.13 4.73 3.15 4.66 3.74 4.45 6.41 7.40 3.51 3.41 4.98 4.37 2.07 3.45 6.78 9.03 4.01 4.38 3.24 4.42 0.00 2.05 2.67 3.28 3.01 3.41 3.11 2.72 2168228
4.67 3.00 0.00 3.19 4.99 5.02 3.23 4.54 3.62 3.69 6.55 7.74 3.59 4.29 4.86 4.39 2.11 3.30 7.07 9.04 4.26 4.12 3.32 4.83 0.00 2.10 2.65 3.28 3.00 3.46 2.81 2.83 2181318
4.62 3.03 5.18 3.48 5.09 4.86 3.30 4.57 3.82 2.96 6.76 7.48 3.64 4.71 5.01 4.53 2.20 3.41 6.68 9.01 4.03 4.50 4.33 4.88 0.00 2.11 2.89 3.34 2.89 3.45 2.64 2.79 2194408
4.73 2.99 0.00 3.63 5.10 4.84 3.17 4.44 4.02 4.66 6.48 8.20 3.65 4.99 5.03 4.55 2.09 3.53 6.77 9.01 4.17 4.39 2.31 3.87 0.00 2.34 2.62 3.67 2.78 3.57 2.86 2.74 2207498
4.74 2.87 0.00 3.25 5.16 4.78 3.25 4.69 3.96 4.80 6.41 7.71 3.68 4.87 5.06 4.61 2.13 3.58 7.40 8.98 4.01 4.47 10.77 4.37 0.00 2.68 2.74 3.31 2.89 3.57 2.63 2.64 2220589
4.84 3.01 0.00 2.97 5.04 4.82 3.24 4.44 3.88 4.76 6.51 7.63 3.64 4.71 5.06 4.68 2.21 3.44 7.64 8.99 4.32 4.94 10.65 0.00 0.00 2.16 2.69 3.49 2.83 3.53 2.65 2.76 2233679
4.73 3.11 5.23 3.26 5.07 5.01 3.20 4.48 4.03 4.91 6.55 7.64 3.38 4.92 5.10 4.59 2.12 3.68 6.78 9.00 4.29 4.64 10.83 4.82 0.00 2.38 2.63 3.69 2.70 3.59 2.42 2.82 2246769
4.69 3.00 0.00 3.27 5.07 4.94 3.23 4.49 3.65 4.78 6.42 7.58 3.56 5.01 5.14 4.70 2.34 3.68 0.00 9.03 4.32 4.65 10.56 5.18 0.00 2.71 2.83 3.38 2.65 3.53 2.30 2.80 2259859
4.78 3.05 0.00 3.12 5.10 4.94 3.22 4.47 3.76 5.00 6.58 7.92 3.98 4.81 5.06 4.82 2.09 4.00 6.26 8.97 4.53 5.04 10.73 5.07 0.00 2.01 2.76 3.27 2.93 3.60 2.38 2.86 2272949
4.75 3.02 0.00 3.80 5.11 4.86 3.21 4.43 3.96 4.93 6.78 7.57 3.54 4.83 5.06 4.64 2.11 3.76 7.33 8.99 4.35 4.45 0.00 0.00 0.00 0.00 2.68 3.45 2.93 3.65 2.39 3.00 2286038
4.61 2.96 0.00 0.00 5.61 4.87 3.20 4.41 3.54 4.85 6.63 7.80 3.75 4.90 5.09 4.94 2.06 3.79 6.67 9.00 4.26 4.70 10.65 4.67 0.00 2.28 2.71 0.00 3.01 3.59 2.52 2.83 2299129
0.00 3.01 0.00 2.98 5.09 4.90 3.23 4.50 3.88 4.94 6.62 7.61 3.87 4.90 5.06 4.66 2.04 3.77 6.68 9.00 4.27 4.61 10.67 4.61 0.00 2.01 2.86 3.52 2.90 3.73 2.30 2.66 2312219
4.82 3.03 0.00 3.33 5.43 4.96 3.21 4.99 3.94 4.81 6.76 7.61 3.85 4.82 5.20 4.79 2.04 3.88 6.74 8.98 4.31 4.69 10.74 0.00 0.00 2.65 2.73 3.36 3.15 3.61 2.28 2.72 2325309
4.80 3.00 0.00 0.00 5.13 4.92 3.23 4.66 3.83 4.89 6.60 7.59 3.59 4.85 5.17 4.63 2.42 3.81 6.37 8.98 4.28 0.00 10.74 0.00 0.00 0.00 2.67 4.10 2.90 3.65 2.34 2.64 2338399
4.68 3.02 0.00 3.43 5.10 4.90 3.23 4.47 4.30 4.98 6.58 7.60 3.73 4.93 5.27 4.63 2.12 3.90 6.19 8.98 4.35 0.00 10.68 0.00 0.00 2.04 2.77 3.33 2.85 3.73 2.30 2.61 2351489
4.70 2.99 0.00 3.53 5.11 4.90 3.24 4.82 3.99 4.96 6.61 7.62 3.81 4.92 5.10 4.64 2.07 4.56 6.43 9.00 4.31 0.00 0.00 0.00 0.00 2.20 2.72 3.24 2.95 3.77 2.31 2.66 2364578
4.85 3.01 0.00 3.47 5.14 4.90 3.22 4.60 3.84 4.90 6.48 7.60 3.65 4.93 5.11 4.63 2.05 4.00 6.33 8.99 4.53 4.77 10.81 5.20 0.00 2.04 2.70 3.40 2.97 3.71 2.30 2.58 2377669
4.67 3.08 0.00 3.48 0.00 4.91 3.20 4.67 4.05 4.90 6.71 7.69 3.59 4.87 5.31 4.68 2.02 3.97 6.22 8.98 4.29 4.83 10.65 0.00 0.00 2.06 2.69 3.68 2.99 3.65 2.33 2.71 2390759
4.71 3.07 0.00 3.45 5.13 4.90 3.19 4.88 3.88 4.96 6.58 7.68 3.65 4.91 5.19 4.87 2.05 3.93 6.28 8.99 4.34 5.34 10.76 5.16 0.00 2.04 2.69 3.43 3.01 3.69 2.44 2.67 2403849
4.68 3.02 0.00 3.47 5.22 4.89 3.20 4.52 4.07 4.97 6.58 0.00 3.69 5.20 5.12 4.80 2.09 3.93 6.27 8.97 4.32 4.77 0.00 5.23 0.00 2.02 2.69 3.35 2.87 3.72 2.37 2.63 2416938
4.70 3.02 0.00 3.47 0.00 4.91 3.20 4.60 3.84 4.87 6.56 0.00 3.86 4.91 5.26 4.84 2.05 4.05 7.22 9.00 4.44 4.63 0.00 0.00 0.00 0.00 2.70 3.49 2.96 3.69 2.44 2.68 2430028
4.70 3.04 0.00 3.46 5.10 4.96 3.21 4.51 3.86 4.94 6.76 0.00 3.61 4.93 5.50 4.74 2.03 3.87 6.50 9.00 4.33 4.89 10.64 0.00 0.00 2.01 2.76 4.23 2.91 3.80 2.39 2.73 2443119
4.92 3.00 0.00 3.46 5.12 4.93 3.20 4.60 3.99 4.95 6.84 7.63 4.16 4.92 5.51 4.84 2.04 4.46 6.65 8.98 4.32 0.00 10.82 4.57 0.00 2.03 2.75 3.32 3.10 3.81 2.41 2.77 2456209
4.68 3.01 0.00 3.41 5.11 4.93 3.17 4.68 4.08 4.99 6.77 7.82 3.93 4.89 5.14 4.76 2.02 3.82 6.84 8.98 4.34 4.63 10.77 0.00 0.00 2.06 2.71 3.29 3.06 4.22 2.52 3.13 2469299
4.67 3.05 0.00 3.49 5.06 5.00 3.19 4.45 4.06 5.07 6.65 7.65 3.69 4.93 5.19 4.73 0.00 3.79 6.89 8.99 4.47 5.02 10.61 4.65 0.00 2.04 2.75 3.17 2.91 3.75 2.46 2.64 2482389
4.73 3.01 0.00 3.46 5.14 4.94 3.22 4.47 3.95 4.93 6.81 7.95 3.76 5.11 5.25 4.87 2.08 3.89 6.53 9.00 4.40 4.92 10.61 4.63 0.00 2.07 2.79 3.29 2.97 3.82 2.34 2.66 2495479
4.68 2.98 0.00 3.59 5.09 5.01 3.21 4.53 4.10 4.89 6.74 7.72 3.61 4.92 5.19 4.75 2.04 3.86 7.24 9.02 4.66 5.32 10.92 4.56 0.00 0.00 2.75 3.22 3.00 3.88 2.35 2.79 2508569
4.73 2.96 5.21 3.24 5.27 4.97 3.35 4.42 4.13 4.91 6.87 0.00 3.81 4.92 5.28 4.77 2.07 3.77 0.00 9.01 4.50 0.00 0.00 4.21 0.00 2.25 2.76 3.50 2.94 3.86 2.34 2.83 2521658
4.68 2.99 0.00 3.51 5.15 5.11 3.22 4.77 4.40 5.00 7.08 7.71 3.69 5.05 5.21 4.75 2.12 3.67 7.31 8.99 4.58 4.97 10.81 4.51 0.00 2.01 2.72 3.36 3.16 3.97 2.32 2.94 2534749
4.81 2.98 0.00 3.31 5.08 5.02 3.25 4.72 4.16 4.84 6.79 7.73 3.65 5.05 5.28 4.76 2.08 3.91 0.00 8.99 4.59 5.60 10.66 4.65 0.00 2.03 2.76 3.20 3.16 3.90 2.42 2.88 2547839
4.70 2.98 0.00 0.00 5.09 4.99 3.24 4.73 4.25 5.08 6.73 7.76 3.95 5.12 5.34 4.78 2.07 3.45 6.96 9.00 4.56 0.00 0.00 4.59 0.00 2.05 2.76 3.22 3.24 3.95 2.32 2.88 2560928
4.90 2.98 0.00 3.22 5.11 5.13 3.24 4.64 4.10 5.10 6.98 7.94 3.89 4.97 5.30 4.94 2.12 3.53 6.87 9.02 4.60 0.00 10.49 4.63 0.00 2.19 2.76 3.26 3.13 3.96 2.32 2.89 2574019
4.73 2.99 0.00 3.31 5.90 5.04 0.00 4.49 4.43 3.40 6.63 7.77 3.84 5.02 5.31 5.05 2.09 3.77 7.02 9.00 4.70 5.07 0.00 4.78 0.00 2.61 2.79 3.10 3.13 3.94 2.41 3.26 2587108
4.88 3.02 5.54 3.26 5.14 5.03 3.20 3.77 4.28 5.06 6.96 8.28 3.83 4.99 5.36 5.10 2.16 3.67 7.15 8.99 4.90 5.06 10.82 4.35 0.00 2.18 2.76 3.08 3.15 3.92 2.39 2.86 2600199
4.78 2.98 5.72 2.88 5.15 5.07 3.18 4.59 4.30 5.27 6.64 0.00 3.75 5.08 5.40 4.98 2.10 3.64 6.70 9.01 4.73 5.26 9.42 4.52 0.00 2.07 2.85 3.05 3.25 4.07 2.39 2.88 2613288
4.90 2.98 0.00 2.91 5.53 5.15 3.17 4.42 4.32 5.30 6.85 7.85 4.21 5.17 5.37 5.12 2.08 3.53 6.66 8.98 4.84 5.18 7.61 4.16 0.00 2.07 2.81 3.08 3.18 4.10 2.44 2.81 2626378
4.80 3.04 0.00 2.97 5.20 5.13 3.25 4.48 4.45 5.41 6.69 8.43 3.66 5.21 5.39 5.01 2.08 3.51 7.26 9.00 4.93 5.24 0.00 0.00 0.00 2.05 2.80 3.10 3.10 4.05 2.41 2.89 2639468
4.82 2.99 5.21 3.36 5.18 5.27 3.18 4.56 4.52 5.35 6.70 7.96 3.89 5.04 5.48 4.98 2.14 3.65 0.00 8.99 5.29 5.19 0.00 3.99 0.00 2.10 2.76 3.10 3.33 4.20 2.49 2.97 2652558
4.72 3.01 5.64 3.31 5.10 5.14 3.14 4.53 4.74 5.47 6.52 8.18 3.77 5.10 5.45 4.98 2.27 3.44 6.98 9.02 4.92 5.61 10.53 5.11 0.00 2.11 2.92 3.07 3.30 4.14 2.44 2.93 2665649
4.75 3.01 5.09 3.14 5.31 5.29 3.19 4.61 4.66 5.56 6.81 7.76 3.77 5.22 5.43 5.06 2.17 3.64 7.07 8.94 4.95 5.16 5.74 2.92 0.00 2.25 2.81 3.20 3.52 4.35 2.41 3.01 2678738
5.30 3.05 5.23 3.48 5.37 5.35 3.09 4.44 4.90 3.84 6.92 7.98 4.21 5.26 5.55 5.08 2.09 3.52 0.00 8.96 4.85 5.30 10.62 4.40 0.00 2.04 2.71 2.94 3.44 4.31 2.47 2.91 2691829
4.96 2.95 0.00 3.43 5.29 5.21 3.07 4.38 4.76 5.10 7.29 0.00 4.06 5.24 5.55 5.10 2.07 3.65 6.76 8.99 5.20 0.00 8.02 4.54 0.00 2.02 2.91 3.05 3.32 4.42 2.34 2.92 2704918
4.77 3.06 0.00 3.48 5.37 5.20 3.15 4.65 4.97 5.63 7.13 0.00 4.30 5.19 5.93 5.17 2.12 4.05 6.60 9.04 5.12 5.65 5.71 5.03 0.00 2.08 3.00 3.61 3.41 4.72 2.35 2.92 2718008
4.82 2.95 0.00 3.50 5.39 5.44 3.11 4.39 4.94 5.67 6.82 0.00 4.47 5.30 5.58 5.25 2.30 3.46 7.52 9.04 5.33 5.61 4.04 0.00 0.00 2.11 3.18 3.00 3.40 4.31 2.42 2.95 2731098
5.02 2.99 5.05 3.11 5.69 5.41 3.11 4.39 4.99 4.76 6.90 0.00 4.38 5.18 5.80 5.41 2.48 3.56 6.92 8.99 5.09 5.48 5.53 3.91 0.00 2.05 2.81 3.25 3.33 4.43 2.49 2.79 2744188
4.98 2.97 5.81 2.96 5.43 5.45 3.11 4.32 4.97 5.73 6.85 7.84 4.14 5.33 5.59 5.29 2.16 3.55 7.06 8.99 2.49 0.00 4.66 3.85 0.00 2.10 2.82 3.17 3.40 4.36 2.40 2.88 2757278
4.86 3.03 0.00 3.48 5.64 5.48 3.13 4.73 5.02 5.70 7.12 0.00 4.18 5.36 5.66 5.43 2.21 3.64 7.08 9.01 5.21 0.00 2.59 5.24 0.00 2.08 2.78 2.96 2.71 4.43 2.27 2.82 2770368
4.89 3.08 5.26 3.28 5.62 5.59 3.06 4.45 5.12 5.72 7.11 0.00 4.08 5.30 5.77 5.28 2.30 3.64 6.85 8.98 5.13 5.73 3.53 3.17 0.00 2.01 2.90 2.76 3.51 4.64 2.37 2.86 2783458
4.80 2.96 5.25 3.17 5.89 5.59 3.07 4.83 5.18 5.82 6.77 0.00 4.31 5.39 5.69 5.37 2.18 3.93 6.67 9.02 5.34 5.93 10.37 4.20 0.00 2.32 2.75 2.91 3.73 4.45 2.43 2.96 2796549
5.03 2.98 5.22 2.91 5.62 5.67 3.30 4.30 5.10 5.43 6.97 0.00 4.18 5.51 5.80 5.29 2.13 3.59 7.20 9.02 4.64 0.00 9.77 4.69 0.00 2.11 2.78 2.91 3.64 4.54 2.42 3.45 2809638
4.92 2.94 0.00 2.93 5.55 5.64 3.12 4.60 5.21 6.02 6.86 0.00 4.37 5.52 5.77 5.32 2.41 3.61 6.72 9.00 5.17 5.97 10.54 4.39 0.00 2.04 2.74 3.03 3.46 4.17 2.42 2.99 2822729
5.34 2.99 5.24 3.48 5.52 5.69 3.23 4.42 5.51 6.07 6.96 0.00 4.25 5.43 5.87 5.45 2.16 3.68 6.88 8.97 4.98 5.91 10.10 3.92 0.00 2.01 2.88 3.01 3.94 4.49 2.44 2.84 2835819
4.87 2.98 5.27 3.48 6.34 5.68 3.04 4.24 5.30 6.02 6.97 0.00 4.24 5.54 5.80 5.39 2.17 3.45 6.91 9.04 4.85 6.15 9.19 4.30 0.00 2.20 2.85 2.95 3.51 4.39 2.40 2.81 2848908
4.87 2.97 5.08 3.17 5.56 5.72 3.05 4.61 0.00 5.69 0.00 0.00 4.27 5.48 5.81 5.38 2.14 3.88 6.99 8.99 4.81 5.78 10.10 4.10 0.00 2.08 2.78 2.96 3.69 4.48 2.51 3.14 2861999
5.05 3.01 5.14 2.88 5.61 5.72 3.04 4.17 5.25 5.73 7.05 8.36 4.49 5.56 5.76 5.53 2.11 3.63 6.88 8.99 4.69 6.27 10.50 4.48 0.00 2.72 2.83 2.83 3.56 4.44 2.48 2.83 2875089
4.98 2.99 5.21 3.12 5.87 5.84 3.08 4.35 0.00 5.97 7.16 0.00 4.35 5.54 5.85 5.47 2.12 3.65 0.00 9.04 4.77 5.51 0.00 4.46 0.00 2.07 2.90 3.50 3.45 4.58 2.50 3.48 2888178
4.91 3.02 4.89 3.02 5.61 5.96 3.04 4.45 5.19 5.92 7.22 0.00 4.38 5.55 5.90 5.46 2.10 3.78 0.00 8.98 4.72 5.59 10.46 0.00 0.00 2.46 2.89 3.03 3.51 4.39 2.54 2.90 2901269
4.91 3.01 4.81 3.27 5.78 5.86 3.08 4.55 5.21 4.77 7.23 0.00 4.31 5.57 5.91 5.48 2.22 3.61 6.68 8.98 4.81 5.68 10.25 4.75 0.00 0.00 2.93 2.98 3.49 4.37 2.62 2.81 2914359
4.89 2.98 4.90 2.87 5.85 5.93 2.97 4.36 0.00 5.79 7.09 0.00 4.18 5.60 5.89 5.65 2.08 3.69 6.83 9.03 4.83 5.94 10.49 4.92 0.00 2.43 2.81 3.06 3.50 4.39 2.54 2.90 2927449
4.89 2.98 4.89 2.89 5.68 5.99 3.19 4.40 5.10 5.96 7.06 0.00 4.19 5.63 5.83 5.61 2.18 3.55 0.00 9.04 3.87 5.59 10.17 5.40 0.00 0.00 2.79 3.05 3.49 4.57 2.53 2.89 2940539
5.21 3.05 4.95 2.79 5.72 5.92 2.99 4.76 5.22 6.01 7.17 0.00 4.48 5.56 5.87 5.54 2.20 3.47 6.78 8.88 4.85 0.00 10.20 4.79 0.00 2.67 2.90 3.09 3.51 4.50 2.58 2.95 2953629
4.83 2.99 4.83 2.85 5.72 6.23 3.06 4.45 5.13 6.02 7.21 0.00 4.27 5.51 5.86 5.55 2.10 4.06 7.16 8.97 5.00 6.02 10.31 4.39 0.00 0.00 2.92 3.29 3.69 4.40 2.53 3.43 2966719
4.88 3.01 4.92 2.93 5.80 5.90 3.03 4.41 0.00 6.02 7.14 0.00 4.62 5.63 5.87 5.61 2.07 3.90 6.81 9.06 4.96 0.00 10.54 5.27 0.00 0.00 3.10 3.07 3.54 4.48 2.55 2.94 2979809
4.89 2.99 4.92 3.05 6.37 5.93 3.16 4.39 5.19 6.00 7.92 0.00 4.50 5.75 5.82 5.53 2.08 3.75 7.22 9.00 5.30 5.61 10.83 0.00 0.00 0.00 2.92 3.18 3.52 4.50 2.61 2.91 2992899
4.82 2.98 4.92 3.01 5.68 5.90 3.17 4.48 0.00 6.06 7.35 0.00 4.75 5.63 5.83 5.55 2.15 3.72 7.28 9.06 4.97 5.76 10.98 4.17 0.00 0.00 2.94 3.12 3.53 4.43 2.50 2.89 3005989
5.15 3.02 5.03 3.10 5.71 6.01 3.20 4.42 0.00 6.03 7.14 9.67 4.23 5.58 5.85 5.56 2.12 3.75 0.00 9.04 5.06 5.62 10.38 5.72 0.00 0.00 3.14 3.13 4.03 4.33 2.50 2.94 3019079
4.80 2.99 5.03 3.08 5.82 5.97 3.18 4.31 5.19 6.06 7.01 0.00 4.26 5.55 5.85 5.67 2.10 3.70 0.00 9.01 4.93 5.79 10.42 5.38 0.00 2.21 2.96 3.15 3.47 4.39 2.57 3.01 3032169
5.01 3.00 5.02 3.01 5.65 5.99 3.16 4.30 5.16 6.04 7.16 0.00 4.42 5.78 5.84 5.57 2.06 3.77 0.00 9.01 4.92 5.72 10.41 5.15 0.00 2.00 2.93 3.20 3.47 4.35 2.62 2.88 3045259
4.80 2.99 5.01 2.99 5.67 5.99 3.19 4.31 0.00 6.13 7.02 0.00 0.00 5.67 5.85 5.55 2.08 3.70 0.00 9.01 4.90 5.64 10.45 0.00 0.00 0.00 3.10 3.25 3.56 4.41 2.54 3.05 3058349
4.79 3.01 5.27 2.99 5.87 5.96 3.20 4.30 0.00 6.10 7.18 0.00 4.22 5.67 5.81 5.55 2.07 3.84 0.00 9.00 4.91 5.60 10.47 0.00 0.00 0.00 2.99 3.13 3.50 4.38 2.69 2.86 3071439
4.84 3.02 5.03 2.93 5.76 5.99 3.19 4.29 0.00 6.05 7.16 0.00 4.50 5.65 5.85 5.56 2.09 3.67 7.00 9.02 4.88 5.65 10.56 0.00 0.00 2.04 2.97 3.14 3.61 4.35 2.59 2.79 3084529
4.84 3.07 5.01 3.00 5.93 6.09 3.18 4.30 0.00 6.03 7.09 0.00 4.23 5.54 5.83 5.53 2.13 3.76 0.00 9.02 4.90 5.87 10.45 5.69 0.00 2.09 2.99 3.13 3.48 0.00 2.53 2.84 3097619
4.83 3.01 5.02 2.99 5.87 5.93 3.19 4.30 0.00 6.07 7.21 0.00 4.28 5.60 5.85 5.55 2.14 4.00 7.28 9.01 4.91 5.61 10.44 4.91 0.00 2.52 2.99 3.12 3.53 4.32 2.53 2.78 3110709
4.84 3.00 5.01 3.02 5.88 6.03 3.19 4.30 0.00 6.08 7.04 0.00 4.24 5.61 5.83 5.54 2.12 3.66 6.89 9.01 4.91 0.00 10.31 5.70 0.00 2.54 2.91 2.92 3.44 4.44 2.71 2.84 3123799
4.83 3.07 5.00 2.98 5.86 6.05 3.19 4.30 0.00 6.08 7.05 9.72 4.50 5.58 5.86 5.53 2.14 3.70 7.07 9.00 4.93 5.79 10.30 4.47 0.00 2.09 2.92 3.13 3.57 4.42 2.57 2.85 3136889
4.84 0.00 5.21 2.98 6.00 5.91 3.18 4.29 0.00 6.10 7.09 0.00 4.51 5.58 5.84 5.53 2.13 3.78 7.11 9.01 4.92 5.64 10.42 5.69 0.00 2.53 2.90 3.14 3.40 4.36 2.55 2.94 3149979
4.85 3.08 5.20 2.98 5.92 5.92 3.17 4.28 0.00 6.15 7.49 0.00 4.56 5.57 5.84 5.55 2.13 3.67 7.03 9.02 4.92 5.60 10.35 4.48 0.00 2.51 2.96 3.15 3.55 4.31 2.55 2.80 3163069
4.84 0.00 5.19 2.96 5.70 6.02 3.19 4.29 5.23 6.14 7.55 0.00 0.00 5.56 5.84 5.55 2.13 4.65 7.27 8.98 5.02 5.66 10.39 0.00 0.00 2.52 2.99 3.18 3.41 4.32 2.52 2.81 3176159
4.83 0.00 5.13 3.08 5.73 5.93 3.17 4.29 0.00 6.16 7.09 0.00 4.46 5.65 5.85 5.54 2.12 3.78 7.18 8.98 4.92 5.62 10.36 4.51 0.00 2.53 2.99 3.15 3.51 4.39 2.50 2.82 3189249
4.83 3.06 5.03 3.06 5.84 5.92 3.16 4.29 0.00 6.11 7.11 0.00 4.24 5.54 5.86 5.54 2.12 3.91 7.32 8.99 4.93 5.62 10.39 4.62 0.00 2.08 3.19 3.15 3.40 4.31 2.54 2.88 3202339
4.86 3.05 5.06 3.11 5.77 6.03 3.16 4.30 0.00 6.17 7.09 0.00 4.14 5.56 5.86 5.54 2.12 3.84 7.29 8.99 4.92 5.63 10.52 5.17 0.00 2.10 3.23 3.19 3.42 4.37 2.54 2.76 3215429
4.86 3.07 5.05 3.13 5.69 5.92 3.16 4.30 0.00 6.08 7.00 0.00 4.27 5.64 5.87 5.54 2.12 3.96 7.04 8.99 4.92 5.62 0.00 5.03 0.00 2.08 3.31 3.15 3.57 4.37 2.53 2.78 3228518
4.86 3.05 5.04 3.07 5.78 5.91 3.16 4.30 5.21 6.11 7.00 0.00 4.18 5.79 5.86 5.54 2.11 3.79 7.25 9.00 5.02 6.20 10.98 4.74 0.00 2.07 3.18 3.16 3.53 4.48 2.51 2.77 3241609
4.84 3.07 5.02 3.05 5.76 6.02 3.15 4.29 0.00 6.11 6.98 0.00 4.55 5.55 5.86 5.53 2.11 3.82 7.15 8.98 5.07 0.00 10.68 4.87 0.00 2.08 3.33 3.20 3.42 4.33 2.58 2.76 3254699
4.86 3.05 5.03 3.04 5.74 5.95 3.15 4.29 0.00 6.16 7.11 0.00 4.05 5.59 5.85 5.54 2.16 4.01 7.29 8.98 4.90 5.70 10.61 4.84 0.00 2.07 3.01 3.15 3.72 4.65 2.54 2.79 3267789
5.54 3.07 5.02 3.07 5.68 5.93 3.15 4.31 0.00 6.14 7.20 0.00 4.19 5.61 5.84 5.54 2.16 3.91 7.26 8.99 4.89 5.68 10.22 5.46 0.00 2.05 3.19 3.24 3.42 4.59 2.56 2.80 3280879
4.82 2.99 5.04 3.06 5.69 5.92 3.15 4.30 0.00 6.17 6.95 0.00 4.17 5.54 5.86 5.53 2.15 3.87 7.23 8.99 5.14 5.73 10.27 4.54 0.00 2.05 3.21 3.13 3.38 4.36 2.57 2.78 3293969
4.83 2.98 5.20 3.03 5.67 6.02 3.16 4.31 0.00 6.42 6.99 0.00 4.61 5.54 5.86 5.53 2.15 4.00 7.28 8.98 5.08 5.74 10.14 5.40 0.00 2.05 3.21 3.20 3.44 4.46 2.54 2.93 3307059
5.00 3.01 5.03 3.11 5.84 5.99 3.17 4.30 0.00 6.20 6.98 0.00 4.13 5.52 5.85 5.52 2.14 4.18 7.28 8.98 4.90 0.00 10.24 0.00 0.00 2.55 3.08 3.21 3.34 4.36 2.52 2.78 3320149
5.65 3.00 5.03 3.15 6.02 5.93 3.17 4.29 0.00 6.14 6.99 0.00 4.22 5.70 5.89 5.52 2.15 3.87 6.99 8.98 4.90 5.60 10.42 0.00 0.00 2.10 3.11 3.26 3.40 4.48 2.59 2.79 3333239
5.65 3.03 5.03 3.03 5.92 5.97 3.18 4.30 0.00 6.24 6.95 0.00 4.17 5.68 5.89 5.52 2.16 4.48 7.23 8.94 4.99 5.59 10.46 0.00 0.00 0.00 2.98 3.19 3.47 4.36 2.56 2.78 3346329
5.13 3.02 4.99 3.02 5.98 5.91 3.17 4.30 0.00 6.20 6.90 0.00 4.61 5.75 5.99 5.51 2.15 3.82 7.25 8.98 4.96 0.00 0.00 0.00 0.00 0.00 3.00 3.15 3.43 4.38 2.62 2.80 3359418
4.88 3.00 4.93 3.04 6.40 5.94 3.18 4.29 0.00 6.12 6.99 0.00 4.13 5.55 5.88 5.51 2.15 3.79 0.00 8.96 4.94 6.14 10.20 0.00 0.00 2.05 2.99 3.21 3.42 4.35 2.53 2.73 3372509
4.84 3.00 5.00 2.97 5.80 6.02 3.17 4.28 0.00 6.18 7.03 10.02 4.56 5.69 5.87 5.55 2.13 3.77 0.00 8.93 4.95 0.00 10.21 0.00 0.00 2.50 2.99 3.22 3.39 4.43 2.53 2.79 3385600
4.90 3.02 5.00 2.96 5.81 5.99 3.17 4.28 0.00 6.13 6.97 9.79 4.69 5.66 5.85 5.53 2.13 3.77 0.00 8.98 4.91 5.69 10.16 4.85 0.00 2.09 3.27 3.24 3.42 4.39 2.55 2.91 3398689
4.81 3.00 5.00 2.99 5.69 5.99 3.18 4.33 0.00 6.24 6.91 0.00 4.12 0.00 5.80 5.50 2.15 3.86 0.00 8.95 4.96 5.71 10.20 4.55 0.00 2.52 3.07 3.23 3.42 4.52 2.59 2.83 3411779
5.05 2.99 5.00 2.99 5.71 6.00 3.16 4.33 0.00 6.21 7.05 0.00 4.18 5.63 5.85 5.55 2.14 3.95 0.00 9.01 4.93 5.62 10.36 5.53 0.00 2.07 3.07 3.24 3.41 4.40 2.62 2.74 3424869
0.00 3.00 5.00 2.97 5.82 5.96 3.15 4.55 0.00 6.17 7.16 0.00 4.34 6.14 5.81 5.53 2.14 3.81 7.41 9.02 4.93 5.69 10.14 0.00 0.00 2.53 3.04 3.23 3.56 4.38 2.54 2.79 3437959
5.06 3.01 5.14 3.00 5.69 5.98 3.15 4.57 0.00 6.13 6.85 9.62 4.34 5.59 5.85 5.55 2.14 3.77 7.28 8.99 4.95 5.65 10.15 0.00 0.00 2.50 3.04 3.25 3.55 4.37 2.57 2.77 3451049
5.64 3.00 5.14 2.94 5.87 5.98 3.14 4.53 0.00 6.16 6.89 0.00 4.27 5.61 5.85 5.54 2.14 3.86 7.27 9.01 4.95 0.00 10.37 0.00 0.00 2.50 3.08 3.25 3.54 4.50 2.59 2.75 3464139
5.42 3.01 5.11 2.94 6.16 5.96 3.15 4.50 0.00 6.18 6.90 0.00 4.25 5.70 5.87 5.55 2.15 3.93 0.00 9.01 4.95 0.00 10.16 0.00 0.00 2.52 3.09 3.26 3.52 4.69 2.55 2.77 3477229
5.13 3.01 5.07 3.00 5.89 5.97 3.16 4.52 0.00 6.15 7.07 9.46 4.30 5.61 5.91 5.53 2.15 4.26 0.00 8.99 4.96 5.64 10.19 0.00 0.00 2.48 3.27 3.23 3.51 4.47 2.56 2.82 3490319
5.12 3.00 5.11 3.00 5.82 5.93 3.15 4.52 0.00 6.15 7.06 9.46 0.00 5.63 5.81 5.53 2.14 4.03 0.00 9.02 4.93 0.00 10.16 0.00 0.00 2.51 3.27 3.26 3.54 4.49 2.73 2.93 3503409
4.83 3.01 5.05 3.01 5.82 5.97 3.16 4.51 0.00 6.16 6.90 0.00 4.32 5.87 5.82 5.53 2.14 3.92 7.28 9.00 5.13 0.00 10.20 0.00 0.00 2.02 3.28 3.25 3.55 4.66 2.55 2.85 3516499
4.93 3.02 5.05 2.99 5.89 5.92 3.15 4.52 0.00 6.15 6.98 9.83 4.39 5.55 5.82 5.52 2.14 4.02 7.30 9.02 5.14 0.00 10.19 0.00 0.00 2.02 3.28 3.25 3.53 4.37 2.58 2.88 3529589
4.83 3.00 5.06 3.02 5.81 5.96 3.14 4.52 0.00 6.17 7.14 9.53 4.44 6.15 5.82 5.53 2.15 3.91 7.29 9.01 5.03 5.77 10.31 0.00 0.00 2.04 3.28 3.26 3.54 4.36 2.54 2.82 3542679
4.83 3.00 5.07 3.03 5.82 5.93 3.14 4.53 0.00 6.16 6.91 0.00 4.31 5.88 5.82 5.53 2.14 3.88 7.26 9.01 5.82 5.76 10.41 4.57 0.00 2.02 3.28 3.23 3.53 4.73 2.55 2.89 3555769
4.82 3.00 5.15 2.98 5.81 5.95 3.15 4.51 0.00 6.17 7.04 9.44 4.47 5.53 5.82 5.53 2.14 3.86 7.22 9.04 5.13 5.71 10.34 4.57 0.00 2.02 3.28 3.17 3.53 4.49 2.59 2.92 3568859
4.83 3.00 5.21 3.01 5.88 5.99 3.14 4.51 0.00 6.22 6.92 0.00 4.31 5.52 5.81 5.54 2.15 3.84 7.30 9.02 5.12 5.69 10.13 4.57 0.00 0.00 2.89 3.22 3.53 4.54 2.67 2.86 3581949
4.82 3.00 5.22 3.02 5.72 5.96 3.15 4.51 0.00 6.21 6.97 0.00 4.22 5.81 5.81 5.53 2.14 3.79 7.29 9.02 5.13 5.62 10.16 0.00 0.00 0.00 3.28 3.21 3.53 5.01 2.57 2.88 3595039
4.82 3.01 5.23 2.99 5.69 5.98 3.15 4.51 0.00 6.16 6.99 0.00 4.65 0.00 5.81 5.54 2.14 3.77 7.31 9.04 4.99 5.71 10.14 0.00 0.00 0.00 3.28 3.23 3.54 4.44 2.54 2.88 3608129
4.92 3.00 5.22 2.96 5.70 5.97 3.15 4.52 0.00 6.18 7.10 0.00 0.00 6.26 5.81 5.53 2.14 3.75 7.33 9.03 5.76 5.72 10.18 0.00 0.00 0.00 3.26 3.25 3.55 4.67 2.53 2.92 3621219
4.95 3.01 5.21 3.43 5.69 5.97 3.15 4.50 0.00 6.15 6.89 0.00 4.46 5.52 5.81 5.53 2.14 3.76 7.33 9.03 5.25 5.63 10.16 4.55 0.00 0.00 3.25 3.24 3.54 4.59 2.55 2.82 3634309
4.95 3.00 5.18 3.47 5.69 5.99 3.16 4.52 0.00 6.25 6.87 0.00 4.31 5.52 5.81 5.52 2.15 3.76 7.31 9.02 5.01 5.77 10.18 4.55 0.00 0.00 3.12 3.24 3.54 5.05 2.55 2.82 3647399
4.95 3.01 4.92 3.47 5.69 5.97 3.16 4.52 0.00 6.17 6.88 0.00 4.31 5.51 5.82 5.53 2.14 3.81 0.00 9.02 5.13 5.76 10.19 0.00 0.00 0.00 3.24 3.29 3.56 5.04 2.55 2.85 3660489
5.00 3.00 4.92 3.47 5.71 5.98 3.16 4.52 0.00 6.21 6.89 0.00 4.31 5.52 5.83 5.53 2.14 3.79 0.00 9.02 5.13 5.81 10.19 4.53 0.00 0.00 2.96 3.15 3.56 5.03 2.55 2.87 3673579
4.95 3.01 4.91 3.47 5.69 5.98 3.17 4.52 0.00 6.22 6.90 0.00 4.35 5.51 5.82 5.54 2.15 3.97 7.35 9.03 5.12 5.74 10.18 4.53 0.00 2.02 3.11 3.02 3.57 5.30 2.55 2.86 3686669
4.94 3.01 4.92 3.50 5.70 5.98 3.16 4.53 0.00 6.21 6.89 0.00 4.34 5.52 5.82 5.53 2.15 3.92 0.00 9.02 5.14 5.73 10.19 4.52 0.00 2.04 2.94 3.04 3.56 5.29 2.55 2.87 3699759
5.08 3.01 4.91 3.50 5.70 5.97 3.17 4.52 0.00 6.20 6.90 0.00 4.34 5.53 5.83 5.54 2.13 3.81 0.00 9.02 5.15 5.75 10.19 4.54 0.00 0.00 2.98 3.11 3.56 5.30 2.54 2.86 3712849
5.07 3.00 4.90 3.50 5.71 5.98 3.17 4.51 0.00 6.19 6.90 0.00 4.35 5.51 5.84 5.53 2.15 4.01 0.00 9.02 5.13 5.74 10.19 4.54 0.00 0.00 2.93 3.12 3.56 5.30 2.54 2.87 3725939
5.09 3.00 4.87 3.50 5.69 5.96 3.17 4.53 0.00 6.21 6.88 0.00 4.34 5.52 5.82 5.53 2.15 3.77 0.00 9.02 5.15 5.75 10.19 4.53 0.00 2.02 2.91 3.14 3.57 5.30 2.54 2.86 3739029
5.09 3.00 4.88 3.51 5.70 5.98 3.16 4.52 0.00 6.19 6.89 0.00 4.36 5.52 5.82 5.53 2.15 3.82 6.36 9.01 5.14 5.74 10.19 4.53 0.00 2.05 2.95 3.12 3.53 5.29 2.55 2.86 3752119
5.09 3.00 4.87 3.52 5.70 5.96 3.18 4.52 0.00 6.21 6.89 0.00 4.34 5.52 5.82 5.54 2.13 3.97 6.69 9.02 5.15 5.73 10.19 4.53 0.00 2.06 2.88 3.12 3.44 5.29 2.54 2.87 3765209
5.09 3.00 4.86 3.52 5.69 5.98 3.17 4.51 0.00 6.20 6.90 0.00 4.33 5.51 5.83 5.54 2.15 3.81 6.81 9.01 5.07 5.73 10.19 4.53 0.00 2.06 2.90 3.13 3.44 0.00 2.54 2.87 3778299
5.07 3.00 4.85 0.00 5.70 5.97 3.17 4.51 0.00 6.21 6.89 0.00 4.34 5.51 5.82 5.53 2.15 3.95 6.87 8.98 5.09 5.73 10.20 4.53 0.00 2.07 2.97 3.12 3.44 0.00 2.55 2.85 3791389
5.09 3.01 4.89 0.00 5.70 5.97 3.16 4.51 0.00 6.20 6.90 0.00 4.35 5.51 5.82 5.53 2.15 3.83 7.26 9.05 5.01 5.75 10.18 4.53 0.00 2.49 2.95 3.13 3.42 0.00 2.54 2.85 3804479