0.00 3.01 0.00 2.61 6.43 7.68 3.70 0.00 4.46 5.35 7.23 7.58 3.48 4.51 4.82 4.55 2.93 3.75 6.73 9.06 0.00 0.00 0.00 0.00 0.00 4.27 5.21 3.73 4.88 5.36 4.70 5.11 12766453
0.00 3.00 0.00 3.24 6.43 7.68 3.71 0.00 4.47 5.35 7.25 7.57 3.47 4.51 4.80 4.56 2.95 3.76 6.74 9.07 0.00 0.00 0.00 0.00 0.00 4.25 5.20 4.31 4.86 5.36 4.69 5.10 12779543
0.00 3.00 0.00 3.19 6.44 7.68 3.57 0.00 4.46 5.35 7.25 7.58 3.47 4.51 4.78 4.56 2.94 3.76 6.87 9.07 0.00 0.00 0.00 0.00 0.00 4.26 5.21 4.29 4.88 5.36 4.71 5.10 12792633
0.00 3.00 0.00 3.15 6.43 7.68 3.55 0.00 4.46 5.36 7.25 7.58 3.47 4.52 4.78 4.56 2.94 3.75 6.97 9.07 0.00 0.00 0.00 0.00 0.00 4.25 5.20 3.94 4.87 5.37 4.70 5.11 12805723
0.00 3.00 0.00 3.25 6.43 7.67 3.55 0.00 4.47 5.35 7.25 7.57 3.46 4.51 4.78 4.55 2.94 3.75 7.03 9.08 0.00 0.00 0.00 0.00 0.00 4.25 5.21 3.94 4.85 5.36 4.70 5.10 12818813
0.00 2.99 0.00 3.19 6.44 7.68 3.53 0.00 4.45 5.36 7.25 7.58 3.46 4.51 4.78 4.55 2.95 3.75 7.04 9.07 0.00 0.00 0.00 0.00 0.00 4.26 5.21 3.94 4.85 5.37 4.69 5.11 12831903
0.00 2.99 5.22 3.08 6.45 7.70 3.34 0.00 4.46 5.34 7.19 7.59 3.46 4.52 4.79 4.57 2.79 3.75 7.07 9.07 0.00 0.00 0.00 0.00 0.00 4.25 5.21 3.93 4.86 5.35 4.70 5.09 12844993
0.00 3.00 5.14 3.08 6.44 7.66 0.00 0.00 4.46 5.34 7.09 7.77 3.46 4.51 4.79 4.57 0.00 3.77 6.87 9.15 0.00 0.00 0.00 0.00 0.00 4.24 5.23 4.35 4.85 5.37 4.69 5.11 12858083
0.00 2.99 5.16 3.00 6.45 7.68 3.73 0.00 4.56 5.46 7.08 7.44 3.45 4.52 4.79 5.27 0.00 3.78 6.89 9.08 0.00 0.00 0.00 0.00 0.00 4.24 5.24 4.37 4.83 5.36 4.69 5.84 12871173
0.00 3.00 5.21 3.26 6.45 7.68 3.74 0.00 4.52 5.36 6.97 7.48 3.62 4.49 4.75 4.68 0.00 3.78 6.78 9.13 0.00 0.00 0.00 0.00 0.00 4.27 5.23 3.78 4.82 5.38 4.70 5.12 12884263
0.00 3.02 5.15 2.86 6.46 7.67 0.00 0.00 4.47 5.35 7.20 7.68 3.39 4.52 4.75 4.67 0.00 4.16 7.05 9.09 0.00 7.96 9.81 0.00 0.00 4.18 5.23 3.70 4.84 5.50 4.70 5.54 12897353
0.00 3.02 5.12 3.18 6.45 7.67 0.00 0.00 4.48 5.35 6.99 7.55 3.85 4.50 4.76 4.62 2.92 4.61 6.94 9.09 6.35 7.96 9.80 4.32 0.00 0.00 5.22 4.11 4.83 5.37 4.72 5.90 12910443
0.00 3.00 4.99 2.76 6.45 7.67 3.54 0.00 4.45 5.41 7.16 7.77 3.53 4.52 4.73 4.55 2.98 3.93 6.97 9.07 6.21 0.00 9.80 0.00 0.00 4.22 5.23 3.91 4.80 5.40 4.70 5.14 12923533
0.00 3.01 4.99 0.00 6.48 7.68 0.00 0.00 4.51 5.36 7.28 7.54 3.54 4.51 4.72 4.57 2.03 4.41 7.07 9.08 0.00 7.74 9.78 4.36 0.00 4.20 5.23 3.91 4.83 5.51 4.71 5.13 12936623
0.00 3.03 5.11 2.90 6.46 7.68 3.54 0.00 4.69 5.39 7.67 7.58 3.58 4.51 4.73 4.54 2.04 3.74 6.78 9.09 0.00 0.00 9.64 0.00 0.00 4.23 5.24 3.99 5.58 5.41 4.68 0.00 12949713
0.00 2.95 4.98 3.27 6.46 7.68 0.00 0.00 4.61 5.32 7.24 0.00 3.75 4.55 4.79 5.27 2.99 3.74 6.88 9.09 6.27 0.00 0.00 5.35 0.00 4.32 5.24 3.99 4.82 5.42 4.72 5.24 12962803
0.00 3.02 5.06 3.00 6.45 7.68 3.75 0.00 5.04 5.33 0.00 0.00 3.54 4.47 4.75 4.58 2.02 3.72 7.54 9.07 0.00 0.00 0.00 0.00 0.00 4.85 5.22 3.95 4.80 5.38 4.81 0.00 12975893
0.00 2.86 4.90 2.88 6.47 7.67 4.07 0.00 4.40 5.39 7.12 0.00 3.60 4.48 4.77 4.67 2.70 3.73 0.00 9.13 0.00 0.00 0.00 0.00 0.00 4.18 5.24 4.03 4.77 5.43 4.70 5.33 12988983
0.00 2.90 5.04 2.94 6.43 7.67 3.71 0.00 4.50 5.38 6.99 7.61 3.67 4.51 4.87 4.68 2.03 3.73 7.12 9.08 0.00 7.78 9.77 0.00 0.00 4.33 5.19 3.82 4.92 5.45 4.68 5.21 13002073
0.00 3.03 5.02 2.93 6.47 7.66 0.00 0.00 4.67 5.43 7.38 7.52 3.64 4.48 4.78 4.63 0.00 3.75 6.87 9.09 6.47 0.00 9.81 0.00 0.00 0.00 5.23 4.48 4.74 5.42 4.71 5.24 13015163
0.00 2.98 5.25 2.92 6.54 7.66 3.40 0.00 4.51 5.42 6.99 7.64 4.12 4.48 4.83 0.00 2.22 3.73 6.90 9.11 0.00 0.00 0.00 0.00 0.00 0.00 5.19 3.85 4.86 5.52 4.70 5.25 13028253
0.00 2.90 5.02 2.94 6.55 7.65 3.45 0.00 4.38 5.40 7.42 7.52 3.55 4.66 4.73 4.69 2.07 3.71 6.91 9.09 6.24 0.00 0.00 0.00 0.00 4.20 5.23 3.79 4.77 5.44 4.73 5.08 13041343
0.00 2.93 5.13 2.97 6.59 7.66 0.00 0.00 4.45 5.49 7.30 7.47 3.60 4.52 4.78 4.58 2.02 3.80 6.74 9.09 6.44 0.00 9.78 0.00 0.00 4.27 5.22 3.78 4.78 5.35 4.71 5.06 13054433
0.00 3.02 4.87 0.00 6.60 7.64 3.32 0.00 4.44 5.36 7.20 7.52 3.52 4.55 4.79 4.58 2.01 3.98 7.31 9.08 0.00 7.88 0.00 3.86 0.00 4.34 5.19 4.02 4.87 6.01 4.68 5.07 13067523
0.00 2.96 4.96 0.00 6.44 7.65 3.59 0.00 5.31 5.42 7.26 7.51 3.58 4.50 4.74 4.65 0.00 3.88 6.80 9.08 0.00 0.00 0.00 4.20 0.00 0.00 5.23 4.36 4.76 5.50 4.85 5.09 13080613
0.00 2.98 5.38 3.10 6.59 7.74 3.73 0.00 4.35 5.41 6.97 7.53 3.54 4.60 4.72 4.74 0.00 3.89 6.84 9.10 6.24 0.00 0.00 4.64 0.00 4.35 5.24 3.89 4.87 5.54 4.76 0.00 13093703
0.00 2.99 4.90 0.00 6.43 7.36 0.00 0.00 4.61 5.39 6.98 7.59 3.57 4.55 4.78 4.55 0.00 3.94 6.57 9.08 0.00 0.00 0.00 4.37 0.00 0.00 5.27 3.97 4.75 5.36 4.70 5.38 13106793
0.00 2.87 5.01 0.00 6.83 7.16 3.18 5.74 4.41 5.46 7.31 7.50 3.52 4.54 4.98 4.59 2.58 4.04 6.81 9.11 6.44 7.85 0.00 4.26 0.00 4.21 5.29 3.85 4.77 5.47 4.75 5.16 13119883
0.00 2.97 4.81 0.00 6.69 7.03 0.00 6.10 4.50 4.52 6.93 7.53 3.47 4.58 4.83 4.66 2.01 3.97 7.56 9.11 6.20 7.63 9.86 4.39 0.00 0.00 5.33 3.89 4.99 5.39 4.72 5.38 13132973
0.00 2.86 4.99 0.00 6.54 7.11 3.39 5.68 4.46 4.26 6.91 7.47 3.68 4.55 4.79 4.58 2.05 3.89 6.40 9.11 6.32 7.70 0.00 0.00 0.00 4.23 5.42 3.88 4.94 5.44 4.88 4.97 13146063
0.00 2.98 5.24 2.98 6.42 7.23 3.53 5.83 4.68 5.67 6.88 7.57 3.67 4.60 4.78 4.62 2.16 3.97 6.66 9.10 6.34 0.00 0.00 4.99 0.00 0.00 5.44 3.82 4.81 5.42 4.83 5.20 13159153
0.00 2.93 5.17 0.00 6.35 7.15 3.55 0.00 4.60 5.72 6.99 0.00 3.54 4.63 4.80 4.62 2.25 4.22 6.84 9.12 3.42 0.00 0.00 0.00 0.00 0.00 5.32 4.23 4.88 5.48 4.72 5.05 13172243
0.00 3.01 5.04 3.05 6.26 7.28 3.51 5.81 4.56 5.45 6.96 7.61 3.50 4.52 4.83 4.57 2.18 3.98 7.37 9.11 5.91 0.00 7.78 3.59 0.00 4.18 5.35 3.69 4.90 5.43 4.72 5.39 13185333
0.00 2.83 5.13 3.08 6.29 6.95 3.48 5.74 3.43 3.94 7.26 7.67 3.54 4.64 4.92 4.58 2.03 3.75 6.46 9.10 6.29 7.64 6.60 4.33 0.00 4.28 5.23 4.04 4.97 5.50 3.97 4.98 13198423
0.00 3.00 5.27 4.00 6.29 6.64 3.35 5.72 3.92 3.43 7.43 7.64 3.49 4.68 5.15 4.47 2.06 3.75 6.76 9.10 6.27 7.43 9.20 4.53 0.00 4.55 5.31 3.97 4.94 5.58 4.71 4.98 13211513
0.00 2.94 4.99 3.68 6.26 6.57 3.55 6.06 4.67 4.62 7.25 7.61 3.74 4.70 4.89 4.54 2.09 4.54 6.56 9.12 6.25 7.65 0.00 3.75 0.00 4.40 5.22 3.84 4.66 5.54 4.72 5.41 13224603
5.58 2.99 5.19 2.65 6.52 5.79 3.55 5.71 4.80 3.37 4.95 7.65 3.37 4.23 4.95 4.57 2.09 3.91 6.89 9.11 6.38 0.00 6.27 3.47 0.00 4.34 5.37 3.83 4.60 5.46 4.72 4.95 13237693
0.00 3.03 5.11 2.42 5.71 6.15 2.99 4.88 2.69 4.03 6.98 0.00 3.64 4.56 4.95 4.42 2.27 3.81 6.91 9.10 5.91 0.00 5.21 2.99 0.00 4.28 4.13 3.97 2.96 4.79 4.75 4.98 13250783
5.35 2.81 5.01 3.01 5.34 5.86 0.00 5.86 2.08 2.29 6.61 7.75 3.94 4.39 4.89 4.40 2.12 3.69 6.32 9.17 2.24 0.00 3.23 4.02 0.00 4.31 3.65 3.78 3.91 5.43 4.78 4.99 13263873
0.00 2.98 4.97 3.12 5.74 4.91 3.48 5.43 3.22 2.16 3.81 7.79 4.06 2.32 5.11 4.50 2.12 3.71 6.85 9.11 3.61 6.47 3.17 3.91 0.00 4.28 4.95 3.83 4.31 5.39 4.78 5.25 13276963
0.00 2.83 5.01 2.26 5.56 5.57 3.87 5.49 2.26 2.93 7.53 7.71 3.97 4.98 5.07 4.52 2.07 3.79 6.45 9.15 2.48 6.62 3.39 2.80 0.00 4.21 5.22 3.85 4.88 4.44 4.24 5.05 13290053
5.87 2.99 5.06 2.69 4.87 5.37 3.24 5.48 4.90 2.63 6.12 0.00 4.33 5.09 5.18 4.47 2.07 3.70 5.65 9.13 2.37 0.00 3.06 0.00 0.00 4.37 2.74 4.32 4.92 5.39 4.26 5.08 13303143
0.00 3.05 5.03 2.51 5.44 5.10 2.02 5.28 5.01 2.25 6.98 7.72 4.04 3.96 5.32 4.46 2.06 3.83 6.32 9.15 4.40 6.06 3.31 3.88 0.00 4.44 3.22 3.91 3.93 5.43 4.72 0.00 13316233
0.00 2.95 4.84 2.70 5.26 4.52 0.00 5.08 3.86 3.31 7.13 7.58 4.03 4.66 5.27 4.63 2.18 4.01 6.94 9.19 5.12 6.04 2.10 3.47 0.00 4.13 4.98 3.78 2.71 5.22 4.86 5.08 13329323
0.00 2.88 4.97 2.39 5.24 5.15 3.49 4.27 2.82 2.89 7.30 0.00 4.13 4.23 5.32 4.58 2.05 3.73 4.33 9.12 3.01 0.00 3.23 4.23 0.00 4.08 4.03 3.99 5.09 4.52 4.91 5.16 13342413
0.00 2.97 4.96 2.45 5.17 5.24 3.24 4.69 4.88 3.05 7.26 7.59 4.16 2.25 5.22 3.04 2.16 4.09 6.12 9.12 2.82 0.00 2.37 3.83 0.00 4.06 3.63 4.06 3.45 5.08 3.69 5.26 13355503
0.00 2.98 5.11 2.69 5.36 5.29 3.62 4.58 5.12 5.33 7.29 7.47 4.40 5.28 5.39 4.67 2.09 3.88 6.76 9.08 3.82 0.00 2.52 3.44 0.00 4.29 4.64 3.95 5.10 5.46 4.64 5.09 13368593
0.00 2.88 5.03 2.70 5.72 4.01 3.41 4.32 3.85 4.18 7.41 7.46 4.25 5.31 5.26 4.48 2.13 3.93 6.50 9.16 4.29 0.00 3.53 3.17 0.00 4.10 4.01 3.94 4.05 5.54 4.96 5.16 13381683
0.00 3.00 5.18 3.08 5.20 4.99 3.65 4.51 3.36 2.98 7.39 7.46 4.25 5.36 5.27 4.52 2.12 3.86 5.28 9.09 6.10 6.55 3.41 4.16 0.00 3.94 4.79 4.06 5.17 5.62 3.42 5.15 13394773
0.00 2.88 5.03 3.24 5.08 4.89 0.00 4.20 3.19 5.17 5.47 0.00 4.30 5.37 5.42 4.59 2.23 3.78 6.23 0.00 5.80 5.85 3.40 3.71 0.00 3.97 4.75 4.07 5.03 4.83 5.02 5.28 13407863
0.00 2.93 5.00 2.46 4.79 4.90 3.59 4.46 4.68 3.92 7.40 7.51 4.43 5.42 5.43 4.49 2.13 3.69 6.77 9.11 6.05 5.83 2.80 3.83 0.00 4.12 4.72 3.81 5.01 5.54 5.01 5.12 13420953
0.00 3.00 5.10 2.38 4.71 4.49 0.00 4.26 4.68 4.01 7.39 7.35 4.19 5.44 5.35 4.55 2.14 3.84 6.73 9.17 5.91 5.70 2.44 0.00 0.00 4.02 3.88 3.86 4.63 5.48 4.96 5.26 13434043
0.00 2.87 5.21 2.89 4.81 4.84 3.43 4.18 4.70 5.17 7.57 7.33 4.46 5.52 5.44 4.45 2.24 3.68 5.70 9.24 5.86 5.64 0.00 4.83 0.00 3.97 4.27 4.35 4.99 5.49 4.90 5.14 13447133
0.00 2.94 5.01 2.69 4.68 4.77 3.93 4.13 4.73 6.40 7.35 7.41 4.58 5.49 5.54 4.54 2.07 4.14 5.95 9.13 5.96 5.57 0.00 4.34 0.00 4.71 4.04 4.28 5.10 5.53 5.42 5.26 13460223
0.00 2.91 4.95 2.61 4.76 4.75 0.00 3.93 4.68 6.79 7.53 0.00 4.38 5.47 5.44 4.55 2.16 3.73 6.96 9.08 6.60 6.11 0.00 4.44 0.00 4.14 4.12 3.97 5.07 5.52 5.05 5.26 13473313
0.00 3.06 5.19 2.83 4.67 4.46 3.36 3.82 5.00 3.38 7.60 7.36 4.31 5.58 5.45 4.50 2.12 4.07 6.85 9.10 6.14 5.90 9.64 3.96 0.00 4.55 4.03 4.07 5.11 5.54 5.74 0.00 13486403
0.00 3.02 4.99 2.98 4.70 4.83 0.00 3.99 4.87 2.53 7.44 7.57 4.50 5.47 5.72 4.52 2.08 3.64 6.83 9.09 5.95 5.52 2.73 4.32 0.00 3.99 3.95 4.08 5.08 5.51 5.03 5.24 13499493
0.00 3.06 5.19 3.22 4.80 4.48 0.00 4.05 4.88 6.80 7.65 7.20 4.50 5.48 5.39 4.60 2.10 3.94 6.91 9.08 5.91 5.50 9.32 4.62 0.00 4.00 3.87 4.01 5.03 5.56 5.09 5.17 13512583
0.00 3.01 5.14 3.06 4.46 4.50 0.00 3.90 4.70 2.65 7.55 0.00 4.34 5.61 5.45 4.65 2.13 4.34 6.90 9.11 5.89 5.93 3.08 4.33 0.00 4.07 3.85 0.00 5.06 0.00 5.12 5.29 13525673
0.00 3.05 5.27 3.01 4.75 4.10 0.00 3.93 4.92 6.89 7.50 7.31 4.54 5.57 5.73 4.72 2.11 3.84 6.65 9.07 6.02 5.40 0.00 0.00 0.00 4.13 3.84 4.63 5.16 5.48 5.16 0.00 13538763
0.00 3.03 5.50 2.69 4.64 4.37 3.28 3.89 5.52 4.21 7.55 7.24 4.33 5.63 5.41 4.56 2.07 3.91 6.92 9.14 5.69 5.39 3.77 4.37 0.00 0.00 3.99 4.00 5.11 5.50 5.08 5.09 13551853
0.00 2.99 4.91 2.79 4.56 4.47 0.00 3.83 5.80 2.39 8.01 0.00 4.63 4.86 5.76 4.51 2.04 4.02 7.04 0.00 5.81 0.00 9.60 5.32 0.00 4.13 3.82 4.11 5.24 5.47 5.09 5.30 13564943
0.00 3.02 5.05 2.38 4.24 4.10 0.00 3.82 4.72 4.88 7.52 7.24 4.50 0.00 5.53 4.67 2.22 3.93 6.79 9.14 5.67 5.49 9.60 0.00 0.00 3.78 3.91 4.25 5.30 5.49 5.02 5.28 13578033
0.00 3.04 4.91 2.80 4.26 4.55 3.46 3.96 5.09 4.49 7.58 7.34 4.63 5.65 5.66 4.51 2.11 3.88 7.07 9.10 5.74 0.00 0.00 3.97 0.00 3.44 3.77 4.53 5.13 5.60 5.14 5.27 13591123
0.00 3.02 5.36 2.68 4.28 4.31 0.00 3.85 4.39 2.26 7.66 7.25 4.80 5.62 5.60 4.57 2.05 3.82 6.43 9.08 5.36 5.34 2.41 4.53 0.00 3.25 3.84 4.32 5.31 5.54 5.22 5.11 13604213
0.00 3.02 5.13 3.55 4.27 4.08 0.00 3.88 4.25 4.73 7.62 7.22 4.72 5.68 5.52 4.61 2.07 3.94 6.91 9.31 5.43 5.45 3.51 3.85 0.00 3.31 3.85 4.24 5.13 5.57 5.42 5.08 13617303
0.00 3.02 4.96 2.47 4.25 4.17 3.39 3.94 4.94 7.27 7.65 0.00 4.72 5.67 5.50 4.63 2.28 4.02 6.56 9.09 5.31 5.62 0.00 0.00 0.00 3.42 3.96 4.21 5.29 5.62 5.06 5.08 13630393
0.00 3.03 4.73 2.88 4.32 4.17 3.65 3.91 2.79 5.20 4.09 7.24 4.75 5.48 5.67 4.64 2.10 3.96 6.51 9.12 5.34 5.91 0.00 5.32 0.00 3.21 3.95 4.16 5.20 5.59 5.21 5.23 13643483
0.00 3.03 5.71 0.00 4.31 4.15 3.24 3.82 5.10 2.62 7.73 0.00 5.09 5.87 5.69 4.74 2.10 3.77 6.91 9.10 5.21 5.68 2.76 4.24 0.00 3.35 3.88 4.84 5.11 5.60 5.13 5.06 13656573
0.00 2.92 4.92 2.81 4.36 4.09 3.60 3.87 3.79 4.18 7.83 7.04 4.82 5.77 5.84 4.66 2.09 3.92 6.71 9.13 5.11 5.30 3.19 4.05 0.00 3.19 4.07 4.66 3.46 5.78 5.20 5.12 13669663
0.00 3.01 5.07 2.65 4.37 4.10 3.47 3.93 4.55 2.99 7.84 7.12 4.83 5.80 5.62 4.02 2.17 4.11 6.46 9.12 5.38 0.00 0.00 4.26 0.00 3.29 4.13 4.23 5.42 5.60 5.13 5.61 13682753
0.00 3.03 5.02 2.37 4.39 4.20 3.29 3.78 3.24 2.71 7.48 7.36 5.45 2.93 5.68 4.74 2.14 4.06 6.68 9.13 4.77 0.00 0.00 4.58 0.00 3.29 4.16 4.39 5.40 5.63 5.14 5.45 13695843
0.00 2.94 5.15 2.16 4.43 4.16 3.48 3.76 4.79 3.14 7.87 7.05 5.15 5.99 5.61 4.72 2.12 4.40 7.06 9.08 4.50 0.00 2.26 4.45 0.00 3.25 4.16 4.39 4.91 5.64 5.19 5.26 13708933
0.00 2.99 5.25 2.53 4.76 4.19 3.31 3.80 4.07 7.62 8.01 7.14 5.21 5.90 5.71 4.71 2.10 4.02 6.54 9.13 4.70 5.27 2.34 3.60 0.00 3.30 3.75 4.34 5.32 5.73 5.23 5.01 13722023
5.65 2.94 4.80 2.91 4.62 3.75 3.34 3.88 3.03 2.62 7.27 7.19 5.05 4.97 5.77 4.69 2.10 3.85 6.65 9.17 3.59 5.29 3.44 3.48 0.00 3.41 4.22 4.12 4.93 4.84 5.37 5.06 13735113
0.00 3.00 5.15 2.83 4.91 4.39 3.50 3.78 4.94 3.70 7.50 7.10 5.19 5.43 5.65 4.68 2.12 4.05 6.66 9.18 4.59 5.32 2.72 3.92 0.00 3.39 4.31 4.77 5.28 6.00 5.40 5.23 13748203
5.60 3.05 5.11 2.76 4.74 4.39 3.59 3.85 4.48 5.67 8.03 7.10 5.23 4.79 5.78 4.78 2.02 3.91 5.73 5.90 3.91 5.30 2.23 3.39 0.00 3.33 4.38 4.45 5.26 5.73 5.43 5.23 13761293
0.00 2.94 4.57 2.52 4.67 4.46 3.41 3.86 3.29 3.77 7.83 7.32 5.24 3.86 5.86 4.82 2.15 4.15 7.09 9.14 4.52 5.44 3.05 4.29 0.00 3.50 4.33 4.58 5.33 5.64 4.32 0.00 13774383
0.00 3.00 5.09 3.12 4.89 4.46 3.53 3.98 4.91 3.25 7.85 7.04 5.31 4.15 5.94 4.76 2.15 3.99 6.79 9.19 3.79 5.46 3.63 4.34 0.00 3.79 4.31 4.51 3.07 5.86 5.34 2.51 13787473
0.00 2.98 5.37 2.73 4.73 4.41 3.55 3.87 4.60 2.76 7.89 0.00 5.14 5.94 5.74 4.79 2.15 4.09 7.20 9.12 4.36 5.29 2.52 4.48 0.00 3.43 4.37 4.29 5.33 5.63 5.27 5.49 13800563
0.00 2.99 5.36 2.47 4.98 4.36 3.34 3.78 4.89 5.13 8.21 7.20 5.05 3.83 5.85 4.92 2.15 4.02 7.60 9.15 3.26 0.00 2.91 4.43 0.00 3.63 4.42 4.59 4.69 4.13 5.33 5.18 13813653
0.00 2.93 5.15 2.92 4.87 4.21 3.64 3.83 3.96 4.02 7.80 7.02 5.36 5.46 6.15 4.83 2.07 4.14 5.13 9.32 4.38 5.14 3.50 0.00 0.00 3.72 4.39 4.61 3.39 5.62 5.24 5.33 13826743
5.48 2.89 5.01 2.48 4.19 4.18 3.36 3.88 4.38 4.21 7.91 7.09 5.22 6.05 5.92 4.90 2.05 4.25 6.31 9.15 3.13 5.36 2.56 2.94 0.00 3.94 4.47 4.48 4.60 5.93 5.31 5.23 13839833
0.00 2.92 4.91 2.92 4.14 4.35 3.34 3.77 4.77 2.82 7.89 7.01 5.27 2.64 5.94 5.08 2.04 4.12 6.98 9.03 4.41 5.35 2.78 4.31 0.00 4.10 4.53 4.41 4.41 5.68 5.34 5.49 13852923
0.00 2.89 5.14 2.98 4.08 4.14 3.40 3.82 5.06 7.43 7.86 7.06 5.36 5.67 6.14 4.98 2.05 4.05 6.83 8.99 4.11 5.35 3.14 4.11 0.00 3.42 4.46 4.95 4.67 5.60 5.40 5.27 13866013
0.00 2.97 5.13 2.41 4.15 4.08 3.53 3.85 3.63 4.06 8.03 7.22 5.19 3.95 5.92 5.00 2.09 3.96 6.94 9.15 4.27 5.77 3.65 3.46 0.00 4.05 4.64 4.65 4.92 0.00 5.34 5.21 13879103
0.00 3.01 5.06 2.54 3.99 4.05 3.50 3.82 3.71 2.57 7.85 7.02 5.29 2.59 5.95 4.99 2.07 4.61 7.18 9.11 4.33 5.45 3.56 3.71 0.00 4.29 4.51 4.56 2.62 3.64 5.31 5.32 13892193
3.41 2.92 5.04 2.98 4.00 4.07 3.33 3.92 4.89 3.92 5.66 7.03 5.22 6.11 6.03 5.15 2.09 0.00 7.31 9.21 4.31 5.28 3.00 2.90 0.00 4.17 4.67 4.86 5.34 5.67 5.40 5.30 13905283
0.00 3.02 5.08 2.69 4.04 3.98 3.37 3.83 3.43 4.06 7.23 6.98 5.30 6.23 6.36 5.10 2.06 4.08 6.90 9.15 3.94 5.51 3.69 3.34 0.00 3.77 4.82 4.63 4.41 5.62 5.43 5.55 13918373
0.00 2.98 5.16 3.25 4.13 3.70 3.58 3.95 4.95 3.80 6.84 6.98 5.33 6.27 6.05 4.20 2.28 4.00 4.05 8.96 4.45 5.26 5.38 4.63 0.00 4.10 4.94 4.90 3.06 5.61 5.36 5.31 13931463
0.00 3.01 5.07 2.22 3.99 3.95 3.37 3.95 5.04 4.76 7.93 7.06 5.57 6.22 6.18 5.24 2.05 4.23 6.80 9.05 4.43 0.00 4.53 4.63 0.00 4.16 5.10 4.44 5.42 5.65 5.31 5.37 13944553
4.00 2.94 5.04 2.60 3.99 3.95 3.43 3.87 4.88 5.43 5.72 6.96 5.32 4.16 6.11 5.15 2.22 4.12 6.00 9.10 4.35 0.00 0.00 4.09 0.00 3.65 4.34 4.88 5.34 4.38 5.34 5.72 13957643
0.00 2.99 5.14 2.41 4.09 3.19 3.35 4.03 4.98 3.02 7.76 7.08 5.25 2.98 6.07 5.26 2.07 4.14 6.84 9.05 3.98 5.42 0.00 0.00 0.00 4.22 5.18 4.77 5.15 5.72 5.44 5.33 13970733
5.85 2.79 5.24 2.90 3.41 3.96 3.43 3.98 3.00 2.76 7.82 7.05 5.30 6.24 6.31 5.11 2.08 3.88 6.80 9.14 4.31 5.39 7.19 3.60 0.00 4.32 5.40 0.00 4.07 4.20 5.41 5.38 13983823
0.00 2.98 5.07 2.19 3.99 4.02 3.46 3.81 4.72 3.57 7.94 7.22 5.35 5.68 6.18 5.26 2.06 3.65 3.88 8.99 4.31 5.40 3.21 3.88 0.00 4.29 5.46 5.17 5.74 5.68 5.37 5.37 13996913
0.00 2.69 5.12 2.47 4.04 3.36 3.28 4.09 4.66 2.95 7.83 7.02 5.58 5.47 6.19 5.47 2.95 4.25 7.33 9.12 4.49 5.42 0.00 3.67 0.00 4.18 5.36 4.77 4.05 5.78 5.53 0.00 14010003
5.26 2.84 5.52 2.79 4.06 3.88 3.44 4.20 4.73 2.69 7.74 6.71 5.59 6.35 6.32 5.37 2.07 4.23 6.36 9.07 4.53 5.43 2.79 4.40 0.00 4.15 5.41 4.64 5.33 5.63 4.99 5.76 14023093
2.46 2.67 5.32 2.27 4.07 2.75 3.36 4.23 5.11 3.38 5.87 6.59 5.64 3.77 6.41 5.35 2.13 4.26 4.79 9.19 3.60 6.00 2.49 3.25 0.00 4.08 5.40 4.72 4.18 5.71 5.34 5.49 14036183
5.04 2.95 5.13 2.64 4.08 3.99 3.41 4.11 5.03 2.89 7.61 6.85 5.67 5.37 6.32 5.32 2.09 4.18 5.97 9.34 4.52 0.00 2.16 2.88 0.00 3.50 3.86 4.64 5.26 5.82 5.52 5.23 14049273
5.18 2.80 4.78 2.99 4.20 3.91 3.22 4.13 2.90 3.27 5.47 6.05 4.12 6.14 6.42 5.42 2.20 4.07 6.76 9.32 4.12 5.97 5.00 3.23 0.00 4.50 5.45 4.89 5.32 5.63 5.61 5.51 14062363
4.51 2.48 5.42 2.74 4.19 3.12 3.27 3.52 3.64 3.35 6.73 6.33 5.75 4.36 6.39 5.33 2.39 4.14 6.25 9.15 4.57 6.04 3.79 3.53 0.00 4.15 3.38 4.66 4.91 5.55 4.80 5.05 14075453
4.69 2.67 5.30 2.34 4.20 4.12 3.27 3.42 4.70 2.43 7.74 6.35 6.09 4.47 6.42 5.63 2.08 4.24 6.26 9.19 2.46 5.60 4.32 3.82 0.00 4.08 2.32 4.51 5.17 4.29 5.63 5.53 14088543
5.44 3.01 5.37 2.10 4.27 4.12 2.81 4.26 3.82 3.30 4.35 5.78 5.91 4.80 6.66 5.24 2.20 4.41 5.06 0.00 4.29 5.60 4.14 4.40 0.00 4.12 5.25 4.05 5.29 5.69 2.83 5.53 14101633
0.00 2.70 5.10 2.40 3.69 3.20 3.32 4.17 2.52 3.34 4.11 6.36 5.85 3.58 6.73 5.69 2.09 4.27 6.52 9.22 3.86 0.00 3.80 3.66 0.00 4.19 6.09 3.88 5.36 5.65 3.84 5.68 14114723
5.42 2.52 5.07 3.02 3.24 3.70 3.39 4.36 2.35 4.59 7.59 6.68 5.88 6.36 6.79 5.77 2.14 4.07 5.46 9.75 4.15 0.00 2.94 2.96 0.00 3.80 4.50 4.66 2.85 5.79 4.45 4.93 14127813
3.91 2.90 4.77 3.09 3.56 4.19 3.28 3.96 2.68 2.36 6.14 6.51 5.97 6.83 6.79 5.73 2.30 4.09 5.63 5.97 3.97 5.74 3.39 3.62 0.00 4.11 2.61 4.69 3.88 3.47 2.97 4.63 14140903
3.21 2.47 4.73 2.50 3.61 3.33 2.75 4.07 2.88 3.55 5.82 6.53 5.27 2.58 6.86 5.95 2.11 4.07 6.22 8.51 4.42 5.71 3.91 3.93 0.00 3.21 4.79 3.69 4.26 5.80 4.29 5.60 14153993
3.43 2.47 4.10 2.32 4.14 4.17 2.88 4.11 2.56 2.77 3.83 6.62 6.09 4.64 6.44 5.95 2.73 4.30 3.88 9.36 2.93 5.71 4.64 3.48 0.00 4.11 3.65 4.98 4.67 4.99 5.70 4.10 14167083
3.04 3.03 4.46 2.41 4.54 4.25 2.87 4.45 2.57 2.65 2.58 2.64 6.05 4.77 7.00 3.36 2.10 4.25 2.24 3.69 3.91 5.87 2.59 0.00 0.00 4.15 6.60 5.06 2.53 5.04 2.88 6.31 14180173
2.86 3.05 2.70 2.48 3.14 2.43 2.98 4.11 2.65 2.14 3.70 5.30 6.29 3.68 6.99 5.41 2.10 3.83 5.52 4.31 5.15 3.37 3.31 2.50 0.00 4.25 4.89 0.00 2.45 5.90 4.77 5.89 14193263
3.23 3.02 4.33 2.41 4.78 2.56 2.81 4.07 4.67 2.51 6.26 6.46 6.00 2.93 7.23 5.14 2.08 4.11 4.31 5.59 4.70 5.91 2.93 3.19 0.00 3.20 3.62 3.90 2.99 3.22 2.27 6.47 14206353
4.25 2.95 4.59 2.46 4.72 3.45 3.55 4.21 3.33 2.44 6.84 3.00 5.14 5.86 7.30 3.97 2.18 3.95 3.55 9.15 3.99 0.00 2.95 3.95 0.00 4.63 4.68 4.78 2.98 3.21 2.75 6.82 14219443
3.64 3.31 4.60 2.29 4.58 3.87 3.52 4.94 2.82 2.46 6.00 5.49 6.21 4.73 7.35 5.93 2.13 3.90 6.28 9.19 2.23 6.02 2.07 2.74 0.00 2.36 3.06 3.34 3.71 3.03 4.56 6.31 14232533
3.89 2.82 5.02 2.70 4.69 3.38 3.32 4.77 3.15 4.32 5.30 6.62 5.10 2.84 2.57 5.80 2.16 3.86 3.95 9.17 3.06 6.04 4.81 2.47 0.00 4.43 3.20 4.56 5.42 6.15 4.09 6.20 14245623
3.36 2.45 4.79 2.48 4.45 3.83 2.49 3.42 3.34 2.41 3.71 5.76 6.07 2.47 3.79 6.61 2.18 2.80 3.83 9.18 2.37 0.00 4.18 2.60 0.00 4.44 5.71 2.55 2.27 3.69 3.17 6.54 14258713
3.58 3.02 4.29 3.30 3.67 3.17 2.78 4.10 4.26 3.20 2.89 6.42 6.42 2.57 7.50 4.12 2.17 2.56 2.91 9.20 2.39 5.94 2.54 3.16 0.00 5.02 5.18 2.57 3.66 4.78 2.25 6.44 14271803
3.17 2.90 4.97 3.14 4.25 3.88 3.26 5.04 3.54 2.24 2.85 6.59 5.94 3.13 7.73 3.60 2.13 4.06 5.81 6.22 4.84 6.18 3.06 2.18 0.00 4.56 2.48 4.64 2.57 5.00 4.37 2.59 14284893
3.21 2.37 3.84 2.32 4.84 4.44 2.74 5.07 3.36 2.38 6.21 6.66 6.26 2.76 7.67 4.61 2.10 3.95 4.53 7.82 3.29 0.00 2.09 4.13 0.00 5.01 5.04 4.39 5.15 2.97 2.17 2.08 14297983
3.25 2.55 3.96 2.43 4.72 3.43 2.63 4.17 2.23 5.13 5.37 3.79 4.53 2.94 7.73 6.77 2.15 2.81 5.49 7.63 4.15 6.20 2.94 3.67 0.00 3.95 2.70 4.87 3.31 5.97 4.10 4.14 14311073
3.21 2.52 2.33 2.51 4.66 3.43 3.10 3.64 2.92 2.85 5.84 0.00 5.85 5.37 7.76 6.90 2.75 4.19 3.84 9.19 3.13 6.05 5.19 4.24 0.00 4.43 3.08 4.77 2.21 3.10 3.02 2.22 14324163
3.17 2.34 2.69 2.61 4.20 4.54 3.29 5.20 2.49 2.42 5.09 5.25 4.86 7.65 7.68 4.23 2.14 4.06 4.65 9.17 4.41 0.00 3.10 2.37 0.00 4.58 6.11 4.56 4.14 3.27 3.06 6.82 14337253
3.24 2.28 5.07 2.23 4.98 2.34 3.30 4.43 4.82 2.56 2.89 0.00 6.30 4.36 5.11 6.92 2.05 3.75 6.63 3.78 3.11 2.25 3.97 3.25 0.00 4.32 5.29 4.40 2.70 5.08 4.83 6.91 14350343
2.99 2.57 3.72 2.53 3.67 3.05 3.25 4.70 3.11 3.03 5.08 6.50 6.32 3.27 6.31 7.04 2.80 4.01 4.11 7.94 3.42 6.23 2.13 4.40 0.00 4.56 5.10 2.62 2.93 5.52 2.25 2.07 14363433
3.04 2.64 4.92 2.54 4.23 2.42 3.24 4.23 4.35 2.58 6.27 6.61 3.55 5.35 7.85 7.09 2.11 4.06 6.89 9.17 3.04 0.00 2.88 2.56 0.00 4.72 4.08 4.90 6.47 3.20 4.06 0.00 14376523
2.72 2.27 3.91 2.44 5.09 3.50 2.63 4.52 2.42 2.96 5.23 2.37 2.43 2.52 7.97 7.03 2.11 4.09 6.65 9.29 3.86 6.25 3.99 3.47 0.00 4.54 2.79 4.95 5.91 2.18 2.32 2.35 14389613
3.06 2.55 3.44 2.40 4.71 3.95 3.22 5.10 4.71 2.88 6.32 6.02 6.34 2.52 7.97 7.02 2.66 3.93 3.38 7.92 3.53 6.46 2.38 3.77 0.00 4.51 3.79 3.49 3.53 6.66 2.47 7.68 14402703
2.94 2.45 4.57 2.44 4.93 2.55 3.36 4.33 2.30 2.54 3.87 4.37 6.12 2.54 8.24 6.58 2.07 4.08 6.27 9.16 5.64 6.36 0.00 2.44 0.00 4.15 2.71 5.17 6.37 3.32 4.24 2.48 14415793
2.68 2.43 3.55 2.14 4.90 3.58 2.96 5.08 3.12 3.03 2.59 0.00 4.75 4.51 8.13 0.00 2.01 3.84 6.58 9.17 5.25 0.00 3.01 2.10 0.00 4.42 5.88 5.14 3.08 4.42 2.82 5.32 14428883
2.93 2.51 5.06 2.59 4.96 2.88 3.37 5.09 2.81 2.41 2.48 6.15 6.24 5.05 8.25 4.32 2.82 4.27 4.12 9.27 3.69 0.00 2.28 0.00 0.00 4.52 2.28 4.33 3.49 5.35 6.20 0.00 14441973
2.99 2.42 5.13 2.42 4.07 2.62 3.11 2.82 4.99 3.36 6.35 6.58 4.46 3.09 8.16 4.39 2.80 4.53 6.68 9.20 3.30 6.23 2.77 2.33 0.00 4.41 5.96 0.00 5.35 6.21 2.60 0.00 14455063
2.87 2.40 4.52 2.34 4.99 4.15 3.11 3.93 3.39 3.08 5.63 6.45 5.93 3.59 8.14 7.32 2.08 4.08 4.88 8.35 5.29 6.29 2.60 3.34 0.00 4.37 6.01 5.42 4.83 3.77 4.95 5.50 14468153
2.89 2.45 3.60 2.33 5.34 2.72 3.09 2.73 3.19 2.34 5.61 0.00 0.00 3.44 8.31 6.41 2.04 3.88 6.22 9.16 3.01 0.00 3.68 3.26 0.00 4.51 5.33 5.58 6.09 7.02 3.40 7.87 14481243
2.93 2.42 4.06 2.59 4.56 2.56 3.06 4.21 4.27 2.25 5.91 6.79 5.96 2.30 8.23 7.40 2.26 4.24 2.59 0.00 5.80 6.47 4.46 3.81 0.00 0.00 5.31 5.78 5.13 6.29 3.90 7.88 14494333
3.15 2.48 5.21 2.45 4.99 2.66 3.14 5.37 2.28 2.64 5.19 6.61 2.94 4.78 8.22 5.00 2.14 3.84 6.12 9.16 4.99 6.32 2.47 3.86 0.00 4.28 5.60 5.73 5.92 7.25 2.85 2.36 14507423
2.85 2.45 5.10 2.51 3.61 4.11 2.75 3.41 4.45 2.42 4.22 6.44 6.28 7.49 7.20 4.50 2.16 4.01 4.59 9.13 3.16 6.40 2.47 3.25 0.00 4.76 5.32 5.87 5.67 5.87 3.08 0.00 14520513
3.00 2.40 5.18 2.36 4.94 4.03 3.33 2.45 3.01 3.13 3.14 6.40 2.04 2.57 8.43 5.91 2.19 3.54 3.43 9.78 4.03 6.81 2.48 2.70 0.00 4.43 5.88 5.56 3.95 4.08 3.63 2.32 14533603
3.03 2.44 4.04 2.33 4.92 2.80 3.59 5.00 4.18 2.59 3.75 6.74 3.47 5.51 6.39 6.82 2.09 4.20 2.87 5.87 5.52 0.00 3.47 3.28 0.00 4.52 4.85 0.00 4.50 4.75 2.72 3.07 14546693
3.00 2.31 3.74 2.79 4.93 3.11 3.13 2.92 2.26 2.26 3.31 6.48 4.61 3.49 8.88 7.72 2.40 4.20 3.28 9.10 3.02 0.00 2.78 2.87 0.00 4.49 5.23 0.00 4.51 3.00 2.90 0.00 14559783
2.92 2.22 3.07 2.56 5.26 2.98 3.97 5.28 3.44 3.42 4.33 6.48 0.00 3.52 6.11 3.16 2.50 4.05 3.26 9.24 3.54 0.00 3.29 3.10 0.00 4.31 3.84 5.81 6.98 4.04 2.93 0.00 14572873
3.19 2.32 4.39 2.58 5.10 3.09 2.42 5.06 2.35 2.42 6.53 2.68 6.00 2.45 8.56 3.51 2.11 4.01 3.48 9.26 5.57 6.69 2.95 2.80 0.00 4.31 5.34 2.33 6.34 3.72 2.70 0.00 14585963
2.97 2.56 4.23 2.44 5.08 3.46 2.98 4.42 3.77 2.97 6.06 4.54 2.42 2.16 7.68 7.77 2.07 3.92 2.57 7.59 3.99 6.65 5.52 2.40 0.00 4.10 2.84 0.00 6.72 6.27 2.34 0.00 14599053
2.53 2.43 4.29 2.58 5.05 3.27 2.74 4.76 3.51 2.55 3.79 6.36 3.17 2.55 8.48 2.37 2.23 3.99 2.42 2.06 2.58 0.00 2.41 2.77 0.00 4.57 2.85 5.81 2.52 6.61 2.59 2.36 14612143
3.25 2.64 4.44 2.77 2.84 3.94 3.25 5.52 3.21 4.06 2.14 6.29 2.32 2.65 5.32 5.55 2.18 3.19 5.69 2.46 4.32 6.72 2.99 2.93 0.00 4.03 4.05 5.83 3.19 2.83 2.41 0.00 14625233
3.19 2.49 4.47 2.45 3.18 2.65 3.01 3.55 2.60 2.92 5.11 5.93 3.83 2.86 2.55 8.07 2.05 3.26 3.11 0.00 2.65 0.00 2.84 3.99 0.00 4.15 2.60 5.74 3.76 2.58 2.45 0.00 14638323
3.22 2.38 3.08 2.35 5.18 2.43 2.58 2.51 4.01 2.76 3.36 4.89 2.73 2.36 8.54 3.10 2.16 3.64 4.60 2.31 2.63 0.00 2.73 2.80 0.00 4.13 4.11 5.02 2.90 4.01 4.06 0.00 14651413
3.36 2.63 4.77 2.26 2.27 2.95 3.02 2.48 3.10 2.84 3.82 5.85 2.86 2.09 7.58 3.21 2.43 3.94 6.63 2.23 4.40 0.00 3.28 3.13 0.00 4.07 2.49 4.94 3.21 2.38 2.41 2.18 14664503
3.03 2.38 2.30 2.18 4.85 3.09 2.46 2.84 2.13 2.37 2.82 6.14 2.34 2.93 4.59 2.60 2.11 2.08 3.10 9.15 3.34 0.00 2.22 2.72 0.00 3.95 3.84 3.22 3.19 3.70 2.79 3.40 14677593
3.23 2.50 3.39 2.37 5.35 3.59 2.88 2.39 2.55 2.12 2.35 6.40 3.08 2.75 6.32 6.02 2.12 2.96 2.97 2.42 3.26 0.00 2.84 2.81 0.00 3.66 3.30 5.26 3.14 3.41 2.57 5.37 14690683
3.43 2.17 2.84 2.54 3.93 2.98 2.59 2.70 2.54 2.40 2.46 3.02 2.17 2.38 3.52 4.89 2.71 2.33 3.30 2.86 2.62 0.00 3.23 3.54 0.00 3.00 3.34 5.49 3.59 3.84 2.58 3.23 14703773
3.07 2.61 2.88 2.31 4.07 2.34 2.20 2.53 2.40 2.34 2.76 3.14 2.15 3.27 6.61 3.21 2.10 3.12 2.52 9.21 3.31 0.00 2.72 2.84 0.00 2.97 3.23 0.00 2.75 3.81 3.16 2.39 14716863
3.44 2.53 3.22 2.32 5.41 2.91 2.57 2.73 2.18 2.15 3.44 6.81 2.27 2.76 3.25 2.39 2.36 3.87 3.56 0.00 3.37 0.00 2.41 2.42 0.00 4.08 2.97 5.59 2.51 2.49 3.62 2.94 14729953
3.07 2.60 4.92 2.44 2.78 3.22 2.59 2.32 2.66 2.19 2.66 4.74 2.15 2.51 4.78 2.92 2.09 2.84 2.29 2.58 3.31 0.00 2.37 2.34 0.00 3.50 2.84 0.00 3.43 3.65 2.71 2.50 14743043
3.16 2.50 4.16 2.35 3.94 2.09 3.04 2.80 2.44 2.47 3.56 2.34 2.61 2.76 6.08 3.03 2.10 3.10 2.85 0.00 3.02 0.00 3.09 2.06 0.00 3.56 3.84 2.36 2.82 2.22 3.57 2.95 14756133
3.12 2.39 3.56 2.73 4.29 2.31 2.20 2.79 2.79 2.93 2.15 4.58 3.14 2.43 4.97 3.83 2.10 3.54 4.26 2.12 3.48 0.00 2.27 2.62 0.00 3.26 2.77 2.54 4.20 2.57 2.27 6.26 14769223
3.03 2.62 4.57 2.99 3.37 3.60 2.51 3.30 2.49 2.37 2.47 3.76 2.67 2.30 3.49 2.55 2.36 3.48 4.13 2.18 2.39 0.00 2.76 2.99 0.00 4.13 2.51 0.00 2.20 4.51 2.88 3.14 14782313
3.82 2.81 3.89 2.42 2.55 2.35 3.54 3.60 2.99 2.44 3.94 3.46 2.90 3.52 6.29 2.96 2.13 3.70 2.13 2.08 3.59 0.00 2.26 0.00 0.00 3.48 2.94 0.00 3.03 3.98 2.96 2.28 14795403
3.22 2.34 4.25 2.43 2.79 2.09 2.27 2.53 2.49 2.23 2.95 5.20 2.64 2.56 8.54 5.21 2.28 2.21 3.08 7.68 2.39 0.00 3.71 2.91 0.00 3.38 2.54 0.00 3.58 3.82 2.46 0.00 14808493
3.79 2.57 2.56 2.45 5.09 2.96 3.16 2.60 2.89 2.35 2.35 3.78 2.33 3.12 6.26 2.61 2.48 2.92 5.90 2.30 4.10 0.00 3.31 2.77 0.00 3.26 2.57 2.12 2.80 2.35 2.35 2.61 14821583
3.15 2.29 3.82 2.46 2.94 3.15 2.42 2.45 2.32 3.45 5.42 4.17 3.87 2.37 3.62 3.20 2.28 3.63 3.70 0.00 2.33 0.00 2.66 2.11 0.00 3.49 2.48 2.49 5.44 3.79 2.67 2.89 14834673
3.81 2.79 3.80 2.93 3.37 2.28 2.58 2.55 2.93 2.34 4.41 4.34 2.84 4.05 6.10 2.45 2.11 3.28 2.35 0.00 3.11 0.00 2.93 2.54 0.00 2.90 3.16 0.00 2.29 2.91 2.29 3.35 14847763
3.63 2.95 3.67 2.35 5.10 4.02 2.63 4.78 2.26 2.85 3.99 5.02 3.59 3.02 6.03 2.83 2.12 4.08 4.17 3.68 2.53 0.00 3.75 3.01 0.00 2.90 3.08 2.41 4.02 2.65 2.67 2.81 14860853
3.68 2.59 4.14 2.73 4.53 3.09 2.62 5.07 2.57 2.36 4.84 3.93 2.38 3.60 8.46 3.99 2.37 3.61 2.48 2.84 2.49 0.00 3.09 2.25 0.00 2.80 3.59 0.00 5.03 5.07 5.24 2.47 14873943
3.73 2.69 3.88 2.24 5.95 4.76 2.21 2.10 2.17 2.28 3.81 4.55 2.94 5.22 7.74 0.00 2.09 2.52 5.04 5.81 3.25 8.07 2.57 3.38 0.00 2.90 3.14 0.00 5.08 5.46 3.85 8.43 14887033
3.78 2.90 3.98 2.84 6.08 2.82 2.62 5.15 2.39 2.62 5.46 5.44 6.42 2.38 8.48 3.37 2.05 3.83 3.38 3.48 2.77 0.00 2.90 2.75 0.00 3.51 3.46 0.00 7.25 6.05 2.16 2.46 14900123
3.53 2.98 4.03 2.81 6.12 4.22 3.03 2.36 2.64 2.97 4.95 5.50 0.00 4.13 8.47 3.73 2.09 4.02 4.54 0.00 3.72 0.00 6.19 2.95 0.00 2.77 3.61 0.00 2.44 5.12 4.35 8.32 14913213
3.41 2.88 4.29 2.73 5.69 4.17 2.31 3.08 2.91 2.44 4.98 5.25 0.00 7.96 8.48 0.00 2.04 3.71 3.26 8.95 5.45 7.78 2.27 3.60 0.00 2.99 3.66 0.00 2.58 3.52 3.18 8.31 14926303
3.61 2.40 3.88 2.97 5.84 5.59 3.31 3.90 3.91 3.21 5.08 5.17 2.78 5.09 8.47 0.00 2.06 3.97 4.84 8.92 4.62 0.00 3.70 4.60 0.00 2.53 3.88 0.00 6.53 7.04 4.36 0.00 14939393
3.49 2.63 4.02 4.04 6.10 4.12 3.48 4.72 4.54 4.19 4.88 5.33 0.00 7.94 8.49 0.00 2.04 3.87 6.95 0.00 6.38 7.95 2.17 3.97 0.00 3.13 3.93 0.00 3.89 7.00 6.54 8.23 14952483
3.49 2.91 4.02 3.49 6.15 3.99 3.16 4.75 4.27 3.59 5.07 5.39 6.24 7.87 8.50 0.00 3.01 3.75 3.42 8.74 6.19 0.00 3.57 3.90 0.00 2.62 3.40 0.00 6.13 7.02 7.45 0.00 14965573
3.51 2.92 4.07 2.34 6.71 5.61 3.01 4.64 5.44 4.22 5.01 5.21 0.00 7.82 8.48 0.00 2.04 4.05 6.76 8.67 0.00 7.83 2.94 3.96 0.00 2.71 3.62 0.00 7.44 7.09 7.47 8.21 14978663
3.50 2.95 4.28 2.92 6.22 6.02 3.52 4.60 3.62 4.47 4.97 5.16 0.00 7.77 8.48 0.00 2.08 4.05 6.58 9.09 3.74 0.00 0.00 3.93 0.00 2.47 3.72 0.00 7.56 7.52 6.68 8.23 14991753
3.47 2.93 4.13 2.86 6.19 5.87 3.25 4.68 5.21 4.21 4.96 5.24 0.00 7.89 8.48 0.00 2.03 3.80 6.51 8.54 5.95 0.00 0.00 4.69 0.00 2.44 3.74 0.00 7.48 7.73 7.50 8.14 15004843
4.18 2.97 4.29 3.05 6.48 5.92 3.06 4.90 5.24 3.80 4.83 5.19 6.61 7.96 8.49 0.00 2.04 3.95 6.92 8.80 6.16 7.75 2.94 5.40 0.00 2.68 3.58 0.00 7.58 7.12 7.46 0.00 15017933
0.00 2.95 4.28 2.96 6.13 6.25 3.20 4.63 5.24 5.32 4.96 5.14 6.20 7.85 8.52 0.00 2.06 3.76 6.78 8.91 0.00 0.00 0.00 5.73 0.00 2.51 3.52 0.00 7.45 7.09 7.16 8.33 15031023
3.51 2.97 4.38 0.00 6.30 6.32 3.37 4.97 5.20 3.25 4.72 5.17 0.00 7.82 8.49 0.00 2.03 3.94 6.93 8.71 6.24 0.00 3.47 0.00 0.00 2.54 3.55 0.00 7.47 7.09 7.43 0.00 15044113
3.49 3.00 4.22 3.22 6.28 6.05 3.55 4.86 0.00 5.59 4.76 5.18 0.00 7.81 8.59 0.00 2.32 3.84 6.96 0.00 6.33 7.73 0.00 3.90 0.00 2.64 3.57 0.00 7.51 7.13 7.45 0.00 15057203
3.46 2.94 4.40 3.10 6.21 6.22 3.33 4.94 5.44 5.46 4.71 5.20 6.52 4.60 8.57 0.00 2.11 4.05 7.46 9.00 6.26 0.00 0.00 4.57 0.00 2.59 3.54 0.00 7.49 7.66 7.26 8.31 15070293
3.36 2.90 4.26 3.28 6.55 6.17 3.73 4.91 5.17 5.27 4.83 5.12 0.00 7.99 8.48 0.00 2.03 4.12 7.00 8.36 0.00 0.00 0.00 4.29 0.00 2.50 3.47 0.00 7.51 7.42 7.21 8.13 15083383
3.34 2.92 4.30 0.00 6.23 6.26 3.33 5.08 5.23 5.52 4.63 5.49 0.00 7.77 8.51 0.00 2.06 4.51 7.07 8.85 0.00 0.00 0.00 4.22 0.00 2.93 3.51 0.00 7.56 7.13 7.33 8.02 15096473
3.37 2.91 4.33 0.00 6.23 6.27 3.27 4.70 5.15 5.60 4.89 5.78 6.84 7.73 8.55 0.00 2.05 4.31 6.88 8.15 6.28 0.00 0.00 0.00 0.00 2.62 3.67 0.00 7.53 7.06 7.34 0.00 15109563
3.39 2.92 4.29 0.00 6.46 6.31 3.19 4.67 0.00 5.43 4.71 5.13 0.00 7.95 8.59 8.18 2.15 3.86 6.78 8.76 6.29 7.97 0.00 3.86 0.00 2.66 3.55 0.00 7.50 7.16 7.26 8.10 15122653
3.44 2.96 4.53 3.10 6.37 6.37 3.26 4.70 0.00 5.38 4.70 5.23 0.00 7.90 8.55 0.00 2.18 3.82 7.06 8.65 0.00 7.97 0.00 3.54 0.00 2.65 3.55 0.00 7.48 7.24 8.14 8.07 15135743
3.33 2.99 4.31 3.25 6.27 6.42 3.15 5.09 0.00 5.32 4.63 5.10 6.48 7.88 8.49 0.00 2.06 3.89 6.98 8.74 0.00 7.87 0.00 4.14 0.00 2.62 3.57 0.00 7.60 7.02 8.13 0.00 15148833
3.34 2.95 4.80 3.21 6.15 6.50 3.28 4.96 5.25 5.34 4.71 5.51 0.00 7.93 8.50 0.00 2.07 3.75 7.16 0.00 6.41 7.90 0.00 4.39 0.00 2.52 3.54 0.00 7.53 7.17 7.22 0.00 15161923
3.27 2.92 4.14 2.81 6.29 6.50 3.19 4.79 5.72 5.30 4.73 5.09 0.00 7.84 8.45 0.00 2.06 3.85 6.96 0.00 6.38 0.00 0.00 3.93 0.00 2.56 3.98 0.00 7.65 7.21 7.27 8.09 15175013
3.29 2.91 3.97 0.00 6.74 6.57 3.14 4.59 0.00 5.24 4.92 4.91 0.00 7.69 8.46 0.00 2.17 3.84 6.50 9.11 0.00 0.00 0.00 4.01 0.00 2.66 3.63 0.00 7.51 7.33 7.40 0.00 15188103
3.30 2.91 4.27 2.97 6.31 6.49 3.25 4.71 2.38 5.30 4.63 5.09 6.59 7.79 0.00 0.00 2.12 3.89 6.48 8.73 6.42 0.00 0.00 4.38 0.00 2.65 3.60 0.00 7.54 7.10 7.43 8.15 15201193
3.28 2.93 3.95 5.37 6.33 6.58 3.07 4.83 0.00 4.88 4.52 4.80 0.00 7.79 8.40 0.00 2.12 3.83 6.55 9.04 6.35 0.00 0.00 3.63 0.00 2.86 3.59 0.00 7.59 7.20 7.43 0.00 15214283
3.24 2.78 3.94 5.70 6.43 6.74 3.24 4.90 5.25 4.19 4.52 4.95 6.18 7.80 9.21 8.24 2.10 3.77 6.74 9.06 6.32 0.00 0.00 5.19 0.00 2.68 3.56 0.00 7.67 7.54 7.30 8.56 15227373
3.29 2.62 3.88 2.54 7.31 6.67 3.31 4.83 6.01 4.46 4.50 4.48 6.62 7.78 8.42 8.22 2.07 4.20 6.60 9.20 6.35 0.00 0.00 4.26 0.00 2.77 3.57 0.00 7.60 7.18 7.25 8.06 15240463
3.25 2.69 3.81 3.39 7.21 6.88 3.34 4.67 5.16 4.55 4.42 5.05 0.00 7.74 8.42 0.00 2.06 4.39 6.83 8.91 0.00 0.00 0.00 4.06 0.00 2.54 3.50 0.00 7.70 7.24 7.34 8.10 15253553
3.87 2.57 3.91 0.00 7.05 6.81 3.05 4.79 5.20 4.74 4.53 4.83 6.12 7.79 0.00 8.29 2.10 3.73 6.61 8.67 6.47 0.00 0.00 4.54 0.00 2.56 3.53 0.00 7.58 7.10 7.00 0.00 15266643
3.36 2.50 3.79 5.06 6.55 7.03 3.34 4.83 5.40 4.32 4.66 4.54 0.00 7.54 8.48 8.25 2.04 3.78 7.03 9.20 0.00 0.00 0.00 3.97 0.00 2.74 3.36 0.00 7.58 7.22 7.43 8.07 15279733
3.43 2.48 3.92 3.17 6.89 6.96 3.09 4.57 5.15 3.94 4.25 4.34 0.00 7.40 8.45 8.14 2.02 3.74 6.88 8.73 0.00 0.00 0.00 5.07 0.00 2.97 3.46 0.00 7.67 7.38 7.07 8.15 15292823
3.45 2.61 3.93 4.78 6.71 6.97 3.26 4.58 0.00 4.87 4.47 4.35 0.00 7.20 8.41 7.99 2.08 4.39 7.02 9.02 0.00 0.00 9.81 5.18 0.00 2.74 3.34 0.00 7.72 7.13 7.27 8.14 15305913
3.73 2.58 3.94 0.00 6.95 6.96 3.11 4.96 5.24 4.77 4.15 4.44 0.00 7.55 8.43 0.00 2.04 4.03 6.81 9.08 5.94 0.00 0.00 4.51 0.00 2.73 3.42 0.00 7.69 7.21 7.09 8.10 15319003
3.35 2.63 3.45 4.85 7.15 6.99 3.12 4.90 5.78 4.69 4.20 4.14 0.00 7.26 8.41 8.28 2.01 3.81 6.72 9.03 6.00 0.00 0.00 0.00 0.00 2.70 3.46 0.00 7.64 7.38 7.20 0.00 15332093
3.39 2.77 3.97 2.72 6.72 6.83 3.23 4.63 5.25 2.32 4.35 4.17 6.10 7.75 8.33 8.23 2.04 3.81 6.83 9.00 6.01 8.30 0.00 3.94 0.00 2.77 3.34 0.00 7.67 7.26 7.13 8.46 15345183
3.41 2.77 3.92 4.39 7.10 7.08 3.21 5.20 5.71 3.35 4.11 4.17 6.36 7.19 8.19 8.45 2.04 4.16 6.93 8.75 2.11 8.13 9.83 3.62 0.00 2.66 3.39 0.00 7.80 7.92 7.49 8.11 15358273
3.49 2.80 3.93 2.79 6.75 7.27 3.14 4.74 5.23 4.52 4.10 4.31 6.16 7.14 8.05 0.00 2.07 3.87 6.89 9.05 5.76 0.00 0.00 3.87 0.00 2.61 3.30 0.00 7.76 7.29 7.01 8.02 15371363
3.44 2.83 4.22 4.72 7.03 6.78 3.12 4.52 5.64 2.56 4.18 4.14 0.00 6.89 7.96 8.01 2.09 3.90 6.56 8.94 6.40 0.00 0.00 4.43 0.00 2.60 3.39 0.00 0.00 7.30 7.02 0.00 15384453
3.32 2.85 4.43 3.16 6.77 7.64 3.26 4.50 5.20 4.20 4.13 4.70 6.26 7.10 8.00 7.91 2.03 3.94 6.82 8.86 6.34 7.83 0.00 5.12 0.00 2.53 3.36 0.00 7.90 7.50 7.20 0.00 15397543
3.34 2.82 4.46 3.13 7.02 7.56 3.25 3.35 5.26 4.08 3.98 4.16 6.39 7.10 7.77 8.00 2.05 4.00 6.57 8.86 0.00 0.00 0.00 0.00 0.00 2.55 3.39 0.00 7.97 7.41 7.07 0.00 15410633
3.31 2.83 4.59 3.19 7.15 4.70 3.18 4.54 6.15 3.90 4.04 4.10 6.04 7.34 7.96 7.75 2.16 3.95 7.12 0.00 0.00 0.00 4.05 4.50 0.00 2.83 3.59 0.00 7.84 7.85 7.13 8.24 15423723
3.26 2.82 4.88 3.98 0.00 6.24 3.24 4.44 5.16 2.93 3.98 4.09 6.23 6.97 7.78 8.37 2.05 4.03 7.30 8.97 6.00 7.85 0.00 0.00 0.00 2.49 3.43 0.00 7.97 7.43 7.07 8.13 15436813
3.38 2.78 4.69 3.24 6.98 7.69 3.19 4.62 2.38 3.82 4.07 4.13 6.74 6.83 7.43 7.62 2.08 4.10 7.26 9.00 6.48 0.00 0.00 4.49 0.00 3.02 3.37 0.00 3.99 7.55 7.09 8.06 15449903
3.40 2.77 4.99 0.00 7.14 4.85 3.39 4.64 5.22 3.89 4.43 4.23 6.03 6.89 7.49 7.50 2.26 4.36 6.95 9.08 6.38 0.00 0.00 4.42 0.00 2.62 3.40 0.00 7.86 7.63 7.79 8.06 15462993
3.48 2.91 4.80 3.07 7.40 4.30 3.23 3.38 2.49 3.98 4.00 4.13 6.06 5.12 7.52 7.36 2.19 4.30 6.95 9.14 6.16 7.69 0.00 0.00 0.00 2.56 3.40 0.00 7.91 7.53 6.69 0.00 15476083
3.48 2.78 5.01 3.17 7.37 7.21 3.11 4.66 5.54 3.14 4.02 4.22 5.91 6.72 7.57 7.59 2.14 4.12 6.48 9.10 0.00 7.79 0.00 3.87 0.00 2.48 3.41 0.00 8.09 7.45 6.90 0.00 15489173
3.32 2.85 5.24 3.11 7.41 6.56 2.94 4.51 5.35 2.88 4.07 4.40 5.83 2.94 7.84 7.82 2.10 4.35 6.68 8.91 6.23 0.00 0.00 3.52 0.00 2.52 3.53 0.00 7.90 7.75 7.13 7.99 15502263
3.38 2.83 5.21 2.51 7.12 7.49 3.10 4.46 5.26 3.45 4.06 4.22 5.81 6.57 7.31 7.07 2.11 4.10 6.36 9.06 4.94 0.00 9.79 0.00 0.00 2.57 3.60 0.00 8.02 7.46 7.34 8.09 15515353
3.49 2.68 0.00 0.00 7.46 7.63 3.21 4.57 5.16 3.87 3.99 4.21 5.94 6.93 7.07 7.19 2.15 4.05 7.02 9.12 0.00 0.00 9.55 4.63 0.00 2.60 3.50 0.00 8.02 7.73 5.41 7.92 15528443
3.31 2.80 0.00 0.00 7.44 4.87 3.18 4.49 5.27 3.33 4.05 4.24 5.74 6.42 6.94 6.91 2.08 4.18 6.68 9.04 0.00 7.84 3.72 3.87 0.00 2.91 3.52 0.00 7.97 0.00 7.01 0.00 15541533
3.52 2.81 5.22 3.20 7.23 8.14 3.56 3.96 3.83 3.22 4.08 4.28 6.00 6.34 7.02 6.92 2.13 3.97 6.81 9.12 6.10 0.00 0.00 3.97 0.00 2.58 3.43 0.00 8.03 7.69 7.04 8.00 15554623
3.37 2.80 5.40 4.23 7.94 8.14 3.16 4.51 5.21 3.38 4.11 4.42 5.92 6.62 6.94 6.95 2.07 3.94 6.50 9.16 5.62 8.35 0.00 0.00 0.00 2.61 3.51 0.00 0.00 7.62 6.93 8.14 15567713
3.28 2.77 0.00 2.20 6.60 8.04 3.25 4.31 5.09 2.76 4.10 4.48 5.87 6.45 7.19 6.76 2.08 4.19 6.68 0.00 6.22 0.00 0.00 3.90 0.00 2.96 3.53 0.00 8.37 7.65 6.80 7.90 15580803
3.33 2.83 0.00 0.00 7.21 8.06 3.12 4.40 5.08 3.64 4.02 4.37 5.70 6.48 7.07 6.71 2.08 4.14 6.98 9.32 5.98 0.00 9.85 4.00 0.00 3.14 3.72 0.00 8.11 7.68 6.91 8.21 15593893
3.35 2.79 0.00 3.13 7.42 6.92 3.15 4.49 5.00 3.58 4.07 4.40 5.53 5.46 6.77 6.69 2.07 3.97 7.01 9.05 6.13 0.00 0.00 0.00 0.00 2.48 3.67 0.00 8.00 7.73 6.81 8.01 15606983
3.28 2.84 0.00 0.00 6.99 8.15 3.13 4.28 3.52 3.44 4.15 4.42 5.76 4.89 0.00 6.46 2.09 4.00 6.54 8.93 5.76 8.00 0.00 0.00 0.00 2.65 3.71 0.00 8.07 7.67 7.01 8.13 15620073
3.45 2.87 0.00 0.00 7.09 8.05 3.22 4.42 5.04 3.68 4.07 4.43 5.66 6.09 6.55 7.02 2.08 4.21 6.93 8.95 6.41 0.00 0.00 4.42 0.00 0.00 3.79 0.00 8.04 7.49 6.98 7.96 15633163
3.36 3.10 0.00 3.26 6.70 7.99 3.26 4.84 5.09 3.50 4.56 4.53 5.59 6.11 6.66 6.59 2.08 3.95 6.63 8.98 0.00 7.72 0.00 4.21 0.00 2.74 3.62 0.00 8.09 7.63 6.88 8.02 15646253
3.30 2.98 0.00 0.00 7.19 7.96 3.41 4.28 5.11 3.02 4.16 4.46 5.44 6.06 6.56 6.41 2.08 3.89 6.57 9.08 0.00 7.76 0.00 4.40 0.00 2.64 3.74 0.00 8.11 7.66 7.11 8.04 15659343
4.01 2.88 0.00 0.00 6.39 7.99 3.79 4.31 5.06 3.60 4.20 4.47 5.70 6.00 6.71 6.31 2.12 4.17 6.55 9.00 6.24 7.90 0.00 4.19 0.00 3.05 3.97 0.00 8.07 7.61 6.94 8.04 15672433
3.40 2.82 0.00 0.00 6.74 7.98 3.25 4.37 5.12 3.52 4.14 4.71 5.93 5.98 7.00 6.46 2.09 3.88 7.03 9.03 0.00 8.04 0.00 4.43 0.00 2.69 3.80 0.00 8.27 8.62 6.74 8.01 15685523
3.41 2.87 0.00 0.00 6.50 8.21 3.40 4.32 5.05 3.61 4.36 4.49 5.67 6.07 6.57 6.26 2.11 3.85 7.41 9.15 0.00 7.74 0.00 5.38 0.00 2.62 3.82 0.00 8.64 7.82 6.74 8.66 15698613
3.29 2.89 0.00 0.00 6.69 7.95 3.26 4.34 5.07 3.60 4.17 4.49 5.58 5.96 6.52 6.41 2.07 3.94 7.31 8.98 6.28 7.90 0.00 4.13 0.00 3.02 3.73 0.00 8.05 7.56 6.78 7.98 15711703
3.26 2.89 0.00 0.00 6.70 7.90 3.17 4.37 4.52 3.25 4.08 4.48 5.52 5.93 6.55 6.53 2.08 4.19 6.89 9.12 6.11 8.23 0.00 0.00 0.00 2.62 3.68 0.00 8.15 7.70 6.81 7.95 15724793
3.33 2.74 5.60 0.00 6.57 7.96 3.19 4.66 5.03 3.51 4.11 5.38 5.48 6.19 6.45 6.40 2.06 0.00 7.21 9.12 6.28 8.26 0.00 0.00 0.00 2.87 3.69 0.00 8.02 7.58 6.75 8.06 15737883
3.44 2.75 0.00 0.00 6.55 7.93 3.38 4.38 5.05 3.28 4.04 4.62 5.93 6.23 6.56 6.35 2.08 3.89 7.09 8.93 0.00 0.00 0.00 0.00 0.00 2.67 3.68 0.00 7.97 7.71 6.69 8.53 15750973
3.34 2.75 0.00 3.07 6.67 7.90 3.08 4.68 4.98 3.41 4.06 4.64 5.74 5.88 6.45 6.36 2.06 3.90 7.10 9.03 6.25 0.00 0.00 0.00 0.00 0.00 3.79 0.00 8.16 7.72 6.68 8.04 15764063
3.54 2.75 0.00 0.00 6.52 7.94 3.07 4.35 4.98 3.38 4.04 4.54 5.52 6.16 6.45 7.25 2.06 3.93 6.58 9.05 6.14 7.70 0.00 0.00 0.00 2.75 3.76 0.00 8.01 8.06 6.77 7.98 15777153
3.34 2.88 0.00 0.00 6.47 7.82 3.04 4.29 4.98 3.59 4.06 4.60 5.32 5.75 6.48 6.35 2.06 3.95 7.05 9.26 5.93 7.72 0.00 0.00 0.00 3.37 3.70 0.00 8.29 0.00 6.87 7.83 15790243
3.38 3.41 0.00 0.00 6.67 8.14 3.03 0.00 4.96 3.39 4.08 4.58 5.53 5.85 6.47 6.68 2.06 3.96 6.64 9.12 6.33 7.70 0.00 0.00 0.00 2.82 3.69 0.00 8.20 7.64 6.77 8.03 15803333
3.43 2.72 0.00 0.00 6.52 7.86 3.02 4.27 4.97 3.54 4.16 4.54 5.47 6.33 6.40 6.27 2.06 3.87 7.19 8.88 6.68 7.69 0.00 0.00 0.00 2.57 3.68 0.00 8.05 7.78 6.76 8.01 15816423
3.41 2.79 0.00 0.00 0.00 7.82 3.05 4.41 4.94 3.47 4.08 4.55 5.23 6.00 6.39 6.47 2.06 0.00 7.21 9.08 6.21 7.70 0.00 0.00 0.00 0.00 3.67 0.00 7.97 8.08 6.76 7.96 15829513
3.34 2.76 0.00 0.00 6.52 7.86 3.03 4.42 5.05 3.44 4.10 4.50 5.35 5.77 6.43 6.34 2.05 3.87 0.00 8.92 0.00 7.68 0.00 0.00 0.00 2.54 3.67 0.00 8.01 7.58 6.65 7.97 15842603
3.35 2.80 0.00 0.00 6.64 7.92 3.07 4.31 5.05 3.33 4.15 4.52 5.79 5.74 6.38 6.37 2.06 3.88 7.52 9.00 0.00 8.20 0.00 0.00 0.00 2.50 3.69 0.00 8.10 7.58 6.70 8.01 15855693
3.32 2.78 0.00 0.00 6.64 7.88 3.06 4.36 4.97 3.18 4.18 4.75 5.32 5.73 6.76 6.58 2.06 4.23 7.73 8.99 0.00 7.68 0.00 4.81 0.00 2.51 3.68 0.00 7.98 7.67 6.70 8.04 15868783
3.34 2.82 0.00 0.00 6.51 7.71 3.07 4.32 5.18 3.20 4.09 4.53 5.25 5.72 6.38 6.45 2.07 3.86 6.69 8.87 6.22 8.01 0.00 0.00 0.00 2.54 3.68 0.00 7.96 7.48 6.70 7.93 15881873
3.32 2.79 0.00 0.00 6.39 7.69 3.09 4.43 5.09 3.35 4.23 4.51 5.20 5.70 6.37 6.15 2.07 3.89 0.00 8.98 6.33 7.71 0.00 0.00 0.00 2.64 3.68 0.00 7.90 7.66 6.72 7.94 15894963
3.34 2.78 5.37 0.00 6.48 7.72 3.10 4.74 5.07 3.33 4.11 4.50 5.44 5.79 6.27 6.46 2.08 3.89 6.52 9.05 6.39 8.23 0.00 0.00 0.00 2.65 3.67 0.00 0.00 7.68 6.72 8.02 15908053
3.43 2.79 0.00 0.00 6.44 7.72 3.11 4.48 4.96 3.41 4.00 4.53 5.28 5.89 6.26 6.26 2.08 4.40 7.06 8.96 0.00 8.22 0.00 4.45 0.00 2.60 3.67 0.00 8.03 7.71 6.72 7.97 15921143
3.39 2.82 0.00 0.00 6.48 7.72 3.11 4.64 5.12 3.50 4.08 4.58 5.61 5.85 6.37 6.19 2.09 0.00 7.01 8.91 6.48 0.00 0.00 4.15 0.00 2.62 3.68 0.00 8.20 8.07 6.74 7.94 15934233
3.39 2.82 0.00 0.00 6.47 7.71 3.11 4.65 5.14 3.40 4.04 4.78 6.00 5.92 6.29 6.57 2.10 3.93 6.75 8.96 6.19 0.00 0.00 4.45 0.00 2.61 3.67 0.00 8.26 7.64 6.71 7.92 15947323
3.33 2.83 0.00 0.00 6.35 7.76 3.12 4.38 5.14 3.39 4.08 4.58 5.62 5.87 6.39 0.00 2.09 3.94 6.87 8.86 0.00 8.24 0.00 0.00 0.00 2.62 3.72 0.00 8.12 7.68 6.70 7.94 15960413
3.79 2.83 0.00 0.00 6.72 7.76 3.12 4.35 4.96 3.45 4.18 4.57 5.39 5.94 6.40 6.23 2.09 3.92 6.90 8.89 6.40 8.18 0.00 0.00 0.00 2.64 3.72 0.00 8.05 7.94 6.71 7.93 15973503
3.46 2.82 0.00 0.00 6.50 7.79 3.10 4.62 4.94 3.55 4.09 4.57 5.41 5.89 6.46 6.22 2.10 3.92 6.83 9.02 6.40 8.17 0.00 0.00 0.00 2.64 3.73 0.00 8.05 7.66 6.70 7.92 15986593
3.34 2.79 0.00 0.00 6.53 7.73 3.12 4.39 4.99 3.36 4.24 4.57 0.00 5.72 6.34 6.34 2.09 0.00 0.00 8.86 6.22 8.20 0.00 0.00 0.00 2.61 3.95 0.00 8.07 7.64 6.71 7.92 15999683
3.41 2.80 0.00 0.00 6.53 7.70 3.11 4.40 5.03 3.49 4.07 4.64 5.49 5.93 6.44 6.46 2.11 0.00 6.68 8.99 6.19 8.24 0.00 0.00 0.00 2.59 4.08 0.00 8.00 7.78 6.69 7.93 16012773
3.42 2.80 0.00 0.00 7.14 7.70 3.13 4.41 5.00 3.48 4.09 4.62 5.31 5.92 6.37 6.21 2.11 4.26 0.00 8.93 6.19 0.00 0.00 4.56 0.00 2.61 4.03 0.00 8.04 8.05 6.70 7.93 16025863