4.89 3.01 4.98 0.00 0.00 6.32 3.69 4.37 0.00 6.35 6.93 0.00 4.18 5.56 5.83 5.68 2.15 3.85 7.67 9.03 5.09 6.33 10.83 5.52 0.00 0.00 2.98 2.97 3.38 4.41 2.68 2.89 4525584
4.90 3.02 4.99 0.00 0.00 6.31 3.68 4.37 0.00 6.35 6.92 0.00 4.17 5.55 5.84 5.68 2.16 3.85 7.68 9.02 5.10 0.00 10.32 5.48 0.00 0.00 2.99 2.97 3.38 4.40 2.69 2.88 4538674
4.89 3.02 5.00 0.00 0.00 6.33 3.69 4.38 0.00 6.36 6.92 0.00 4.17 5.56 5.83 5.68 2.16 3.86 7.69 9.01 5.10 0.00 10.32 5.48 0.00 0.00 2.97 2.96 3.38 4.40 2.69 2.88 4551764
4.88 3.02 5.00 0.00 0.00 6.33 3.38 4.37 0.00 6.34 6.92 0.00 4.17 5.56 5.83 5.68 2.15 3.85 7.68 9.03 5.09 0.00 10.31 5.47 0.00 0.00 2.99 2.96 3.38 4.40 2.70 2.88 4564854
4.90 3.01 5.00 0.00 0.00 6.33 3.18 4.37 0.00 6.35 6.92 0.00 4.18 5.56 5.83 5.67 2.16 3.85 7.68 9.03 5.10 0.00 10.32 5.46 0.00 0.00 2.98 2.97 3.38 4.41 2.69 2.90 4577944
4.90 3.01 4.96 0.00 0.00 6.27 3.70 4.37 0.00 6.35 6.87 0.00 4.18 5.56 5.83 5.68 2.15 3.85 7.66 9.03 5.09 0.00 10.33 5.47 0.00 0.00 2.99 2.97 3.39 4.41 2.68 2.88 4591034
4.91 3.01 5.01 0.00 0.00 6.01 3.10 4.37 5.37 6.35 6.84 0.00 4.18 5.55 5.84 5.68 2.15 3.86 7.66 9.02 5.08 0.00 10.32 5.51 0.00 0.00 2.99 2.97 3.37 4.41 2.68 2.85 4604124
4.91 3.01 4.99 0.00 0.00 6.00 3.19 4.38 5.34 6.34 6.88 0.00 4.16 5.55 5.83 5.68 2.15 3.86 7.23 9.02 5.09 0.00 10.29 5.46 0.00 0.00 2.99 2.98 3.36 4.41 2.69 2.86 4617214
4.92 3.01 5.02 0.00 0.00 6.00 3.17 4.38 0.00 6.35 6.88 0.00 4.29 5.55 5.84 5.69 2.16 3.85 7.22 9.01 5.09 0.00 10.80 5.54 0.00 0.00 2.98 2.97 3.35 4.42 2.69 2.84 4630304
4.91 3.02 5.02 0.00 6.03 6.13 3.16 4.36 0.00 6.33 6.88 0.00 4.43 5.55 5.83 5.68 2.15 3.86 7.21 9.02 5.09 0.00 10.14 5.57 0.00 0.00 3.02 2.98 3.34 4.40 2.72 2.91 4643394
5.05 3.01 5.03 0.00 5.84 6.00 3.16 4.38 0.00 6.31 6.86 0.00 4.17 5.55 5.82 5.68 2.15 3.85 0.00 9.01 5.10 5.95 10.12 5.58 0.00 0.00 3.00 2.98 3.42 4.42 2.68 2.87 4656484
4.91 3.01 5.02 0.00 5.81 5.99 3.16 4.37 0.00 6.33 6.85 0.00 4.40 5.54 5.83 5.67 2.15 3.86 7.16 9.03 5.08 5.89 10.29 5.59 0.00 0.00 3.00 2.97 3.29 4.48 3.39 2.83 4669574
4.90 3.01 5.02 0.00 5.84 6.13 3.17 4.38 0.00 6.31 6.82 0.00 0.00 5.56 5.83 5.68 2.16 3.84 0.00 9.04 5.09 5.98 10.30 5.61 0.00 2.08 2.99 2.97 3.46 4.68 2.64 2.81 4682664
4.90 3.00 5.02 0.00 5.91 5.99 3.18 4.37 0.00 6.33 6.87 0.00 4.97 5.55 5.82 5.68 2.16 3.85 0.00 9.02 5.10 5.92 10.84 5.60 0.00 2.08 2.99 2.94 3.42 4.40 2.70 2.87 4695754
4.89 3.01 5.01 0.00 5.86 6.01 3.02 4.37 0.00 6.34 7.01 0.00 5.06 5.55 5.83 5.68 2.16 3.85 7.16 9.02 5.10 5.93 10.81 5.75 0.00 2.09 2.99 2.96 3.42 4.38 2.68 2.82 4708844
4.89 3.01 5.01 0.00 5.90 6.01 3.01 4.38 0.00 6.36 6.90 8.06 5.06 5.55 5.82 5.67 2.16 3.86 0.00 9.02 5.10 0.00 10.84 5.58 0.00 0.00 2.99 2.95 3.28 4.41 2.75 2.79 4721934
4.88 3.01 5.01 0.00 0.00 6.00 3.00 4.38 0.00 6.32 6.79 8.12 4.44 5.55 5.82 5.69 2.16 3.83 0.00 9.02 5.11 5.96 10.93 5.53 0.00 0.00 3.00 2.95 3.36 4.43 2.65 3.11 4735024
4.88 3.01 5.00 0.00 0.00 6.02 3.01 4.38 0.00 6.32 6.90 8.12 4.62 5.56 5.83 5.66 2.15 3.83 0.00 9.02 5.10 0.00 10.21 5.49 0.00 0.00 2.98 2.95 3.32 4.39 2.67 3.55 4748114
4.89 3.01 5.00 0.00 6.09 6.00 3.01 4.38 0.00 6.32 6.97 0.00 4.15 5.55 5.81 5.65 2.16 3.84 7.13 9.02 5.09 5.99 10.45 5.50 0.00 2.09 2.99 2.96 3.45 4.41 2.67 2.85 4761204
4.91 3.01 5.00 0.00 6.28 6.12 3.00 4.38 0.00 6.31 7.02 8.15 4.27 5.55 5.82 5.65 2.15 3.84 7.17 9.02 5.07 5.72 10.24 0.00 0.00 2.10 2.99 2.95 3.36 4.51 2.63 2.78 4774294
4.92 3.01 5.00 0.00 6.41 6.11 3.00 4.37 0.00 6.31 6.92 7.96 0.00 5.55 5.83 5.64 2.16 3.83 7.15 9.03 5.04 0.00 10.24 5.38 0.00 0.00 2.99 2.95 3.35 4.50 2.72 2.83 4787384
4.94 3.01 5.00 0.00 6.00 6.00 3.01 4.38 0.00 6.34 6.83 7.95 4.27 5.56 5.83 5.64 2.15 3.85 7.16 9.04 5.05 0.00 10.09 5.30 0.00 0.00 3.00 2.96 3.36 4.40 2.66 2.83 4800474
4.94 3.01 4.99 0.00 6.06 5.99 3.00 4.38 0.00 6.36 6.93 8.11 4.39 5.53 5.84 0.00 2.15 3.83 7.11 9.03 5.06 0.00 10.20 5.39 0.00 2.72 2.99 2.97 3.33 4.39 2.62 2.92 4813564
4.90 3.01 4.99 0.00 5.99 6.00 3.01 4.37 0.00 6.36 6.85 7.87 4.53 5.55 5.83 0.00 2.14 3.84 0.00 9.03 5.11 0.00 10.11 5.35 0.00 2.42 2.98 2.96 3.29 4.47 2.66 2.78 4826654
4.92 3.02 4.98 0.00 5.98 6.01 3.02 4.33 5.39 6.36 6.97 7.88 4.27 5.56 5.83 5.64 2.16 3.84 0.00 9.04 5.14 0.00 10.08 5.38 0.00 2.43 2.98 2.96 3.40 4.49 2.68 2.78 4839744
4.92 3.01 4.97 0.00 0.00 6.01 3.00 4.36 0.00 6.31 6.91 7.97 4.93 5.57 5.82 5.62 2.16 3.85 0.00 9.05 5.10 6.44 10.03 5.46 0.00 2.09 2.98 2.96 3.40 4.49 2.64 2.80 4852834
4.96 3.01 4.97 0.00 0.00 6.16 3.03 4.38 0.00 6.41 6.87 8.03 4.31 5.55 5.82 5.63 2.15 3.85 0.00 9.05 5.44 5.73 10.23 5.54 0.00 2.03 2.98 2.97 3.29 4.64 2.67 2.80 4865924
4.87 3.00 4.96 0.00 6.09 6.07 2.97 4.37 0.00 6.33 7.01 0.00 4.23 5.56 5.83 0.00 2.16 3.86 7.17 9.05 5.12 0.00 10.06 5.48 0.00 2.04 2.97 2.95 3.38 4.44 2.66 3.32 4879014
4.92 3.01 4.97 0.00 0.00 6.24 2.99 4.42 0.00 6.29 6.95 0.00 4.44 5.56 5.85 5.63 2.16 3.86 0.00 9.03 5.11 5.74 10.16 5.66 0.00 2.08 2.97 2.96 3.36 4.42 2.70 2.78 4892104
4.92 3.00 4.96 0.00 5.88 6.21 2.99 4.77 5.24 6.35 6.92 8.07 4.25 5.55 5.84 0.00 2.16 3.86 7.08 9.04 5.11 0.00 0.00 0.00 0.00 2.10 2.97 2.99 3.32 4.38 2.67 2.82 4905193
4.96 3.01 4.96 0.00 5.89 6.14 3.11 4.59 0.00 6.37 6.87 0.00 4.22 5.56 5.83 5.56 2.15 3.81 7.14 9.04 5.12 0.00 10.15 4.78 0.00 2.05 2.97 3.08 3.31 4.81 2.76 0.00 4918284
4.92 3.01 4.97 0.00 5.80 6.20 3.14 4.75 0.00 6.32 6.93 0.00 4.65 5.57 5.81 6.29 2.14 3.82 6.99 9.04 5.09 6.00 9.98 5.78 0.00 2.06 3.00 3.08 3.38 4.42 2.68 2.85 4931373
4.93 3.01 4.97 0.00 6.10 6.33 3.11 4.28 0.00 6.29 6.85 0.00 4.29 5.55 5.84 5.67 2.17 3.83 7.00 9.01 5.08 5.73 9.85 4.73 0.00 2.42 3.00 3.04 3.31 4.40 2.68 2.77 4944463
4.94 3.01 4.97 0.00 6.02 6.26 3.12 4.42 5.23 6.42 6.96 7.85 4.23 5.54 5.82 5.81 2.14 3.73 7.02 9.05 5.16 5.67 9.94 0.00 0.00 2.70 3.03 3.09 3.44 4.34 2.83 2.74 4957553
4.95 3.01 4.99 0.00 6.02 6.38 0.00 4.31 0.00 6.34 7.04 8.58 4.30 5.95 5.84 5.54 2.09 4.08 7.03 8.99 5.15 5.76 9.75 4.45 0.00 0.00 3.02 3.07 3.43 4.49 2.65 2.90 4970643
5.08 3.00 4.96 0.00 6.42 6.31 3.05 0.00 5.24 6.33 7.08 8.15 4.28 5.64 5.97 5.59 2.08 3.82 6.99 8.83 5.16 5.73 9.81 4.39 0.00 2.48 3.00 3.31 3.34 4.37 2.64 2.74 4983733
4.89 3.00 4.99 0.00 6.22 6.40 3.11 4.72 0.00 6.37 7.00 0.00 4.39 5.62 5.91 6.18 2.08 3.71 6.93 8.80 5.12 5.67 10.01 0.00 0.00 0.00 2.94 0.00 3.33 4.60 2.68 2.90 4996824
4.96 3.01 5.00 0.00 6.11 6.41 3.05 4.46 5.25 6.35 7.07 7.90 4.14 5.74 6.01 5.55 2.08 3.79 7.00 9.06 5.23 5.69 10.04 5.33 0.00 2.03 2.83 3.12 3.62 4.51 2.63 2.83 5009914
5.04 3.00 4.97 3.88 6.21 6.44 3.01 4.27 5.28 6.44 6.93 8.10 4.53 5.65 5.92 5.67 2.07 3.76 7.00 8.91 5.24 0.00 10.16 4.74 0.00 2.26 2.78 3.22 3.48 4.72 2.64 2.89 5023004
5.06 3.01 4.90 3.51 6.28 6.68 2.96 4.27 5.41 2.81 7.01 8.18 4.64 5.72 5.90 5.65 2.11 3.67 7.00 9.03 5.43 5.57 10.11 4.87 0.00 0.00 2.85 3.13 3.21 4.38 2.64 2.80 5036094
4.94 3.02 4.89 0.00 6.37 6.46 3.08 4.35 5.21 6.49 7.30 7.79 4.71 5.72 6.04 5.65 2.08 3.61 7.00 9.12 5.25 5.59 10.22 0.00 0.00 2.15 2.78 3.11 3.26 4.44 2.72 3.00 5049184
5.23 2.98 4.87 0.00 6.15 6.46 2.98 4.13 0.00 6.52 6.97 0.00 4.48 5.09 6.04 5.70 2.08 3.71 7.02 9.33 5.29 0.00 9.59 4.93 0.00 2.46 2.73 3.12 3.27 4.39 2.66 2.78 5062273
5.00 3.00 4.80 3.25 6.28 6.53 2.94 4.24 0.00 6.66 6.75 8.21 4.91 5.80 6.08 6.36 2.07 3.69 6.98 9.09 5.21 0.00 9.78 5.66 0.00 2.67 2.78 3.00 3.21 4.41 2.66 2.90 5075363
4.90 2.99 5.04 3.22 6.32 6.71 3.00 4.32 0.00 6.69 6.99 7.91 4.79 5.72 6.09 5.77 2.08 3.67 6.97 8.97 5.60 6.02 9.93 0.00 0.00 2.15 2.67 2.93 3.28 4.34 2.73 2.87 5088453
4.88 3.00 4.76 3.64 6.25 6.79 3.09 4.15 5.24 6.66 7.00 7.94 4.72 5.83 6.14 5.79 2.04 3.59 6.97 8.99 5.32 0.00 10.45 4.41 0.00 2.12 2.73 3.63 3.17 4.27 2.58 3.16 5101544
4.97 2.99 4.69 3.42 6.33 6.70 3.02 4.61 5.34 6.70 6.97 7.86 4.87 5.86 6.20 5.87 2.84 3.62 6.98 9.03 5.33 0.00 9.23 0.00 0.00 0.00 2.73 2.93 3.13 4.31 2.76 2.74 5114633
5.27 3.00 4.63 0.00 6.43 6.66 2.98 4.31 0.00 6.71 7.14 8.29 4.56 5.85 6.18 5.90 2.76 3.56 6.96 8.96 5.26 0.00 8.25 4.45 0.00 2.16 2.71 3.16 3.24 4.36 2.83 2.88 5127723
5.03 3.02 4.78 3.86 6.38 6.79 2.95 4.29 0.00 6.80 6.96 8.42 4.58 5.99 6.29 5.93 2.83 4.21 6.98 8.99 5.26 6.16 10.41 3.85 0.00 2.58 2.74 2.99 3.23 4.45 2.79 2.93 5140814
5.04 3.00 4.59 3.42 7.18 6.68 3.01 4.64 0.00 6.89 6.89 7.79 4.69 5.83 6.36 6.07 2.76 3.55 6.96 8.91 5.44 5.64 10.49 5.85 0.00 2.15 2.95 2.96 3.08 4.35 2.80 2.98 5153904
4.96 2.98 4.93 3.48 6.70 6.76 3.01 4.26 0.00 6.84 6.97 7.80 4.79 5.93 6.28 6.41 2.96 3.61 6.96 8.98 5.42 5.44 7.54 4.72 0.00 2.01 2.77 2.95 3.20 4.44 2.88 2.97 5166993
4.85 3.00 4.65 3.25 6.51 6.80 2.90 4.47 0.00 6.89 7.15 7.65 4.56 5.93 6.28 5.99 0.00 4.30 7.00 9.01 5.29 6.38 10.55 4.43 0.00 2.05 2.70 2.96 3.20 4.39 2.83 2.97 5180084
4.87 2.95 4.79 3.48 6.62 6.84 2.88 4.29 0.00 6.89 7.05 7.91 4.72 5.93 6.22 6.05 2.06 4.15 6.97 9.02 5.36 5.71 2.88 0.00 0.00 2.08 2.71 3.55 3.25 4.25 2.84 3.03 5193173
5.10 3.04 4.28 3.48 6.78 7.16 2.98 4.24 5.19 6.95 7.08 8.42 4.66 5.98 6.31 6.17 0.00 3.56 6.97 8.99 5.36 5.64 6.29 4.62 0.00 2.12 2.72 2.89 3.25 4.26 2.86 2.99 5206263
4.90 2.98 4.73 0.00 6.76 6.75 2.86 4.35 5.13 6.82 7.08 0.00 4.98 5.91 6.32 6.04 0.00 3.81 7.00 8.95 5.45 5.60 9.30 4.47 0.00 2.12 2.83 3.20 3.25 4.29 2.97 3.36 5219353
5.02 3.03 4.30 3.45 6.56 6.85 3.03 4.34 5.20 6.78 7.26 0.00 4.57 6.03 6.33 6.10 0.00 3.81 6.97 8.94 5.36 5.62 10.32 4.87 0.00 2.09 2.89 2.78 3.13 4.39 2.89 3.18 5232444
4.96 3.00 4.18 3.20 6.99 6.75 2.90 4.44 0.00 6.81 7.09 7.83 4.72 5.92 6.49 6.16 2.73 3.56 6.95 9.01 5.36 0.00 0.00 4.59 0.00 0.00 2.72 2.83 3.19 4.30 2.97 3.01 5245533
5.04 2.97 4.39 3.20 6.57 6.80 2.96 4.43 5.21 6.88 7.08 8.45 4.81 5.93 6.46 6.13 2.99 3.80 6.92 8.99 5.38 5.66 4.29 4.56 0.00 2.10 2.73 2.92 3.15 4.15 2.98 3.29 5258623
4.91 2.94 4.49 3.26 6.66 6.89 2.94 5.00 0.00 6.83 7.08 7.68 5.14 6.01 6.44 6.76 2.57 4.43 6.67 8.93 5.35 5.54 10.52 3.95 0.00 0.00 2.72 2.80 3.25 4.26 3.00 3.05 5271714
4.84 3.00 3.93 3.16 6.72 6.86 2.90 4.58 5.34 5.93 7.16 7.66 5.13 6.04 6.49 6.19 2.76 3.80 6.96 8.98 0.00 5.70 0.00 4.41 0.00 0.00 2.80 2.70 3.00 4.34 3.03 3.11 5284803
4.92 2.97 4.04 3.19 6.88 6.84 2.94 4.24 0.00 6.93 6.94 7.59 4.73 6.05 6.41 6.17 0.00 3.53 6.92 8.99 5.46 0.00 5.94 4.35 0.00 0.00 2.72 2.76 3.15 4.23 3.01 3.04 5297893
5.00 2.96 3.94 3.31 0.00 6.85 2.97 4.18 5.27 6.85 7.12 7.72 4.71 6.02 6.51 6.23 2.31 3.58 6.78 8.98 5.42 5.68 2.25 0.00 0.00 2.69 2.89 2.71 3.15 4.35 2.99 3.15 5310983
5.05 2.99 4.02 3.29 6.74 6.92 2.96 4.26 0.00 6.63 7.11 7.68 4.85 6.06 6.53 6.37 0.00 3.68 6.58 8.99 5.39 5.53 3.40 4.15 0.00 2.01 2.90 2.61 3.29 4.31 3.04 3.11 5324073
4.95 2.99 4.18 3.21 6.88 6.99 3.04 4.75 0.00 6.86 7.10 8.22 4.98 6.07 6.50 6.23 2.00 3.70 6.95 8.99 5.49 0.00 4.16 5.18 0.00 0.00 2.87 2.80 3.18 4.22 2.74 3.13 5337163
4.94 2.98 3.83 2.76 6.66 6.95 3.02 4.39 5.19 6.85 7.13 7.81 4.93 6.09 6.68 6.34 0.00 3.62 6.95 8.86 5.10 0.00 2.25 3.94 0.00 2.19 2.85 2.77 3.16 4.34 3.02 3.12 5350253
4.92 3.14 3.91 3.18 6.70 7.05 2.92 4.35 0.00 6.97 7.09 7.57 4.83 6.03 6.51 6.30 2.77 3.64 6.66 8.90 5.40 5.72 10.43 4.38 0.00 2.06 3.01 2.75 3.12 4.39 3.07 3.09 5363344
4.95 3.00 3.93 3.37 6.76 6.99 2.86 4.43 5.21 6.81 0.00 8.08 4.96 6.02 6.60 6.43 2.69 3.90 6.66 8.92 5.59 5.69 10.63 0.00 0.00 2.61 2.88 2.77 3.25 4.35 3.11 3.13 5376434
5.01 3.00 3.94 3.27 6.62 7.05 2.91 4.23 5.15 6.93 7.07 7.62 4.86 5.98 6.78 6.42 2.80 3.53 7.50 8.98 5.41 5.75 2.67 4.22 0.00 2.08 3.14 2.75 3.32 4.31 3.01 3.23 5389523
5.03 2.97 3.98 3.11 6.62 7.10 2.87 4.37 5.34 6.91 7.15 7.85 5.00 6.04 6.59 6.38 2.80 3.97 6.45 8.81 5.47 5.54 2.33 3.85 0.00 0.00 2.92 2.55 3.17 4.30 3.04 3.20 5402613
4.98 2.99 3.97 3.11 6.78 7.06 2.86 4.32 5.38 7.05 7.11 7.65 4.97 6.01 6.58 6.32 2.17 3.58 6.73 8.91 5.50 5.65 10.74 4.62 0.00 0.00 3.11 2.79 3.33 4.51 3.09 3.64 5415704
4.99 3.00 3.90 3.24 6.69 7.05 2.98 4.25 0.00 6.94 7.22 7.53 4.94 6.08 6.65 6.35 2.81 3.59 6.79 8.96 5.44 0.00 10.47 4.34 0.00 2.19 2.96 3.07 3.23 4.46 3.12 3.25 5428794
4.91 3.00 4.03 2.85 6.74 7.14 2.93 4.29 5.16 6.94 7.14 7.63 5.06 5.96 6.58 6.32 2.66 4.18 6.92 8.94 5.47 5.63 0.00 3.95 0.00 0.00 3.17 2.76 3.62 4.36 3.07 3.15 5441883
5.07 3.02 4.07 2.90 7.45 7.18 2.94 4.31 5.15 6.99 7.30 7.74 5.02 6.11 6.69 6.34 2.93 3.71 6.90 8.99 5.45 5.46 7.91 5.84 0.00 2.20 2.87 2.95 3.27 4.63 3.08 3.14 5454973
5.12 3.00 4.10 3.16 7.00 7.08 2.91 4.31 5.17 6.98 7.35 7.47 5.16 6.06 6.59 6.30 2.03 3.47 6.87 8.98 5.45 5.48 5.47 5.07 0.00 2.23 2.97 2.82 3.47 4.36 3.10 3.12 5468063
5.07 3.02 3.83 2.88 6.77 7.19 2.95 4.33 5.17 7.04 7.23 8.05 5.02 6.05 6.62 6.46 0.00 3.74 6.29 9.00 5.00 0.00 10.36 0.00 0.00 2.04 2.87 2.90 3.16 4.44 3.11 3.17 5481154
4.90 3.01 3.84 3.21 7.29 7.13 2.91 4.61 0.00 7.00 7.27 7.39 4.56 6.15 0.00 6.36 2.73 4.00 6.28 8.97 5.44 5.61 10.54 3.91 0.00 0.00 3.14 3.38 3.18 4.38 3.20 3.27 5494244
5.03 3.00 3.90 3.25 6.90 7.24 2.94 4.26 5.36 7.01 7.18 7.36 4.87 6.16 6.85 6.38 2.65 3.57 6.30 8.99 5.48 0.00 9.80 5.26 0.00 2.04 3.12 2.89 3.09 4.56 3.18 3.31 5507333
4.90 3.02 3.88 3.47 6.68 7.21 2.95 4.35 5.30 7.03 7.13 7.46 4.78 5.26 6.64 6.45 2.23 3.60 6.32 9.00 5.36 5.43 10.42 4.26 0.00 2.02 2.91 2.76 3.08 4.43 3.14 3.20 5520424
4.88 3.00 3.82 0.00 6.78 7.13 2.93 4.46 0.00 7.03 7.18 7.50 4.85 6.18 6.61 6.46 2.45 3.81 6.37 8.99 5.40 5.41 9.81 4.79 0.00 0.00 2.93 2.67 3.06 4.47 3.12 3.42 5533513
5.04 3.02 3.82 0.00 6.92 7.41 2.93 4.59 0.00 7.04 7.62 0.00 4.66 6.06 6.62 6.83 2.05 3.56 6.87 8.98 5.35 0.00 10.41 4.83 0.00 0.00 2.90 2.68 3.18 4.52 3.12 3.08 5546604
4.97 3.01 3.83 0.00 6.91 7.17 2.93 4.32 5.32 7.11 7.35 7.40 4.88 6.11 6.70 6.40 0.00 3.65 6.89 8.94 5.41 5.36 10.32 4.48 0.00 2.18 3.06 2.74 3.14 4.57 3.20 3.06 5559694
5.00 3.00 3.83 0.00 6.98 7.16 2.91 4.53 5.21 7.12 7.14 7.76 5.08 6.18 6.74 7.24 2.80 3.51 6.34 8.98 5.36 5.51 10.29 4.45 0.00 2.32 3.04 2.87 3.23 4.46 3.15 3.16 5572784
4.99 3.01 3.95 0.00 6.93 7.33 2.89 4.57 5.21 7.08 7.21 7.58 0.00 6.26 6.70 6.49 2.45 3.57 6.48 8.96 5.64 5.40 11.00 5.08 0.00 0.00 3.04 2.99 3.30 4.50 3.50 3.59 5585874
4.92 3.00 4.06 3.11 7.43 7.24 2.92 4.47 5.19 7.05 7.18 7.54 5.20 6.39 6.86 6.54 0.00 3.57 6.88 8.93 5.51 0.00 10.51 5.21 0.00 0.00 3.02 2.50 3.25 4.54 3.16 3.81 5598964
4.93 3.00 4.08 3.44 6.85 7.30 2.93 4.53 5.25 7.06 7.17 7.43 4.75 6.13 6.68 6.48 0.00 3.59 6.78 8.96 5.40 5.37 10.52 0.00 0.00 2.05 2.98 2.58 3.32 4.70 3.12 3.17 5612054
4.96 3.00 3.78 2.88 6.79 7.18 2.91 4.61 5.20 7.09 7.23 7.39 5.19 6.14 6.75 6.59 0.00 3.56 6.34 8.94 5.85 5.59 10.37 5.06 0.00 2.23 3.12 2.52 3.31 4.57 3.23 3.82 5625144
5.15 3.00 3.92 0.00 7.04 7.20 2.91 4.46 5.17 7.16 7.41 7.36 4.71 6.11 6.81 6.54 2.69 4.22 6.27 8.96 5.35 5.41 9.93 4.24 0.00 2.09 3.07 2.63 3.28 4.53 3.24 3.13 5638233
5.02 3.00 3.73 2.85 6.87 7.20 2.92 4.49 0.00 7.12 7.20 7.47 4.74 6.08 6.74 6.47 2.36 3.65 6.35 8.94 5.56 0.00 10.48 4.55 0.00 2.03 3.00 2.56 3.35 4.87 3.17 3.63 5651324
4.97 2.98 3.73 2.86 7.21 7.29 2.94 4.59 5.20 7.08 7.23 7.42 5.17 6.16 6.77 6.48 2.71 3.53 6.20 8.94 5.52 5.31 3.06 3.84 0.00 2.01 3.01 3.34 3.34 4.71 3.29 3.21 5664413
4.98 3.02 3.75 2.81 7.08 7.21 2.96 4.42 5.41 7.05 7.17 0.00 5.08 6.09 6.81 6.74 2.67 3.67 6.33 8.94 5.44 5.24 10.98 4.37 0.00 2.51 3.08 2.94 3.32 4.60 3.21 3.33 5677504
4.93 3.01 3.69 2.85 6.80 7.31 2.92 4.49 5.40 7.17 7.34 7.64 4.87 6.09 6.80 6.67 2.68 3.56 6.35 8.98 5.45 5.53 10.28 3.96 0.00 2.65 3.01 2.63 3.55 4.68 3.25 3.15 5690594
5.09 3.00 3.67 2.86 6.92 7.30 2.96 4.71 5.25 7.09 7.14 7.37 4.82 6.20 6.81 6.69 0.00 3.74 6.31 8.97 5.37 5.54 10.27 4.23 0.00 2.07 2.98 2.59 3.56 4.69 3.26 3.20 5703684
5.00 3.00 3.66 3.44 7.24 7.24 2.94 4.98 5.39 7.12 7.23 7.62 4.82 6.15 6.78 6.61 2.64 3.54 6.24 8.96 5.41 5.30 10.31 4.46 0.00 2.55 2.98 2.62 3.35 4.75 3.21 3.15 5716774
5.35 3.01 3.66 2.87 6.93 7.31 3.66 4.47 5.31 7.11 7.09 7.42 4.79 6.11 7.06 6.92 2.72 3.65 7.20 8.97 5.52 0.00 8.98 2.70 0.00 2.67 3.01 2.74 3.30 4.75 3.21 3.45 5729863
5.11 2.99 3.69 2.92 6.93 7.37 2.92 4.47 5.17 7.14 7.29 7.34 5.18 6.33 6.80 6.59 0.00 3.55 6.31 8.99 5.64 0.00 10.24 4.53 0.00 2.03 3.01 2.67 3.38 4.70 3.27 3.29 5742954
5.25 2.98 3.76 3.81 7.02 7.32 2.95 4.45 5.31 7.12 7.27 7.57 4.73 6.24 7.54 6.63 0.00 3.59 6.89 8.97 5.41 0.00 7.52 4.30 0.00 2.01 3.18 2.95 3.36 4.65 3.22 3.14 5756043
5.13 2.96 3.71 0.00 7.07 7.39 2.93 4.56 5.38 7.11 7.22 7.46 4.81 6.19 6.98 7.24 2.76 3.67 6.57 8.95 5.49 0.00 10.36 4.56 0.00 2.63 3.13 2.98 3.45 4.70 3.24 3.58 5769134
5.11 2.98 3.70 5.37 6.98 7.39 3.17 4.34 5.12 7.15 7.12 7.19 5.09 6.24 6.97 6.85 2.37 3.63 6.27 8.90 5.40 5.09 2.22 4.67 0.00 2.23 2.98 2.99 3.33 4.71 3.24 3.23 5782223
5.28 3.12 3.78 2.87 7.11 7.49 3.02 4.44 5.28 7.24 7.14 7.42 5.38 6.17 6.81 6.64 2.09 3.65 6.29 8.95 5.79 5.03 2.18 4.92 0.00 2.01 2.90 2.65 3.37 4.61 3.30 3.13 5795313
5.18 3.20 3.92 3.33 7.81 7.48 2.99 4.46 0.00 7.18 7.13 7.39 4.71 6.34 6.82 6.66 2.75 3.60 6.29 8.99 5.41 5.10 8.65 2.99 0.00 0.00 2.93 2.94 3.57 4.64 3.27 3.15 5808403
5.18 3.06 3.76 0.00 6.94 7.41 2.94 4.39 5.25 7.22 7.49 7.23 4.63 6.32 6.81 6.71 2.71 3.48 6.54 8.87 5.41 4.88 4.12 4.51 0.00 2.06 2.88 2.66 3.59 4.69 3.29 3.14 5821493
5.42 2.99 3.72 3.13 7.06 7.46 2.95 4.37 5.23 7.48 7.17 7.54 4.84 6.30 6.84 7.21 2.66 3.61 6.67 9.00 5.66 5.00 9.88 4.62 0.00 2.37 2.93 3.10 3.61 4.77 3.40 3.25 5834583
5.28 2.99 3.65 3.24 7.07 7.58 2.91 4.67 5.18 7.24 7.23 7.12 5.09 6.45 6.90 6.81 0.00 3.45 6.45 8.95 5.26 4.94 10.72 4.75 0.00 2.28 2.86 2.79 3.47 4.86 3.51 3.24 5847674
5.24 2.99 3.67 3.31 7.48 7.49 2.83 4.34 5.17 6.68 7.17 7.08 4.71 6.38 7.01 6.69 0.00 3.73 6.63 8.97 4.99 4.75 10.16 4.28 0.00 2.02 2.86 3.03 3.47 4.76 3.28 3.25 5860764
5.15 2.99 3.75 3.43 7.16 7.56 2.86 4.36 5.21 7.27 7.15 7.16 5.13 6.60 7.18 6.74 2.54 3.66 6.41 8.99 4.47 4.92 2.13 2.77 0.00 2.78 2.84 2.75 2.93 4.80 3.32 3.30 5873853
5.13 2.97 3.66 3.47 0.00 7.51 2.79 4.42 5.17 7.16 7.41 7.07 4.82 6.39 7.03 6.73 2.73 3.67 6.38 8.99 5.20 4.53 6.36 5.01 0.00 2.50 2.88 2.73 3.48 4.83 3.31 3.26 5886943
5.22 2.97 3.71 3.49 7.14 7.63 2.85 4.49 5.15 7.25 0.00 0.00 4.76 6.50 7.07 6.85 2.91 3.83 6.47 9.00 4.71 4.59 2.39 3.96 0.00 0.00 2.83 2.71 3.82 4.98 3.32 3.28 5900033
5.18 2.99 3.69 2.75 7.24 7.63 2.75 4.27 5.28 7.31 7.27 7.53 4.78 6.51 7.05 7.52 2.03 3.71 6.50 8.99 4.95 4.18 8.64 4.28 0.00 2.30 2.84 2.82 4.03 5.76 3.36 3.22 5913123
5.19 2.98 3.92 2.83 7.25 7.61 2.80 4.48 5.26 7.26 7.43 7.12 5.14 6.34 7.17 6.89 2.07 3.92 6.44 8.98 4.54 4.39 10.19 4.75 0.00 2.52 2.93 2.93 3.94 4.85 3.44 3.25 5926214
5.29 2.99 3.66 2.81 7.17 7.55 2.80 4.46 5.29 7.27 7.33 6.99 4.98 6.39 7.05 6.84 2.93 3.50 6.56 8.96 4.37 4.42 6.32 4.33 0.00 2.36 2.98 2.72 3.94 4.94 3.38 3.36 5939303
5.15 3.02 3.63 0.00 7.27 7.65 2.87 4.56 0.00 7.34 7.20 7.21 5.25 6.34 7.12 6.98 2.06 3.75 6.40 8.94 4.50 4.17 4.51 0.00 0.00 2.08 2.90 2.70 3.77 4.98 3.49 3.28 5952393
5.78 3.16 3.56 0.00 7.35 7.61 2.73 4.29 5.15 7.31 7.69 7.22 4.97 6.53 7.16 6.90 2.84 3.63 6.53 8.97 4.16 4.04 7.91 5.29 0.00 2.04 2.88 2.77 3.77 5.00 3.40 3.34 5965483
5.12 3.02 3.82 2.80 8.04 7.64 2.75 4.35 5.21 7.25 7.38 7.07 5.22 6.64 7.14 6.92 2.78 3.51 6.38 8.98 4.13 4.01 4.32 4.62 0.00 2.35 3.08 3.38 3.75 4.77 3.49 3.29 5978573
5.74 3.00 3.68 5.26 7.85 7.52 2.71 4.36 5.19 7.36 7.16 7.06 5.06 6.49 7.23 6.93 0.00 3.74 6.55 9.02 4.18 4.18 10.11 3.73 0.00 2.68 3.05 2.85 3.82 4.87 3.46 3.30 5991664
5.20 2.97 3.55 2.82 7.39 7.59 2.77 4.77 0.00 7.32 7.21 7.49 4.78 6.49 7.16 6.88 2.94 3.67 6.08 9.02 4.14 3.99 5.50 4.39 0.00 2.09 2.98 2.83 3.77 5.18 3.45 3.31 6004753
4.97 3.04 3.57 4.41 7.40 7.54 2.73 4.50 0.00 7.29 7.27 7.10 4.86 6.55 7.26 7.18 2.57 3.70 6.12 9.01 4.03 3.67 10.14 4.14 0.00 2.44 3.01 2.78 3.65 4.95 3.48 3.41 6017844
5.16 3.10 3.63 3.31 7.27 7.62 2.75 4.59 5.18 7.32 7.17 7.08 4.97 7.20 7.19 7.01 2.07 3.77 6.42 8.98 3.95 3.91 10.18 4.97 0.00 0.00 3.13 2.97 3.47 4.75 3.50 3.35 6030934
5.24 2.95 3.61 0.00 7.58 7.55 2.76 4.40 5.22 7.31 7.16 7.18 5.09 6.48 7.34 6.93 0.00 3.64 6.50 9.00 3.93 3.88 10.12 5.64 0.00 2.22 3.03 2.90 3.49 5.15 3.51 3.46 6044024
5.03 2.97 3.64 0.00 7.37 7.67 2.89 4.55 5.20 7.26 7.15 7.11 4.79 6.50 7.24 7.21 0.00 3.93 6.33 8.98 4.21 3.99 10.12 5.25 0.00 2.06 2.99 2.91 3.47 4.77 3.48 3.33 6057114
5.19 2.98 3.59 4.80 8.34 7.81 2.73 4.40 5.20 7.25 7.06 7.30 4.76 6.98 7.16 7.08 2.96 3.91 6.28 8.99 3.89 4.00 2.93 4.54 0.00 2.04 3.10 2.91 3.47 4.80 3.45 3.24 6070203
5.23 2.97 3.69 3.47 7.53 7.68 3.07 4.67 0.00 7.33 7.57 7.56 4.84 6.52 7.55 7.02 2.34 3.72 6.17 8.97 3.86 3.98 0.00 4.33 0.00 0.00 3.02 2.97 3.55 4.87 3.42 3.32 6083293
5.26 2.95 3.60 3.36 7.52 7.74 2.94 4.49 5.23 7.37 7.07 7.17 5.05 6.52 7.28 6.97 0.00 3.58 6.23 8.98 3.77 3.77 10.41 4.46 0.00 0.00 3.08 2.97 3.59 4.72 3.44 3.33 6096384
5.00 3.00 3.62 0.00 7.49 7.65 2.71 4.62 5.25 7.31 7.15 7.08 4.97 6.45 7.28 6.98 0.00 3.66 6.30 8.95 3.73 3.77 10.13 4.28 0.00 2.49 3.08 2.90 3.50 4.86 3.42 3.35 6109474
5.26 2.97 3.66 0.00 7.26 7.65 2.78 4.56 0.00 7.32 7.10 6.97 4.95 6.59 7.45 7.07 0.00 3.93 6.30 8.99 3.85 3.80 9.97 4.55 0.00 2.48 3.09 2.91 3.59 4.78 3.47 3.31 6122563
5.03 2.96 3.68 4.96 7.72 7.71 2.69 4.46 5.28 7.33 7.12 7.69 5.20 5.98 7.43 7.11 2.87 3.86 6.27 8.98 3.73 3.72 10.04 4.37 0.00 2.02 3.19 3.05 3.47 4.76 3.39 3.32 6135654
5.15 2.97 3.66 0.00 7.53 8.58 2.74 4.58 0.00 7.43 7.12 7.07 5.11 5.74 7.72 7.25 0.00 3.85 6.19 8.99 3.76 4.04 9.95 4.48 0.00 0.00 3.86 3.08 3.58 4.71 3.35 3.41 6148743
5.04 2.94 3.95 3.51 7.33 8.50 2.75 4.35 0.00 7.36 7.09 7.24 4.88 6.57 7.36 7.10 0.00 3.85 6.62 8.99 3.58 3.86 6.48 4.40 0.00 2.01 3.11 2.95 3.49 4.84 3.37 3.30 6161833
5.10 3.06 3.69 5.15 7.41 7.87 2.76 4.55 5.20 7.36 7.41 7.15 4.60 6.56 7.33 7.08 2.73 3.77 6.54 8.97 3.62 4.12 9.95 0.00 0.00 0.00 3.38 0.00 3.49 4.77 3.34 3.41 6174923
5.24 2.93 3.65 4.96 7.50 7.84 3.00 4.55 5.21 7.38 7.14 7.02 4.75 6.65 7.30 7.31 0.00 4.02 6.37 8.98 3.61 3.59 10.11 4.49 0.00 2.38 3.10 3.02 3.59 4.86 3.65 3.33 6188014
5.46 2.94 3.68 0.00 7.52 7.79 2.86 4.43 5.19 7.39 7.02 7.04 5.29 6.67 7.45 7.16 0.00 3.77 6.40 8.92 3.54 3.79 10.33 3.22 0.00 2.01 3.22 2.91 3.65 4.85 3.37 3.43 6201104
5.05 2.97 3.76 0.00 7.76 7.94 2.78 4.49 5.20 7.43 7.20 6.91 5.04 6.64 7.34 7.09 2.01 3.82 6.27 8.95 3.55 3.58 9.07 4.76 0.00 2.12 3.25 3.63 3.51 4.85 3.43 3.37 6214193
5.15 3.01 3.66 4.95 8.25 7.89 2.81 4.52 0.00 7.49 7.15 6.97 4.85 6.72 7.43 7.35 2.63 3.64 6.15 9.02 3.73 3.79 0.00 4.95 0.00 2.62 3.27 2.74 3.63 4.75 3.31 3.39 6227283
5.08 2.98 3.84 3.01 7.54 8.01 2.82 4.50 5.20 7.47 6.91 6.98 4.84 6.82 7.55 7.13 2.36 3.64 6.34 8.93 3.55 3.60 9.74 0.00 0.00 2.14 3.37 2.85 3.81 4.77 3.36 3.50 6240373
5.71 2.99 3.76 3.22 7.80 8.28 2.95 4.65 5.27 7.27 7.03 6.82 5.19 6.50 7.56 7.11 2.09 3.70 6.61 8.99 3.44 3.78 6.01 3.97 0.00 2.08 3.51 2.95 3.50 4.93 3.42 3.81 6253463
5.07 2.88 3.84 2.79 8.12 7.98 2.91 4.43 5.20 6.61 7.02 6.92 4.90 6.73 7.69 7.28 2.46 3.70 6.36 8.90 3.35 3.52 9.46 4.42 0.00 2.25 3.33 2.69 3.68 4.89 3.53 3.46 6266553
5.12 3.01 3.76 3.17 0.00 8.04 2.90 4.49 4.21 4.86 7.05 6.94 4.99 6.64 7.62 0.00 2.64 3.65 6.39 9.00 2.54 3.64 9.56 3.54 0.00 2.29 3.31 2.77 3.57 4.97 3.45 3.33 6279643
5.11 2.96 3.85 3.09 8.18 8.10 2.49 4.74 5.19 7.35 6.14 0.00 5.07 6.22 7.59 7.39 2.60 3.80 6.31 9.00 3.52 3.83 2.36 2.16 0.00 2.12 3.46 2.91 3.05 4.88 3.47 3.43 6292733
5.25 3.05 3.82 3.07 7.87 8.24 3.14 4.62 4.66 4.17 7.08 6.71 5.28 6.54 8.29 7.29 2.92 3.75 6.53 8.91 3.36 3.68 2.85 3.86 0.00 2.88 3.28 3.05 3.53 4.85 2.98 3.52 6305823
5.22 2.97 3.90 3.34 7.91 8.12 2.90 4.81 5.35 6.03 7.11 6.71 5.24 6.65 7.62 7.32 2.02 3.91 6.65 9.02 3.24 3.87 9.48 3.61 0.00 2.24 3.34 2.68 3.56 4.87 3.54 3.52 6318913
5.31 3.00 3.90 3.47 8.72 8.21 2.95 4.61 3.18 2.84 6.54 6.69 5.23 6.58 7.77 7.46 2.99 3.61 6.53 9.01 2.97 3.77 5.95 2.54 0.00 2.08 3.15 2.65 3.62 4.79 3.56 3.56 6332003
5.71 2.83 3.87 3.54 8.27 8.23 3.05 4.67 2.55 2.94 7.09 6.71 5.34 6.72 7.75 7.48 2.51 4.12 5.19 5.81 2.62 4.01 2.79 3.68 0.00 2.23 2.99 2.55 3.69 4.95 3.55 3.43 6345093
6.33 2.90 3.82 3.69 8.17 8.16 3.15 4.81 2.72 2.66 6.40 5.76 5.48 5.08 8.10 5.64 2.26 3.84 5.57 9.12 3.16 3.88 3.02 2.32 0.00 2.16 3.23 2.58 2.84 4.92 3.61 3.58 6358183
5.39 2.86 3.88 3.03 8.32 8.23 3.16 4.80 4.76 3.80 6.97 6.41 5.42 6.52 7.98 7.49 2.71 3.74 6.01 9.19 3.08 4.00 7.78 4.41 0.00 2.15 2.95 3.25 3.83 3.73 3.45 3.66 6371273
5.56 2.91 3.93 2.85 8.29 8.24 3.19 5.26 4.14 2.78 6.98 6.99 5.45 5.24 7.83 7.68 2.73 4.00 6.46 8.98 2.88 4.02 2.82 3.29 0.00 2.15 2.81 2.70 3.68 2.54 3.74 3.65 6384363
5.37 3.00 3.95 2.81 8.21 8.24 3.15 4.89 4.55 3.83 7.04 6.56 5.43 3.92 7.97 7.70 0.00 3.66 4.95 9.11 3.12 3.67 4.17 4.02 0.00 0.00 2.77 2.64 3.77 3.42 3.12 3.64 6397453
0.00 3.01 3.98 2.87 8.24 8.24 3.05 5.14 3.35 2.70 5.15 6.43 5.52 4.23 8.03 8.01 2.41 3.65 5.64 8.93 3.05 4.08 2.38 3.93 0.00 2.64 3.16 2.73 3.69 4.35 3.19 3.58 6410543
3.15 2.86 3.85 2.09 8.24 6.02 2.98 5.06 2.99 3.28 5.32 6.42 5.62 2.29 8.23 7.78 2.04 3.80 6.63 8.80 3.14 4.12 3.61 2.12 0.00 2.38 3.11 2.60 3.76 4.14 3.78 3.77 6423633
5.45 2.77 3.93 2.47 6.97 4.48 3.54 5.19 4.97 3.00 6.54 6.51 5.84 3.21 8.20 7.76 2.31 3.58 3.49 8.84 3.16 4.16 3.64 0.00 0.00 2.20 2.49 2.71 3.42 4.27 3.78 3.74 6436723
5.38 2.86 4.00 2.82 8.26 5.76 3.00 2.79 2.50 2.85 4.86 6.50 5.77 2.59 8.00 7.82 2.25 3.26 4.18 8.92 3.08 4.17 3.33 2.11 0.00 2.03 2.82 2.85 2.50 5.05 4.08 3.70 6449813
5.60 2.80 3.94 2.73 8.28 7.18 3.14 3.77 2.76 2.74 3.66 6.41 0.00 4.96 8.27 7.82 2.11 4.05 6.33 9.08 3.23 4.20 3.08 3.11 0.00 2.17 2.63 2.70 2.72 4.96 3.86 3.01 6462903
5.87 2.93 4.18 2.58 8.26 5.81 3.34 3.50 3.17 2.22 3.20 5.69 5.56 2.62 8.63 7.95 2.01 4.54 3.49 8.85 3.30 4.74 2.64 2.36 0.00 2.19 2.62 2.68 3.25 4.62 4.12 3.85 6475993
5.68 2.91 4.14 2.70 8.28 8.23 3.31 5.55 3.61 2.29 3.23 3.42 5.68 2.74 8.42 7.90 2.15 4.16 4.62 8.58 3.27 0.00 2.61 2.43 0.00 2.04 2.97 2.68 3.32 3.95 4.29 3.78 6489083
6.09 2.95 4.21 2.65 8.31 4.86 3.11 2.83 2.45 2.71 4.18 6.00 5.66 2.42 4.68 6.83 2.96 4.06 5.00 5.84 3.31 4.48 3.15 3.57 0.00 2.10 2.34 3.13 2.41 5.15 4.19 3.90 6502173
5.26 2.91 4.24 2.87 8.26 6.28 2.88 5.66 3.47 3.41 4.48 6.08 5.95 3.91 7.49 7.95 2.32 3.92 2.32 2.41 2.90 4.39 3.34 3.30 0.00 2.29 2.85 2.77 3.44 4.97 3.93 3.33 6515263
5.37 2.91 4.10 2.24 4.97 6.43 2.54 5.66 3.36 2.26 4.47 3.05 2.57 3.55 8.40 8.15 2.94 2.39 4.74 8.91 2.81 4.61 4.49 2.80 0.00 2.09 3.37 2.73 3.85 5.17 3.72 3.94 6528353
2.90 2.95 4.13 2.89 5.29 4.80 2.84 4.35 3.16 2.54 3.45 4.31 3.32 2.39 8.93 8.23 2.48 4.13 2.61 9.06 2.97 4.59 3.73 2.95 0.00 2.30 3.29 2.92 2.38 5.08 3.43 4.04 6541443
5.78 2.52 4.31 2.33 7.44 3.03 3.20 6.09 3.06 2.50 2.98 5.58 4.10 2.80 8.59 6.81 2.04 4.25 4.54 9.38 3.12 0.00 2.89 2.84 0.00 2.45 3.48 2.89 2.77 4.78 4.31 3.70 6554533
5.50 2.90 4.32 2.88 5.98 7.12 2.47 5.70 2.55 2.71 3.38 5.82 6.11 2.81 3.35 0.00 2.32 3.85 4.09 9.06 2.41 4.84 4.53 3.81 0.00 2.49 3.72 2.85 3.64 3.49 3.93 4.04 6567623
5.69 2.78 4.35 2.45 5.87 2.99 3.38 4.10 3.14 2.14 3.93 4.66 6.19 4.00 6.74 3.14 2.25 3.62 2.29 2.14 2.87 4.61 3.69 4.93 0.00 2.58 3.11 2.70 2.78 5.39 4.36 3.99 6580713
5.64 2.97 3.32 2.48 8.52 3.95 2.69 5.11 2.89 2.64 3.49 5.29 4.79 2.39 7.79 2.51 2.19 3.82 3.66 7.13 2.28 4.59 5.63 2.24 0.00 2.68 2.70 2.66 3.83 5.01 4.39 4.31 6593803
0.00 2.89 4.37 2.80 8.27 2.61 3.04 4.88 3.14 2.88 3.68 3.12 5.93 2.44 8.10 3.09 2.15 3.42 4.26 9.19 3.05 4.83 2.39 3.59 0.00 2.73 2.88 2.53 3.72 4.90 3.28 4.04 6606893
0.00 2.68 4.56 2.66 3.37 3.46 2.98 5.86 2.48 2.81 4.49 4.85 5.50 2.63 7.90 2.52 2.07 4.07 3.31 9.13 2.36 4.95 2.34 3.82 0.00 2.90 3.35 2.72 2.93 5.31 3.89 4.06 6619983
0.00 2.86 4.38 2.96 8.39 2.54 3.21 2.56 2.19 2.59 3.16 4.61 3.85 3.80 8.22 0.00 0.00 3.58 3.75 9.13 2.22 2.49 4.18 4.23 0.00 2.39 2.46 2.62 3.15 3.90 4.52 4.28 6633073
0.00 2.70 4.32 2.87 8.27 4.29 3.30 3.29 2.90 2.72 2.88 5.05 4.01 3.12 6.58 8.45 2.20 3.75 3.57 8.80 3.33 5.45 2.94 4.32 0.00 2.63 3.31 2.86 2.74 3.65 4.06 4.09 6646163
4.14 2.96 4.22 2.39 8.29 5.57 3.27 4.61 2.83 2.49 3.88 3.74 5.27 5.05 6.93 8.55 2.06 2.33 4.91 6.45 3.07 2.50 3.93 3.57 0.00 2.27 2.94 3.09 2.24 3.89 4.49 4.20 6659253
2.78 2.98 4.31 2.63 8.33 4.35 2.38 4.80 2.53 2.72 3.70 4.25 5.53 4.53 7.78 6.42 2.17 3.54 5.06 9.04 2.73 5.13 2.29 3.51 0.00 2.24 2.50 2.93 2.80 4.20 4.52 4.05 6672343
0.00 2.88 4.21 2.39 8.29 7.19 3.33 5.67 2.50 2.32 3.15 3.73 6.29 3.38 3.57 7.87 2.25 3.98 5.05 4.48 2.79 5.33 5.29 4.47 0.00 2.09 2.55 2.83 4.03 3.49 4.96 4.10 6685433
0.00 2.92 4.19 2.41 8.28 8.18 3.12 5.81 2.47 2.81 3.09 4.40 5.51 3.18 7.59 7.97 2.82 4.13 4.38 8.96 2.80 5.23 3.80 0.00 0.00 2.03 2.34 3.07 3.62 3.94 3.86 4.16 6698523
5.49 2.49 4.32 2.86 8.27 4.56 2.55 2.22 2.39 2.55 3.37 3.61 6.33 2.70 6.22 6.45 2.17 3.86 2.57 9.02 2.67 4.86 4.02 4.51 0.00 2.25 2.49 2.91 3.62 5.00 4.64 4.24 6711613
0.00 3.00 4.29 2.60 8.37 4.04 3.23 5.83 2.45 2.97 3.30 3.53 5.96 2.67 7.67 7.94 2.03 3.91 5.85 7.89 3.08 5.41 2.58 4.96 0.00 2.27 2.51 2.97 4.16 2.17 4.05 4.26 6724703
0.00 2.89 4.27 2.99 8.33 7.30 3.20 5.97 2.54 2.67 2.68 3.55 6.20 5.67 7.13 8.19 2.13 3.80 4.06 9.00 2.67 5.19 2.41 2.78 0.00 0.00 2.50 2.87 4.13 5.39 4.11 4.83 6737793
0.00 3.05 4.20 3.41 8.32 8.23 3.03 5.73 2.60 2.57 3.15 3.48 5.82 4.25 7.44 7.94 2.28 4.16 6.14 9.02 2.97 5.52 7.81 0.00 0.00 2.44 2.56 3.14 3.53 5.32 3.60 5.06 6750883
2.32 3.05 4.25 3.01 5.54 4.16 2.61 4.38 2.54 2.58 3.09 3.49 5.57 6.43 7.27 7.72 2.11 4.00 6.73 0.00 3.21 5.16 6.96 4.02 0.00 2.17 2.54 2.84 3.32 4.64 4.73 4.46 6763973
0.00 3.24 4.15 3.20 8.27 6.97 3.73 5.73 2.58 2.66 3.12 3.45 5.19 5.93 7.11 7.29 2.13 4.45 5.41 9.15 3.16 0.00 9.74 4.51 0.00 2.55 2.57 3.11 4.41 5.33 4.57 4.39 6777063
0.00 2.73 4.00 2.55 8.34 8.13 3.02 6.03 2.42 2.17 3.15 3.40 5.09 5.16 7.02 7.32 2.14 4.32 5.29 9.05 2.94 5.31 4.05 2.71 0.00 2.23 2.60 2.78 4.44 4.09 3.33 4.49 6790153
5.48 2.98 4.17 3.22 8.25 7.46 0.00 5.98 2.42 2.58 3.07 3.47 5.56 4.64 6.60 7.34 2.14 3.55 3.70 9.16 3.35 5.63 10.05 3.79 0.00 2.02 2.54 2.83 4.31 5.54 4.52 4.62 6803244
0.00 2.89 4.11 2.70 8.21 7.75 3.32 5.78 2.40 2.51 3.37 3.32 4.66 2.39 6.60 6.50 2.04 4.00 5.61 9.01 3.28 5.49 3.44 3.00 0.00 2.46 2.61 2.86 4.37 5.31 4.87 5.25 6816333
0.00 2.66 4.16 3.27 8.23 6.81 3.24 5.79 2.27 2.61 3.06 3.24 5.03 5.48 6.64 6.37 2.16 4.07 6.73 9.06 2.39 5.73 5.21 2.40 0.00 0.00 2.62 3.00 4.42 5.49 5.02 4.62 6829423
0.00 2.93 4.15 2.86 8.26 8.10 3.74 5.75 2.57 2.68 2.92 3.23 4.63 5.17 6.26 6.99 2.11 3.77 5.72 9.03 3.25 4.94 4.09 5.18 0.00 2.21 2.61 3.06 4.31 5.38 4.86 4.60 6842513
0.00 2.80 4.10 2.98 8.35 8.22 3.55 5.32 2.34 2.68 2.95 3.14 4.58 4.66 6.36 6.31 2.07 3.40 5.07 9.55 3.52 0.00 4.25 3.90 0.00 2.48 2.69 3.12 4.65 5.52 5.05 5.18 6855603
0.00 3.02 4.22 2.99 8.30 4.90 3.74 5.87 2.52 2.62 3.08 3.09 4.60 4.50 6.31 6.23 2.11 3.54 6.28 9.07 2.33 5.09 3.83 4.15 0.00 2.23 2.78 2.78 4.37 5.55 5.14 4.69 6868693
5.41 2.82 4.19 3.06 8.28 7.57 3.45 5.93 2.40 2.65 3.07 3.06 4.46 2.77 6.61 6.08 2.33 4.35 5.98 9.09 2.77 5.12 3.87 3.11 0.00 2.22 3.03 2.84 4.07 5.45 5.32 4.86 6881783
0.00 2.98 4.28 3.44 8.23 8.23 3.16 5.83 2.43 2.69 2.87 2.99 4.48 5.76 6.47 6.41 2.12 4.00 6.06 8.99 3.89 5.08 2.71 3.58 0.00 2.30 3.22 3.35 4.36 5.50 5.21 4.63 6894873
0.00 2.88 4.19 3.32 8.93 5.09 3.48 0.00 2.47 2.56 3.05 3.05 4.61 2.52 6.47 6.41 2.11 3.17 3.10 9.07 3.41 4.89 4.87 2.86 0.00 2.43 3.23 2.91 4.41 4.85 5.36 5.01 6907963
5.73 2.59 4.19 2.83 8.27 4.98 3.26 5.96 2.41 2.54 3.02 3.10 4.50 5.33 5.26 6.49 2.70 3.78 5.94 0.00 3.48 5.38 2.36 3.32 0.00 2.43 3.48 3.15 4.58 5.52 5.24 4.72 6921053
2.03 2.87 4.36 2.79 8.22 6.82 3.07 5.87 2.34 2.20 3.17 3.07 4.53 4.11 6.84 6.49 2.29 3.93 6.52 9.07 3.54 0.00 3.75 4.92 0.00 2.36 3.68 3.21 4.48 5.45 5.20 5.46 6934143
0.00 2.91 4.27 3.38 8.17 7.31 3.25 2.07 2.42 2.59 3.17 3.13 4.74 5.88 6.83 6.48 2.11 3.82 3.30 9.09 2.90 3.53 4.36 4.86 0.00 2.34 3.48 3.03 4.39 5.54 5.07 4.88 6947233
0.00 2.94 4.35 2.73 7.05 7.49 0.00 5.90 2.42 2.57 3.05 3.04 4.44 6.15 6.86 6.55 2.41 3.94 5.66 9.03 3.75 4.63 5.20 3.10 0.00 2.42 3.24 2.99 3.97 5.54 4.80 5.02 6960323
0.00 2.80 4.29 2.92 8.60 8.27 3.69 0.00 2.48 2.59 3.08 3.19 4.52 5.72 6.95 6.55 2.15 3.98 4.08 9.01 3.83 4.63 3.04 4.62 0.00 2.39 3.54 3.06 4.00 5.54 5.61 5.54 6973413
0.00 3.00 4.33 2.64 8.06 4.26 3.30 0.00 2.39 2.67 3.11 3.13 4.70 4.07 6.97 6.66 2.16 3.78 4.33 8.99 3.91 3.34 3.95 3.16 0.00 2.16 2.67 3.43 4.57 5.56 5.58 5.71 6986503
0.00 2.93 4.29 3.20 8.06 6.27 3.73 5.98 2.42 2.68 3.07 3.10 4.59 6.02 7.00 6.63 2.52 4.28 6.81 8.98 2.64 4.57 3.40 2.57 0.00 2.06 2.78 3.03 3.37 5.61 5.70 5.22 6999593
0.00 2.72 4.36 3.15 8.04 7.43 3.81 5.75 2.33 2.84 3.02 3.08 4.62 5.68 6.82 6.53 3.08 3.79 5.79 9.00 3.72 4.25 10.20 3.85 0.00 2.68 2.76 2.78 3.79 5.61 5.79 5.19 7012684
0.00 2.85 4.44 0.00 8.65 6.53 3.27 5.77 2.41 2.73 3.12 3.17 4.53 6.27 6.71 6.52 2.10 4.00 5.62 9.41 3.69 4.56 9.70 4.54 0.00 2.41 2.85 3.00 3.97 5.63 4.67 5.78 7025773
2.44 2.88 4.35 3.26 8.10 8.13 2.95 5.88 2.40 2.68 3.05 3.17 4.50 5.28 6.89 6.55 2.13 3.27 6.21 9.01 2.41 0.00 5.38 3.77 0.00 2.10 2.85 3.03 4.59 5.47 5.88 0.00 7038863
0.00 2.97 4.38 3.09 8.04 7.97 3.58 5.86 2.44 2.33 3.10 3.12 4.60 6.10 6.69 6.46 2.27 3.70 6.70 0.00 3.17 0.00 2.41 4.63 0.00 2.11 2.92 2.93 4.58 5.62 5.99 5.45 7051953
0.00 2.88 4.34 2.58 7.81 8.13 3.31 0.00 2.50 2.60 3.05 3.01 4.66 5.99 6.69 6.44 2.05 3.94 6.89 9.00 2.89 4.19 3.28 4.72 0.00 0.00 2.99 2.86 4.62 5.24 6.09 5.21 7065043
0.00 3.00 4.43 3.41 8.10 8.12 3.73 5.72 2.52 2.64 3.23 3.14 4.69 5.92 6.62 6.56 2.03 4.10 6.78 9.04 2.85 4.20 9.91 4.78 0.00 2.39 2.89 2.76 4.21 5.67 5.74 5.17 7078133
0.00 2.98 4.50 3.18 7.84 8.04 3.42 5.82 2.53 2.63 3.02 3.06 4.61 6.08 6.59 6.36 2.44 3.83 6.56 9.04 3.09 4.23 3.64 0.00 0.00 2.12 2.99 2.90 4.53 5.63 5.77 5.28 7091223
0.00 2.95 4.31 3.17 7.91 8.09 3.64 5.76 2.45 2.71 3.03 3.00 4.76 6.00 6.65 6.55 2.09 3.75 6.40 9.03 3.94 4.19 0.00 4.39 0.00 2.08 2.97 3.04 4.52 5.58 5.77 5.24 7104313
0.00 3.03 4.42 3.13 7.91 8.11 3.46 6.15 2.43 2.67 2.93 3.10 4.59 2.46 7.03 6.58 2.11 3.79 6.72 9.06 2.93 4.22 10.50 4.58 0.00 2.01 3.00 2.87 4.46 5.50 5.87 5.43 7117404
0.00 2.92 4.33 3.19 7.98 7.86 3.31 5.82 2.43 2.67 3.00 3.14 4.89 5.75 6.62 6.80 2.07 3.89 6.55 9.10 3.22 4.52 3.61 0.00 0.00 2.09 3.02 2.77 4.58 6.01 6.04 5.41 7130493
0.00 3.06 4.33 3.41 8.02 8.09 0.00 5.79 2.45 2.69 3.00 3.28 4.63 5.20 6.61 6.43 2.45 3.77 6.22 9.05 3.83 4.08 10.17 5.48 0.00 2.13 2.93 2.67 4.50 5.64 5.90 5.96 7143584
0.00 2.94 4.43 0.00 7.91 8.08 3.24 5.90 2.54 2.59 3.00 3.06 4.58 5.26 6.55 6.35 2.04 3.85 6.40 8.96 4.09 4.08 10.63 4.81 0.00 2.11 3.04 3.11 4.62 5.65 6.10 5.41 7156674
0.00 3.01 4.37 3.21 7.94 8.10 3.72 5.97 2.57 2.66 2.97 3.13 4.64 5.61 6.57 6.64 2.14 3.78 6.64 8.92 3.89 4.15 9.37 4.51 0.00 2.08 2.92 2.98 4.64 5.61 6.08 5.38 7169763
0.00 3.00 4.39 3.19 7.92 7.94 0.00 6.23 2.53 2.68 3.14 3.10 4.76 5.63 6.62 6.54 2.11 3.82 6.39 8.93 3.80 4.34 9.97 0.00 0.00 2.26 2.91 2.97 4.50 5.68 6.01 5.56 7182853
0.00 3.06 4.32 3.48 7.95 7.97 3.61 5.82 2.50 2.72 3.01 3.22 4.78 5.63 6.55 6.43 2.08 3.78 6.92 8.91 3.93 4.01 9.80 4.60 0.00 2.10 2.88 2.57 4.85 5.93 3.74 5.45 7195943
0.00 3.01 4.35 3.33 7.95 8.21 3.33 5.93 2.55 2.81 2.96 3.21 4.91 5.54 6.58 6.40 2.07 3.85 6.98 8.98 3.91 3.97 0.00 4.45 0.00 2.18 2.86 2.90 4.71 5.70 6.14 5.49 7209033
0.00 3.00 4.33 3.28 8.14 7.88 0.00 5.97 2.54 2.66 2.96 3.14 4.93 5.77 6.68 6.47 2.07 3.83 6.87 8.93 3.89 3.99 9.94 0.00 0.00 2.21 2.83 3.18 4.53 5.73 6.16 5.57 7222123
0.00 2.97 4.29 3.28 8.06 8.03 3.36 5.67 2.43 2.68 2.95 3.12 4.67 5.70 6.57 6.44 2.07 3.88 6.42 8.97 3.90 4.27 0.00 3.00 0.00 2.27 2.82 3.19 4.96 5.69 6.32 5.49 7235213
0.00 2.99 4.34 3.25 7.80 7.99 3.43 5.95 2.40 2.55 2.88 3.08 4.72 5.00 6.49 6.45 2.11 3.81 6.70 0.00 3.90 4.24 9.87 0.00 0.00 2.12 2.88 2.88 4.55 5.89 6.06 5.48 7248303
0.00 3.03 4.31 3.34 7.89 7.88 0.00 5.60 2.44 2.65 2.89 3.05 4.67 5.52 6.53 6.46 2.09 3.87 6.26 9.01 3.86 3.55 0.00 4.22 0.00 2.20 2.90 2.91 4.62 5.73 6.09 5.58 7261393
0.00 2.97 4.39 3.47 7.93 7.86 3.70 6.17 2.44 2.56 2.89 3.08 4.78 5.71 6.44 6.45 2.14 3.73 0.00 9.10 3.94 3.82 0.00 5.87 0.00 2.11 2.81 2.91 4.66 5.69 6.05 0.00 7274483
0.00 3.00 4.40 3.32 8.52 7.89 3.71 5.87 2.48 2.59 2.94 3.07 5.03 5.62 6.50 6.49 2.11 4.07 7.27 8.89 3.91 3.52 0.00 4.43 0.00 2.24 2.90 3.12 4.60 5.71 6.24 5.42 7287573
0.00 2.98 4.38 3.28 7.84 7.84 3.72 5.78 2.47 2.52 3.01 3.04 4.61 5.65 6.49 6.57 2.09 4.04 7.03 9.03 3.89 3.29 0.00 4.38 0.00 2.16 2.73 3.31 4.65 5.77 6.13 5.56 7300663
0.00 2.98 4.32 4.59 8.10 8.05 0.00 5.44 2.44 2.52 2.95 3.17 4.43 5.73 6.83 6.65 2.06 3.80 7.21 8.99 3.88 3.57 0.00 4.28 0.00 2.20 2.58 3.33 4.67 5.77 6.14 5.43 7313753
0.00 2.93 4.37 3.30 0.00 7.82 3.74 5.30 2.44 2.45 2.93 3.08 4.56 5.59 6.60 6.65 2.05 3.72 7.19 9.02 3.24 3.34 0.00 3.79 0.00 2.20 2.51 2.96 4.67 5.74 6.11 6.05 7326843
0.00 3.03 4.44 3.30 8.07 7.88 3.32 5.17 2.45 2.43 2.84 3.07 4.54 5.59 6.54 6.72 2.09 3.72 0.00 8.93 3.87 3.23 0.00 4.41 0.00 2.22 2.42 3.11 4.75 5.85 6.09 5.59 7339933
0.00 3.00 4.39 3.10 8.11 8.03 3.71 5.34 2.49 2.41 2.77 3.09 4.44 5.56 6.59 6.62 2.17 3.67 6.84 9.00 3.65 3.07 5.66 4.42 0.00 2.10 2.43 2.80 4.73 6.11 6.35 5.64 7353023
0.00 2.98 4.45 3.45 7.87 8.04 0.00 5.18 2.54 2.30 3.00 3.18 4.47 5.68 6.70 7.07 2.15 3.84 6.49 8.97 3.68 3.40 0.00 6.02 0.00 2.07 2.45 2.82 4.87 5.89 6.13 5.59 7366113
0.00 3.05 4.40 3.28 0.00 7.90 0.00 5.32 2.43 2.36 3.00 3.14 4.72 5.60 0.00 6.74 2.11 3.84 6.76 8.92 3.24 3.13 10.60 4.25 0.00 2.06 2.53 3.07 4.96 6.13 6.15 5.63 7379204
0.00 2.96 4.38 3.52 7.66 7.90 3.33 5.60 2.47 2.45 2.89 3.12 4.38 5.74 6.55 6.78 2.02 4.39 0.00 8.94 3.41 3.35 2.68 5.24 0.00 0.00 2.38 2.87 4.99 5.99 5.99 5.69 7392293
0.00 2.99 4.56 3.31 7.63 7.87 3.72 5.23 2.49 2.38 2.86 3.14 4.64 5.62 6.48 6.73 2.15 3.78 6.52 9.06 3.56 3.05 9.98 4.67 0.00 2.59 2.30 2.91 4.86 6.03 6.04 5.66 7405383
0.00 3.02 4.63 3.23 0.00 7.80 3.66 5.14 2.49 2.39 2.94 3.24 4.36 5.61 6.54 6.74 2.06 3.75 6.57 8.96 2.69 3.12 10.19 3.54 0.00 2.09 2.36 2.81 4.86 6.18 6.16 5.58 7418474
0.00 3.00 4.43 2.61 8.44 7.89 0.00 5.38 2.44 2.35 2.86 3.21 4.46 5.64 6.61 6.68 2.10 3.86 5.36 8.94 3.37 3.20 10.23 5.32 0.00 2.21 2.40 3.00 4.81 6.04 6.19 5.61 7431564
0.00 3.00 4.47 3.37 7.89 7.93 3.32 5.34 2.52 2.45 2.82 3.23 4.41 5.48 6.55 6.74 2.12 3.99 6.35 9.06 3.34 3.13 0.00 0.00 0.00 2.31 2.34 3.35 4.95 6.05 6.22 5.68 7444653
0.00 3.04 4.47 3.36 7.90 7.95 0.00 5.31 2.48 2.37 2.81 3.19 4.33 5.56 6.63 6.70 2.03 3.88 6.68 8.94 3.48 3.91 9.84 4.35 0.00 0.00 2.42 3.26 4.94 5.99 6.14 5.69 7457743
0.00 3.00 4.46 3.20 7.90 7.88 0.00 5.28 2.48 2.33 2.82 3.17 4.34 5.68 0.00 6.69 2.05 3.99 6.54 9.06 3.28 3.25 9.95 4.38 0.00 2.23 2.29 3.27 5.09 5.94 6.59 5.68 7470833
0.00 3.01 4.58 3.42 7.87 7.85 0.00 5.31 2.47 2.28 2.85 3.19 4.71 5.65 6.60 7.05 2.19 3.84 6.34 9.08 3.51 3.18 10.46 4.46 0.00 2.10 2.35 2.83 5.04 5.96 6.02 5.87 7483924
0.00 3.01 4.59 3.17 7.86 7.99 0.00 5.35 2.47 2.33 2.81 3.23 4.29 5.56 6.56 7.06 2.07 3.86 7.30 9.02 3.20 3.05 10.23 4.50 0.00 0.00 2.47 3.87 5.07 5.92 0.00 5.95 7497014
0.00 3.03 4.45 3.20 7.88 7.93 3.48 5.29 2.43 2.32 2.87 3.19 4.41 5.63 6.91 6.76 2.04 3.85 0.00 9.07 3.10 3.09 0.00 4.65 0.00 2.52 2.29 3.55 5.08 5.93 6.03 5.86 7510103
0.00 2.98 4.72 3.24 7.90 7.91 3.30 5.06 2.48 2.34 2.90 3.30 4.47 5.55 6.67 6.70 2.23 4.03 6.50 8.96 3.26 3.11 0.00 4.39 0.00 2.46 2.51 3.58 5.11 5.98 5.99 5.86 7523193
0.00 2.99 4.47 3.17 7.90 7.95 3.78 5.05 2.47 2.35 2.87 3.18 4.49 5.54 6.70 6.73 2.04 4.30 6.68 9.08 3.06 2.98 10.00 0.00 0.00 0.00 2.33 3.56 5.02 0.00 6.04 0.00 7536284
0.00 3.01 4.42 3.17 7.91 7.89 0.00 5.06 2.41 2.33 2.89 3.21 4.47 5.52 7.16 7.12 2.03 3.79 0.00 9.10 3.14 3.04 0.00 5.55 0.00 2.53 2.36 3.09 5.08 5.92 6.02 0.00 7549373
0.00 3.01 4.44 3.12 7.90 7.90 0.00 5.80 2.39 2.30 2.80 3.18 4.42 5.47 6.69 6.82 2.07 3.86 0.00 9.02 3.00 3.03 0.00 4.22 0.00 0.00 2.39 2.96 5.26 5.92 6.00 0.00 7562463
0.00 3.03 4.50 3.08 7.89 7.93 0.00 5.21 2.43 2.32 2.83 3.23 4.49 5.60 6.71 6.88 2.26 3.81 6.54 8.98 3.18 3.25 0.00 4.05 0.00 0.00 2.45 3.09 5.05 5.99 6.01 6.54 7575553
0.00 3.07 4.53 3.08 7.87 7.91 0.00 5.32 2.44 2.30 2.90 3.19 4.60 5.60 6.74 6.87 2.14 4.00 6.87 8.97 3.03 3.01 0.00 4.41 0.00 2.22 2.45 3.00 5.13 5.91 6.27 5.84 7588643
0.00 3.01 4.43 3.17 7.90 7.90 0.00 5.23 2.43 2.32 2.83 3.32 0.00 5.58 6.66 6.86 2.08 3.95 7.58 8.96 3.02 3.26 0.00 4.52 0.00 0.00 2.33 2.88 5.17 5.92 6.17 5.78 7601733
0.00 3.01 4.44 3.16 7.93 7.92 0.00 5.39 2.40 2.33 2.81 3.22 5.18 5.47 6.58 0.00 2.11 3.81 7.02 8.99 3.22 3.08 0.00 0.00 0.00 0.00 2.41 3.51 5.09 6.02 6.02 0.00 7614823
0.00 3.01 4.88 3.12 7.90 7.91 0.00 5.40 2.43 2.32 2.91 3.20 4.30 5.51 6.58 0.00 2.10 3.86 7.59 8.96 3.06 3.00 10.07 4.46 0.00 2.48 2.47 3.33 5.30 5.96 6.03 5.74 7627914
0.00 3.01 4.46 3.13 7.93 7.90 0.00 5.40 2.42 2.30 2.80 3.20 4.38 5.56 6.54 0.00 2.07 3.87 6.34 8.95 3.04 3.02 10.90 4.15 0.00 0.00 2.50 2.98 5.06 6.00 6.06 5.88 7641004
0.00 3.02 4.76 3.13 7.92 7.91 0.00 5.38 2.38 2.31 2.76 3.19 0.00 5.50 6.55 6.82 2.07 3.83 7.03 8.94 3.10 2.95 0.00 4.56 0.00 0.00 2.38 3.77 5.04 5.93 5.98 5.82 7654093
0.00 3.02 4.41 3.07 7.93 7.90 0.00 5.37 2.47 2.32 2.83 3.22 4.34 5.49 6.54 6.93 2.11 3.89 0.00 8.98 3.00 3.08 9.75 4.55 0.00 0.00 2.41 3.30 5.12 5.94 6.00 5.88 7667183
0.00 3.04 4.49 3.14 7.92 7.90 0.00 5.38 2.43 2.29 2.78 3.17 4.53 5.58 6.53 7.25 2.10 3.80 7.21 9.08 3.19 3.75 0.00 0.00 0.00 2.56 2.42 3.03 5.07 5.93 5.96 6.03 7680273
0.00 3.05 4.53 3.17 7.92 7.91 0.00 5.35 2.45 2.25 2.99 3.22 4.52 5.63 6.54 6.91 2.10 3.89 0.00 8.97 3.35 3.02 10.06 0.00 0.00 0.00 2.47 2.99 5.12 5.96 6.28 0.00 7693364
0.00 3.01 4.54 3.05 7.91 7.90 0.00 5.37 2.43 2.26 2.84 3.22 4.56 5.61 6.52 7.49 2.11 3.82 6.71 8.99 2.97 3.24 10.07 5.41 0.00 0.00 2.48 3.15 5.27 5.93 6.03 5.81 7706454
0.00 3.03 4.49 3.03 7.91 7.89 0.00 5.34 2.40 2.26 2.84 3.21 4.54 5.51 6.54 6.94 2.11 4.01 7.53 9.09 2.90 3.14 9.91 5.79 0.00 0.00 2.48 3.50 5.20 5.95 5.99 5.80 7719543
0.00 3.04 4.49 3.15 7.91 7.91 0.00 5.35 2.40 2.25 3.00 3.21 4.53 5.61 6.53 6.94 2.10 3.96 7.11 9.08 2.90 0.00 0.00 0.00 0.00 2.32 2.50 3.56 5.23 5.95 6.00 5.86 7732633
0.00 3.04 4.49 3.13 7.92 7.92 0.00 5.36 2.41 2.26 2.89 3.23 4.53 5.52 6.54 6.95 2.10 3.95 7.06 9.08 2.90 0.00 9.92 0.00 0.00 2.31 2.50 3.63 5.26 5.96 6.08 5.92 7745723
0.00 3.03 4.49 3.15 7.90 7.91 0.00 5.35 2.40 2.25 3.01 3.54 4.54 5.62 6.54 6.93 2.10 3.90 7.02 9.08 3.16 0.00 0.00 0.00 0.00 2.04 2.49 3.66 5.22 5.95 6.21 5.88 7758813
0.00 3.03 4.49 3.16 7.90 7.91 0.00 5.35 2.41 2.25 3.02 4.00 4.54 5.60 6.52 6.93 2.10 3.86 7.02 9.09 3.17 0.00 9.84 0.00 0.00 2.13 2.50 3.85 5.25 5.95 6.17 5.92 7771903
0.00 3.02 4.51 3.15 7.92 7.91 0.00 5.35 2.41 2.27 3.02 4.04 4.54 5.62 6.52 6.93 2.09 3.92 7.05 9.09 2.92 0.00 0.00 0.00 0.00 2.13 2.50 3.81 5.23 5.96 6.23 5.93 7784993
0.00 3.02 4.49 3.14 7.90 7.90 0.00 5.35 2.41 2.25 3.02 0.00 4.55 5.63 6.53 6.91 2.09 3.92 7.03 9.09 2.92 0.00 0.00 0.00 0.00 0.00 2.49 3.40 5.22 5.95 6.22 5.90 7798083
0.00 3.01 4.49 3.15 7.91 7.91 0.00 5.34 2.40 2.26 3.02 0.00 4.54 5.62 6.52 6.91 2.10 3.90 7.03 9.07 2.91 0.00 10.30 0.00 0.00 0.00 2.49 3.45 5.22 5.95 6.23 5.89 7811174
0.00 3.02 4.50 3.15 7.92 7.90 0.00 5.36 2.41 2.26 3.04 0.00 4.53 5.61 6.52 6.91 2.09 3.89 7.02 9.08 2.89 0.00 0.00 0.00 0.00 0.00 2.49 3.33 5.21 5.95 6.23 5.88 7824263
0.00 3.02 4.50 3.15 7.90 7.91 0.00 5.34 2.41 2.26 3.03 0.00 4.54 5.62 6.53 6.92 2.10 3.89 7.06 9.08 2.89 0.00 0.00 0.00 0.00 0.00 2.48 3.39 5.22 5.97 6.23 5.87 7837353
0.00 3.02 4.50 3.14 7.92 7.90 0.00 5.34 2.41 2.25 3.03 0.00 4.54 5.63 6.52 6.92 2.09 3.88 7.05 9.08 2.89 0.00 0.00 0.00 0.00 0.00 2.50 3.34 5.22 5.95 6.22 5.87 7850443
0.00 3.03 4.50 3.14 7.91 7.90 0.00 5.36 2.41 2.25 3.05 0.00 4.54 5.64 6.52 6.91 2.09 3.87 7.05 9.07 2.89 0.00 0.00 0.00 0.00 0.00 2.49 3.33 5.22 5.96 6.21 5.86 7863533
0.00 3.03 4.49 3.15 7.89 7.91 0.00 5.35 2.41 2.26 3.05 0.00 4.53 5.64 6.52 6.91 2.10 3.88 7.05 9.08 2.89 0.00 0.00 0.00 0.00 0.00 2.50 3.34 5.22 5.96 6.23 5.86 7876623
0.00 3.03 4.49 3.08 7.90 7.91 0.00 5.34 2.41 2.26 3.04 0.00 4.53 5.64 6.52 6.92 2.10 3.87 7.05 9.08 2.87 0.00 0.00 0.00 0.00 0.00 2.49 3.32 5.22 5.96 6.22 5.86 7889713
0.00 3.02 4.50 3.17 7.90 7.90 0.00 5.35 2.42 2.25 3.02 4.02 4.53 5.64 6.52 6.92 2.09 3.86 7.05 9.08 2.88 0.00 0.00 0.00 0.00 0.00 2.50 3.32 5.22 5.96 6.21 5.87 7902803
0.00 3.03 4.50 3.19 7.89 7.91 0.00 5.36 2.42 2.26 3.03 4.03 4.53 5.64 6.53 6.91 2.10 3.86 7.06 9.07 2.84 0.00 0.00 5.42 0.00 2.00 2.48 3.42 5.22 5.97 6.22 5.86 7915893
0.00 3.02 4.50 3.19 7.91 7.91 0.00 5.36 2.41 2.26 2.92 0.00 4.52 5.65 6.52 6.92 2.10 3.86 7.04 9.06 2.84 0.00 0.00 5.42 0.00 0.00 2.48 3.32 5.21 5.96 6.22 5.86 7928983