3.97 3.06 5.08 2.75 4.30 4.61 3.54 5.95 3.84 4.74 6.44 7.15 4.53 5.61 6.50 6.41 0.00 3.98 0.00 9.04 5.57 5.89 0.00 4.68 0.00 3.19 3.73 6.02 5.46 5.99 4.36 4.60 11766603
3.97 2.96 5.08 2.91 4.29 4.62 3.54 5.95 3.84 4.74 6.44 7.15 4.55 5.61 6.51 6.41 0.00 4.89 0.00 9.03 5.56 5.89 0.00 4.39 0.00 3.19 3.72 6.02 5.47 5.98 4.35 4.60 11779693
3.97 2.95 5.07 2.73 4.29 4.62 3.54 5.96 3.84 4.75 6.45 7.14 4.53 5.62 6.51 6.47 0.00 4.92 0.00 9.03 5.56 5.88 0.00 4.67 0.00 3.19 3.73 6.02 5.46 5.99 4.35 4.60 11792783
3.97 2.95 5.07 2.87 4.30 4.62 3.53 5.97 3.83 4.78 6.45 7.15 4.54 5.61 6.53 6.48 0.00 4.89 0.00 9.04 5.58 5.90 0.00 3.93 0.00 3.19 3.73 6.03 5.47 5.99 4.36 4.60 11805873
3.96 2.97 5.07 2.86 4.29 4.61 3.53 5.96 3.84 4.76 6.43 7.15 4.53 5.63 6.52 6.50 0.00 4.91 0.00 9.04 5.57 5.89 0.00 3.92 0.00 3.20 3.73 6.03 5.47 5.99 4.36 4.59 11818963
4.00 2.81 4.88 3.14 4.29 4.62 3.52 5.95 3.85 4.86 6.45 7.14 4.53 5.63 6.50 6.55 0.00 0.00 0.00 9.03 5.57 5.90 0.00 3.92 0.00 3.18 3.73 6.02 5.47 5.99 4.35 4.59 11832053
4.00 2.82 4.87 0.00 4.30 4.61 0.00 5.93 3.84 4.88 6.46 7.14 4.54 5.83 6.47 6.38 0.00 3.89 0.00 8.97 5.54 0.00 0.00 4.66 0.00 3.15 3.74 6.13 5.45 6.01 4.36 4.58 11845143
4.01 2.82 4.89 3.26 4.29 4.61 3.72 5.96 3.80 4.78 6.44 7.14 4.53 5.85 6.48 6.40 0.00 0.00 7.29 8.95 5.58 5.88 0.00 4.68 0.00 3.16 3.74 6.15 5.44 6.00 4.29 4.63 11858233
3.98 2.81 4.87 2.80 4.29 4.61 0.00 5.93 3.89 4.70 6.42 7.13 4.53 5.79 6.53 6.37 0.00 3.75 7.74 8.99 5.58 0.00 0.00 4.67 0.00 3.16 3.74 0.00 5.48 6.06 4.47 4.48 11871323
3.97 2.81 4.99 2.78 4.29 4.64 0.00 5.94 3.87 4.78 6.40 7.10 4.59 5.74 0.00 6.37 2.01 3.72 0.00 8.99 5.54 5.84 0.00 4.71 0.00 3.16 3.74 0.00 5.48 5.98 4.30 4.44 11884413
4.02 2.82 4.83 2.94 4.28 4.61 0.00 6.11 3.80 4.75 6.44 7.13 4.66 5.78 6.43 6.24 2.01 4.04 0.00 8.97 5.48 0.00 0.00 0.00 0.00 3.13 3.75 6.09 5.46 5.99 4.41 4.51 11897503
3.99 2.81 5.10 2.67 4.29 4.60 0.00 0.00 3.76 4.69 6.57 6.99 4.54 5.62 6.38 6.52 0.00 3.87 6.94 9.52 5.58 5.77 0.00 0.00 0.00 3.12 3.71 6.21 5.44 5.97 4.29 4.48 11910593
3.98 2.75 4.89 2.73 4.28 4.64 0.00 5.77 3.77 4.74 6.44 7.04 4.65 5.73 6.35 6.28 2.16 4.09 0.00 8.96 5.40 5.79 9.57 4.69 0.00 3.22 3.70 5.93 5.48 5.93 4.27 4.47 11923683
3.92 2.84 4.89 2.74 4.40 4.60 4.05 6.11 3.83 4.63 6.45 7.71 4.54 5.83 0.00 6.26 2.51 3.68 0.00 9.58 5.45 5.92 0.00 4.22 0.00 3.26 3.77 5.91 5.50 5.98 4.34 5.03 11936773
3.90 2.82 5.32 2.82 4.78 4.59 3.95 6.27 4.04 4.74 6.59 7.11 4.63 5.57 6.39 6.39 2.02 3.79 7.15 9.04 5.42 5.78 9.40 4.45 0.00 3.27 3.70 6.04 5.57 6.24 4.31 4.52 11949863
3.91 2.76 4.89 2.97 4.44 4.67 0.00 5.75 3.81 4.60 6.63 6.99 4.75 5.67 6.43 6.30 0.00 3.62 6.97 0.00 5.47 0.00 0.00 4.63 0.00 3.09 3.75 0.00 5.48 6.19 4.26 4.43 11962953
4.24 2.70 4.86 2.44 4.28 4.64 3.53 5.95 3.76 4.66 6.42 7.05 4.69 5.87 6.48 6.80 2.03 3.57 0.00 9.06 5.67 6.51 9.81 0.00 0.00 3.11 3.64 0.00 5.49 6.17 4.31 4.49 11976043
4.06 2.74 5.10 0.00 4.36 4.61 3.53 6.15 3.73 4.72 6.48 7.18 4.52 5.81 6.45 6.50 2.92 4.06 0.00 9.11 5.99 5.92 9.65 3.86 0.00 3.14 3.77 0.00 5.56 6.00 4.29 4.49 11989133
4.14 2.82 4.95 0.00 4.31 4.60 0.00 5.80 3.77 4.70 6.60 7.12 4.67 5.66 6.45 6.40 2.73 3.57 6.73 8.95 5.71 6.08 0.00 3.47 0.00 3.19 3.74 0.00 5.46 5.91 4.26 4.51 12002223
3.96 2.73 5.10 0.00 4.30 4.59 0.00 6.13 3.78 4.69 6.48 7.07 4.86 5.68 7.16 6.54 2.02 3.65 7.28 8.93 5.45 0.00 0.00 3.94 0.00 3.16 3.77 0.00 5.51 5.98 4.26 4.49 12015313
4.16 2.92 4.96 3.05 4.32 4.65 3.43 6.18 3.70 4.68 6.52 7.06 4.55 5.74 6.49 6.35 2.05 4.00 7.19 8.91 5.62 6.08 0.00 4.51 0.00 3.09 3.64 0.00 5.43 5.84 4.24 4.43 12028403
4.16 2.83 5.07 0.00 4.32 4.60 3.74 6.19 3.68 4.72 6.42 7.25 4.57 5.77 6.48 6.34 2.01 3.79 7.00 8.96 5.50 5.95 9.90 4.40 0.00 3.12 3.68 5.99 5.25 5.88 4.25 4.44 12041493
4.19 2.83 5.47 0.00 4.33 4.52 0.00 5.52 3.67 4.80 6.59 7.12 4.61 5.77 6.48 6.33 2.09 0.00 6.75 9.00 5.47 0.00 4.70 3.39 0.00 3.25 3.65 5.89 5.34 5.88 4.89 4.56 12054583
4.11 2.84 4.96 0.00 4.32 4.53 0.00 6.05 3.68 4.68 6.49 7.53 4.67 5.80 6.49 6.30 0.00 3.68 6.78 9.11 5.51 0.00 9.84 3.30 0.00 3.23 3.63 5.81 5.67 5.92 4.34 4.51 12067673
4.19 2.94 5.18 0.00 4.32 4.62 0.00 6.53 3.65 4.69 6.71 7.13 4.62 5.69 6.52 6.40 2.06 3.75 7.21 0.00 5.49 6.02 9.76 3.38 0.00 3.08 3.62 5.84 5.35 5.95 4.26 4.48 12080763
4.10 2.94 5.22 4.00 4.30 4.57 3.48 5.90 3.70 2.96 6.49 7.09 4.55 5.91 0.00 6.37 2.01 3.70 6.84 8.97 5.58 6.21 9.74 5.33 0.00 3.08 3.67 0.00 5.26 6.05 4.43 4.48 12093853
4.32 2.88 5.11 0.00 4.36 4.48 0.00 6.10 3.63 4.76 6.61 7.19 4.84 5.68 0.00 6.55 2.10 3.96 7.13 8.94 5.54 0.00 3.67 4.18 0.00 3.08 3.71 5.66 5.35 5.99 4.31 4.49 12106943
4.11 3.01 5.06 0.00 4.35 4.50 3.64 6.28 3.55 4.86 6.90 7.14 4.59 5.69 0.00 6.46 2.09 3.71 7.30 8.94 5.63 6.21 0.00 0.00 0.00 0.00 3.69 6.03 5.28 5.96 4.87 4.52 12120033
4.13 2.95 4.97 2.82 4.31 4.47 4.05 5.62 4.01 4.82 6.61 7.38 4.77 5.78 6.53 6.46 0.00 3.73 6.88 0.00 5.46 0.00 0.00 4.11 0.00 3.12 3.59 5.85 5.28 5.93 4.35 4.50 12133123
4.23 3.03 5.25 3.04 4.05 4.53 3.75 6.04 3.76 4.75 6.50 7.11 4.76 5.97 6.56 6.57 2.05 3.79 6.89 8.89 6.17 0.00 9.85 4.29 0.00 3.15 3.61 0.00 5.29 5.81 4.40 4.50 12146213
4.19 2.98 5.06 0.00 4.11 4.47 4.08 5.58 3.62 4.74 6.53 7.08 4.66 5.81 6.64 6.47 2.07 3.96 7.25 9.20 5.58 6.13 3.26 3.84 0.00 3.18 3.62 0.00 5.31 5.98 4.37 4.54 12159303
4.31 3.02 5.10 3.06 4.09 4.42 3.71 5.62 3.63 4.80 6.54 7.18 4.98 5.82 6.50 6.39 2.03 3.78 7.40 8.90 5.81 0.00 3.51 3.91 0.00 3.16 3.62 0.00 5.37 5.84 4.29 4.51 12172393
4.25 3.02 5.35 3.46 4.07 4.46 0.00 5.95 3.85 4.80 6.37 7.22 0.00 5.80 6.51 6.48 2.04 3.81 7.07 8.89 5.45 6.71 9.81 3.90 0.00 3.21 3.56 0.00 5.35 6.17 4.34 4.51 12185483
4.26 3.01 5.35 2.89 4.00 4.46 3.34 5.67 3.55 4.84 6.47 7.15 5.15 5.82 6.63 6.45 2.09 3.79 7.05 8.90 5.64 6.11 9.99 3.88 0.00 3.20 3.58 0.00 5.33 5.95 0.00 4.53 12198573
4.29 3.03 0.00 3.00 4.17 4.42 0.00 6.02 3.69 4.94 6.51 7.38 4.64 5.72 6.57 6.60 2.06 3.76 7.16 8.92 5.72 6.18 0.00 3.98 0.00 3.19 3.59 5.58 5.28 5.88 4.28 4.51 12211663
4.24 3.03 4.99 2.88 4.08 4.50 3.35 5.61 4.33 4.92 6.54 7.84 4.75 5.73 6.71 6.34 2.02 3.84 0.00 8.90 5.60 6.70 0.00 4.05 0.00 3.13 3.56 5.59 5.28 5.85 4.76 4.52 12224753
4.13 3.01 5.38 3.05 4.00 4.42 0.00 5.72 3.64 4.83 6.46 7.22 4.62 5.99 6.50 6.49 2.01 3.67 7.70 8.91 5.42 6.30 0.00 3.83 0.00 3.25 3.59 0.00 5.21 5.91 4.46 4.66 12237843
4.08 3.00 5.09 2.84 3.93 4.48 0.00 5.76 3.66 4.83 6.50 7.22 4.63 5.99 6.55 6.55 2.02 3.81 7.13 9.07 5.42 0.00 0.00 4.07 0.00 3.11 3.57 0.00 5.23 5.89 5.02 4.53 12250933
4.08 2.95 5.02 2.51 3.94 4.43 3.94 5.62 3.69 4.87 6.36 7.27 4.77 5.87 6.52 6.35 2.02 3.77 7.11 9.08 5.72 6.12 9.77 0.00 0.00 3.19 3.68 5.76 5.32 5.87 4.41 4.52 12264023
4.10 2.99 5.12 2.98 3.99 4.45 0.00 5.68 3.92 4.83 6.73 7.11 4.79 5.90 6.53 6.35 2.22 3.73 0.00 9.06 5.56 6.12 9.65 3.99 0.00 3.09 3.67 0.00 5.49 5.89 4.35 4.55 12277113
4.11 3.03 5.01 3.20 4.08 4.47 3.74 5.64 3.62 4.97 6.49 7.21 4.62 5.99 6.56 6.52 2.03 3.94 7.33 9.09 5.64 0.00 0.00 4.40 0.00 3.12 3.74 5.76 5.24 5.86 4.35 4.55 12290203
4.11 3.03 5.00 3.37 3.96 4.42 3.62 5.51 3.75 4.87 6.45 7.24 4.61 5.82 0.00 7.10 2.02 3.79 7.12 9.08 5.63 0.00 0.00 4.02 0.00 3.11 3.64 0.00 5.23 5.85 4.33 4.57 12303293
4.11 3.01 5.00 0.00 3.94 4.43 4.08 5.55 3.73 4.83 6.30 7.15 4.60 5.81 6.58 6.53 2.01 3.73 7.12 9.09 5.62 0.00 0.00 0.00 0.00 3.12 3.64 5.92 5.19 6.01 4.40 4.73 12316383
4.10 3.02 4.93 0.00 3.98 4.44 3.94 5.90 3.70 4.85 6.32 7.17 4.62 5.84 6.55 6.36 2.03 3.94 7.70 8.94 5.67 0.00 0.00 0.00 0.00 3.10 3.66 5.73 5.33 5.92 4.41 0.00 12329473
4.11 3.02 5.11 0.00 3.95 4.44 4.04 5.79 3.77 5.00 6.32 7.70 4.61 5.78 6.58 6.51 2.02 3.78 7.29 9.09 5.61 6.23 0.00 0.00 0.00 3.20 3.64 5.68 5.26 5.91 4.42 4.51 12342563
4.06 3.00 5.21 0.00 3.95 4.33 3.26 5.88 3.64 4.86 6.32 7.29 4.67 5.95 6.51 6.51 2.01 3.86 7.11 8.93 5.61 6.21 9.68 0.00 0.00 3.21 3.65 5.68 5.29 5.93 4.37 4.59 12355653
4.09 3.03 5.21 3.37 4.15 4.42 3.28 5.43 3.71 4.85 0.00 7.14 4.60 5.79 6.53 6.55 2.01 3.74 6.97 8.93 5.43 6.22 0.00 4.76 0.00 3.27 3.65 5.52 5.24 5.87 4.39 4.49 12368743
4.09 3.02 5.21 0.00 3.94 4.42 3.31 5.69 3.58 4.83 6.34 7.26 4.63 5.85 6.54 6.52 2.07 3.77 7.05 8.93 5.55 6.32 0.00 0.00 0.00 3.26 3.66 5.43 5.40 6.04 4.44 4.47 12381833
4.28 3.03 4.91 3.31 3.99 4.42 3.89 5.49 4.03 4.80 6.50 7.28 4.62 5.85 6.54 6.52 2.15 3.85 6.98 8.93 5.55 6.17 0.00 4.81 0.00 3.24 3.67 5.40 5.33 6.00 4.79 4.63 12394923
4.09 3.04 5.03 3.20 4.15 4.41 3.91 5.74 3.60 4.81 0.00 7.15 4.61 5.91 6.49 6.51 2.19 3.72 7.05 8.93 5.59 6.19 0.00 0.00 0.00 3.22 3.65 5.43 5.34 6.60 4.39 4.59 12408013
4.06 3.03 5.15 3.34 3.95 4.39 3.74 5.97 3.85 4.82 6.31 7.27 4.62 5.87 6.55 6.52 2.15 3.89 7.09 8.92 5.45 6.37 0.00 4.56 0.00 3.22 3.67 5.42 5.35 6.51 4.38 4.52 12421103
4.06 3.03 5.03 3.35 3.97 4.32 3.90 5.53 4.53 4.91 6.46 7.23 4.63 5.90 6.54 6.53 2.09 3.90 7.09 8.94 5.53 6.19 0.00 5.51 0.00 3.22 3.67 5.45 5.26 5.89 4.38 4.60 12434193
4.57 3.03 5.21 3.28 3.96 4.34 3.89 5.64 3.76 4.92 6.34 7.25 4.67 5.99 6.55 6.51 2.10 3.84 7.10 8.93 5.61 6.20 0.00 0.00 0.00 3.23 3.61 5.85 5.28 5.90 4.41 4.46 12447283
4.06 3.02 5.10 3.38 4.00 4.37 0.00 5.77 3.74 4.85 6.44 7.24 4.66 5.94 6.53 6.50 2.22 3.79 7.57 8.92 5.53 6.33 9.45 0.00 0.00 3.22 3.70 5.46 5.23 6.03 4.37 4.63 12460373
4.09 3.02 4.95 3.03 3.98 4.16 3.59 5.86 3.70 4.85 6.52 7.12 4.76 6.04 6.54 6.49 2.20 3.74 7.50 8.94 5.62 6.18 9.66 5.45 0.00 3.22 3.67 5.37 5.21 5.97 4.40 0.00 12473463
4.15 3.01 5.08 3.21 4.04 4.36 0.00 5.63 3.69 5.11 6.41 7.15 5.00 6.09 6.53 6.52 2.05 4.10 7.13 9.09 5.50 0.00 9.41 4.61 0.00 3.23 0.00 5.42 5.22 6.05 4.32 0.00 12486553
4.91 3.00 5.00 3.11 3.97 4.20 0.00 5.57 3.75 4.89 6.51 0.00 4.92 5.78 6.53 6.47 2.01 3.92 7.05 8.95 5.52 6.21 9.43 3.86 0.00 3.19 3.58 5.69 6.10 6.02 4.46 0.00 12499643
4.18 3.03 4.96 0.00 4.01 4.26 3.72 5.87 3.56 4.86 6.34 7.33 4.89 5.82 6.49 6.44 2.03 3.71 0.00 9.06 5.52 0.00 9.41 0.00 0.00 3.18 3.63 5.92 5.64 6.03 0.00 4.48 12512733
4.07 2.90 5.17 2.98 4.05 4.05 0.00 5.66 3.86 4.84 6.40 7.25 4.71 5.81 6.51 6.48 2.04 3.99 7.14 8.94 5.52 0.00 0.00 4.23 0.00 3.13 3.56 5.49 5.28 5.98 4.33 4.62 12525823
4.11 2.96 4.94 3.02 4.55 4.11 0.00 5.64 3.72 4.94 6.44 7.25 4.96 5.75 6.51 6.52 2.05 3.92 0.00 8.94 5.53 6.46 0.00 4.67 0.00 3.20 3.60 5.35 5.27 5.91 4.38 4.48 12538913
4.16 3.00 4.92 3.09 4.03 3.99 0.00 5.62 3.78 4.83 7.13 0.00 4.64 5.93 6.55 6.46 2.11 3.88 0.00 9.01 5.51 0.00 9.52 3.89 0.00 3.30 3.57 5.62 5.31 5.99 4.36 4.47 12552003
4.09 3.01 4.76 2.93 4.00 4.06 3.29 5.81 3.77 4.86 6.38 7.19 4.88 5.85 6.50 6.37 2.05 3.97 6.99 8.94 5.54 0.00 0.00 4.19 0.00 3.38 3.61 5.60 5.27 6.03 4.36 4.50 12565093
3.99 2.99 4.95 2.94 4.06 3.97 0.00 5.79 3.76 4.85 6.73 7.20 5.41 5.88 6.51 6.41 2.12 3.89 6.86 8.89 5.56 0.00 0.00 3.88 0.00 3.41 3.86 5.24 5.29 5.97 4.75 4.52 12578183
3.99 3.00 4.80 2.99 3.98 3.96 3.79 5.53 3.72 4.95 6.57 7.19 4.72 5.85 0.00 6.37 2.09 3.71 6.94 8.90 5.65 0.00 9.49 3.90 0.00 3.27 3.82 5.44 5.28 6.08 4.38 4.48 12591273
4.11 2.88 5.06 0.00 3.96 3.92 0.00 5.96 3.77 4.88 6.38 7.11 4.91 5.92 6.53 6.40 2.03 4.50 6.93 8.95 5.45 0.00 9.46 4.12 0.00 3.79 3.65 0.00 5.26 6.00 4.43 4.47 12604363
3.91 3.02 5.05 0.00 3.97 3.96 4.01 5.98 3.74 4.91 6.28 7.90 4.71 5.88 6.38 6.71 2.07 3.85 7.59 8.97 5.52 6.74 9.41 3.85 0.00 0.00 3.55 5.90 5.26 5.98 4.38 4.50 12617453
3.86 3.01 4.80 0.00 3.97 3.96 3.98 6.04 3.73 4.91 6.33 7.11 4.64 5.89 6.50 7.22 2.16 3.82 7.25 9.08 5.53 0.00 0.00 3.89 0.00 3.89 3.66 5.33 5.47 6.11 4.41 5.11 12630543
4.17 3.02 4.78 0.00 4.00 3.91 3.40 5.96 3.72 4.94 6.44 0.00 4.75 5.99 6.44 6.46 2.05 4.16 0.00 9.07 5.67 0.00 9.44 3.83 0.00 0.00 3.66 5.46 5.31 6.00 4.34 4.50 12643633
4.13 2.88 4.75 0.00 3.94 3.98 3.43 5.81 3.67 5.03 6.39 7.12 4.75 5.94 6.55 6.34 2.05 3.85 6.79 9.05 5.60 0.00 0.00 0.00 0.00 0.00 3.61 5.40 5.33 6.00 4.47 4.45 12656723
3.84 3.02 4.77 3.05 4.02 3.92 0.00 5.71 3.66 4.93 6.38 7.17 4.79 6.06 6.27 6.36 2.03 3.94 6.99 9.06 5.66 0.00 9.81 0.00 0.00 0.00 3.58 5.43 5.28 0.00 4.34 4.52 12669813
3.67 3.04 4.79 2.91 3.96 3.91 3.99 5.77 3.69 5.00 6.29 7.19 4.89 6.03 6.60 6.40 2.10 4.14 6.96 9.11 5.69 0.00 9.45 3.97 0.00 3.16 3.59 5.47 5.20 6.08 4.51 4.48 12682903
3.78 2.98 4.84 3.37 3.95 4.00 3.96 5.71 3.73 4.92 6.37 7.21 4.76 5.94 6.27 6.53 2.27 3.90 6.93 9.83 5.51 6.25 9.57 5.01 0.00 3.59 3.57 5.24 5.20 6.17 4.40 4.52 12695993
4.07 2.93 4.99 3.01 4.02 3.88 3.59 0.00 3.80 4.93 6.30 7.12 4.81 5.95 6.69 6.33 2.24 3.77 7.00 9.09 5.65 6.32 9.60 4.12 0.00 0.00 3.58 5.42 5.21 6.00 4.34 4.59 12709083
3.58 2.99 4.81 0.00 4.28 3.90 3.78 5.64 3.70 5.02 6.30 7.16 0.00 6.13 6.13 6.35 2.11 3.91 7.08 9.11 5.63 0.00 9.78 3.99 0.00 3.88 3.57 5.04 5.20 6.02 4.36 4.73 12722173
3.70 3.02 5.06 0.00 4.00 3.96 3.57 6.08 3.63 4.98 6.23 7.13 4.82 6.11 6.10 6.56 2.06 3.76 6.99 9.54 5.66 0.00 4.20 5.30 0.00 3.17 3.63 5.06 5.37 6.22 4.38 4.54 12735263
3.53 3.02 4.91 0.00 4.03 3.91 0.00 5.82 3.86 4.96 6.43 7.39 4.80 6.22 6.17 6.55 2.02 3.78 7.17 9.34 5.57 6.38 0.00 4.29 0.00 3.22 3.62 5.21 5.24 6.01 4.35 4.48 12748353
3.29 3.04 4.82 3.10 4.02 3.96 3.79 5.75 3.74 4.95 6.38 7.07 4.95 6.08 6.17 6.33 2.08 3.90 7.11 9.10 5.76 6.47 0.00 4.86 0.00 3.24 3.63 5.61 5.21 6.01 4.55 4.51 12761443
3.20 3.01 4.90 0.00 4.02 4.02 0.00 6.20 3.85 5.00 6.62 7.12 5.01 6.35 6.05 6.56 2.08 0.00 0.00 9.10 5.66 6.29 0.00 0.00 0.00 0.00 3.64 5.16 5.27 6.13 4.36 4.49 12774533
3.35 3.02 5.09 0.00 4.02 3.93 3.46 5.83 3.79 4.99 6.40 0.00 4.82 6.11 6.03 6.31 2.02 3.76 7.17 9.09 5.60 0.00 9.52 0.00 0.00 3.11 3.59 5.04 5.18 6.11 4.91 4.64 12787623
3.20 2.99 5.69 0.00 4.14 3.98 4.17 5.69 3.88 4.95 6.54 0.00 4.81 6.25 6.05 6.31 2.29 3.63 7.12 9.08 5.78 6.32 9.61 3.92 0.00 3.15 3.57 0.00 5.19 6.07 4.51 5.18 12800713
3.24 3.05 4.81 0.00 4.07 3.93 3.76 5.77 3.87 5.03 6.44 7.18 4.83 6.18 6.05 6.29 2.02 3.82 7.08 9.07 5.86 6.38 5.81 3.91 0.00 3.13 3.65 4.98 5.15 6.23 4.41 4.47 12813803
3.34 2.98 5.04 2.93 4.02 4.04 3.76 5.90 3.83 4.95 6.50 7.72 4.73 6.19 6.04 6.30 2.10 3.66 0.00 9.03 5.81 0.00 0.00 4.12 0.00 3.20 3.69 0.00 5.25 6.29 5.07 4.57 12826893
3.23 3.08 5.43 3.05 4.23 3.95 3.74 5.82 3.65 5.01 6.34 7.44 5.14 6.14 6.26 6.20 2.04 3.63 6.96 9.07 5.81 0.00 0.00 3.92 0.00 0.00 3.67 5.06 5.26 6.06 4.35 4.57 12839983
3.30 2.97 4.93 0.00 4.35 3.95 0.00 5.65 3.85 5.07 6.44 7.41 5.30 6.20 6.01 6.08 2.11 3.79 0.00 9.06 5.85 0.00 0.00 3.61 0.00 3.82 3.68 4.88 5.28 6.20 4.32 4.52 12853073
3.34 2.95 4.95 3.27 4.04 4.07 3.33 5.88 4.03 5.12 6.59 7.75 4.85 6.20 6.01 6.38 2.05 3.77 7.28 9.10 5.66 6.34 9.63 4.60 0.00 3.33 3.59 4.70 5.26 6.05 4.38 4.49 12866163
3.26 2.86 4.90 0.00 4.10 4.01 4.07 5.62 3.89 5.05 6.36 7.20 4.83 6.23 6.01 6.04 2.04 3.95 7.27 9.02 5.84 0.00 9.66 4.85 0.00 0.00 3.60 5.19 5.17 6.05 4.45 4.71 12879253
3.18 2.83 5.06 0.00 4.05 4.01 3.63 5.52 3.68 5.00 6.30 7.21 5.19 6.32 5.98 5.88 2.17 4.01 0.00 9.03 5.65 6.52 9.40 3.35 0.00 3.38 3.69 5.37 5.15 6.32 4.37 4.70 12892343
3.18 2.85 5.04 3.28 4.72 4.01 0.00 5.85 3.84 5.03 6.32 7.19 4.83 6.36 6.07 6.20 2.61 3.59 0.00 0.00 5.62 6.40 9.44 4.07 0.00 3.86 3.61 5.01 5.20 6.27 4.36 5.17 12905433
3.43 2.96 4.96 0.00 4.14 4.03 0.00 5.61 3.69 4.99 6.52 7.76 4.94 6.15 5.91 5.98 2.02 3.69 0.00 9.10 5.69 0.00 9.50 4.50 0.00 3.24 3.66 0.00 5.31 6.20 4.29 4.46 12918523
3.16 2.86 4.91 2.91 4.06 4.01 0.00 5.66 3.80 5.06 6.30 7.20 4.89 6.14 5.89 6.35 2.05 3.62 0.00 9.09 5.70 0.00 0.00 4.81 0.00 3.11 3.69 4.94 5.29 6.23 4.32 4.54 12931613
3.38 2.88 5.28 0.00 4.07 4.03 0.00 5.79 3.79 5.11 6.34 7.21 5.34 6.15 5.94 6.05 2.05 3.73 7.46 9.05 5.69 0.00 9.42 0.00 0.00 3.13 3.59 5.26 5.82 6.21 4.76 4.54 12944703
3.23 2.82 5.10 0.00 4.07 4.05 0.00 5.58 3.78 5.09 6.36 7.19 4.90 6.24 5.97 6.24 2.02 3.61 7.03 0.00 5.62 6.46 9.45 4.41 0.00 3.13 3.60 5.30 5.72 6.20 4.27 4.58 12957793
3.39 2.95 5.02 0.00 4.07 4.10 0.00 5.96 3.69 5.06 6.28 7.22 5.08 6.21 5.90 6.05 2.04 3.66 0.00 9.62 6.00 0.00 0.00 4.52 0.00 3.16 3.66 5.23 5.33 6.22 4.34 4.60 12970883
3.29 2.85 0.00 0.00 4.10 4.02 3.67 6.00 3.76 5.16 6.28 7.22 4.98 6.03 5.95 5.78 2.03 3.71 6.96 8.98 5.81 0.00 9.79 0.00 0.00 3.27 3.63 4.49 5.32 6.26 4.28 4.63 12983973
3.16 2.89 5.09 0.00 4.03 4.03 0.00 5.90 3.97 5.14 6.26 7.18 5.02 6.10 6.00 5.81 2.01 3.81 7.50 9.28 5.85 6.49 0.00 4.70 0.00 3.73 3.67 4.48 5.32 6.14 4.28 4.70 12997063
3.80 2.86 5.02 0.00 4.13 4.08 0.00 5.76 3.89 5.21 6.37 7.18 5.30 6.30 5.97 5.84 2.02 3.70 7.08 9.20 5.95 7.06 0.00 3.96 0.00 3.87 3.67 4.64 5.34 6.19 4.32 5.26 13010153
3.22 2.96 5.02 0.00 4.07 4.06 3.67 5.85 3.80 5.12 6.25 7.19 5.37 6.04 5.89 5.95 2.01 3.79 7.23 9.64 6.01 0.00 0.00 4.31 0.00 3.31 3.69 0.00 5.42 6.24 4.27 4.67 13023243
3.20 2.87 4.82 0.00 4.02 4.44 0.00 5.79 3.77 5.16 6.38 7.20 4.96 5.95 5.96 5.94 2.65 3.78 7.01 9.08 5.78 6.56 9.38 4.50 0.00 3.22 3.59 4.59 5.17 6.32 4.26 4.62 13036333
3.23 2.84 5.56 0.00 4.06 4.05 0.00 5.84 4.29 5.14 6.47 7.18 4.96 6.10 6.04 5.72 2.68 3.92 6.99 9.09 5.62 0.00 9.37 4.66 0.00 3.87 3.72 4.32 5.20 6.22 4.34 4.77 13049423
3.49 2.86 5.62 0.00 4.08 4.08 0.00 6.33 3.82 5.13 6.27 7.22 5.60 5.91 6.03 6.17 2.31 4.37 7.00 9.07 5.78 0.00 9.37 0.00 0.00 0.00 3.67 4.95 5.21 6.20 4.37 4.92 13062513
3.21 2.83 5.28 0.00 4.03 4.04 3.79 5.74 4.03 5.11 6.32 7.13 5.12 5.97 6.02 5.80 0.00 4.51 7.18 9.09 5.71 6.44 9.33 4.33 0.00 0.00 3.59 4.69 5.27 6.20 4.95 4.55 13075603
3.32 2.93 0.00 0.00 4.04 4.07 0.00 5.84 3.82 5.26 6.43 7.20 5.11 5.83 5.93 5.81 2.04 4.31 0.00 9.09 5.78 0.00 9.45 3.88 0.00 3.19 3.66 4.85 5.39 6.20 0.00 4.63 13088693
3.23 2.85 5.01 0.00 4.03 4.08 0.00 5.85 3.86 5.14 6.32 7.23 4.97 5.86 5.95 5.79 2.13 3.76 7.28 9.13 5.82 6.55 9.54 4.84 0.00 3.21 3.62 5.01 5.19 6.18 4.31 5.02 13101783
3.17 2.83 5.25 0.00 4.05 4.02 4.04 6.12 3.88 5.28 6.33 7.86 5.34 5.90 5.96 5.89 2.16 4.04 0.00 9.08 5.75 6.53 6.93 4.22 0.00 3.19 3.60 5.18 5.27 6.30 4.29 4.65 13114873
3.22 2.90 5.11 0.00 4.04 3.97 0.00 5.72 3.72 5.28 6.45 7.17 5.38 5.76 5.90 5.68 2.04 3.82 0.00 9.31 5.75 0.00 9.57 4.10 0.00 3.19 3.62 4.32 0.00 6.29 4.35 4.62 13127963
3.18 2.86 0.00 0.00 4.16 3.95 0.00 5.68 3.81 5.17 6.39 0.00 5.18 5.92 6.01 5.67 2.17 3.66 7.63 9.19 5.72 6.58 9.57 0.00 0.00 3.20 3.68 4.28 5.42 6.33 4.33 4.65 13141053
3.20 2.86 5.68 0.00 4.25 3.91 3.34 5.68 3.80 5.17 6.34 7.19 5.21 5.73 5.99 5.59 2.03 3.83 0.00 9.22 5.74 0.00 5.97 0.00 0.00 3.15 3.65 4.24 5.31 6.23 4.30 4.61 13154143
3.16 2.92 0.00 0.00 4.01 3.97 3.82 5.49 3.98 5.23 6.27 0.00 5.15 5.84 5.90 5.74 2.07 3.57 7.04 9.09 5.80 6.42 9.64 3.94 0.00 3.19 3.61 4.60 5.33 6.32 4.31 4.77 13167233
3.18 2.92 0.00 3.19 4.68 3.92 3.85 5.62 3.87 5.23 6.45 7.74 5.48 5.62 5.96 5.72 2.01 3.61 6.97 9.23 5.74 6.45 0.00 0.00 0.00 3.16 3.59 4.44 5.36 6.25 4.29 4.76 13180323
3.35 2.99 5.62 3.46 4.04 3.88 3.63 5.44 3.82 5.33 6.39 7.22 5.33 5.71 6.05 5.51 2.04 3.98 0.00 9.01 6.27 0.00 0.00 4.33 0.00 3.09 3.59 4.17 5.40 6.23 4.30 4.73 13193413
3.21 2.91 5.22 3.07 4.12 3.85 3.53 5.39 3.89 4.06 6.58 7.18 5.36 5.62 5.97 5.59 2.03 3.69 0.00 9.12 6.47 6.47 0.00 4.00 0.00 3.16 3.62 4.19 5.41 6.38 4.34 4.76 13206503
3.20 2.94 5.92 2.89 4.10 3.86 3.92 5.75 4.01 5.30 6.70 7.16 5.42 5.66 5.92 5.59 2.02 3.60 7.08 9.07 5.94 6.51 8.70 4.58 0.00 3.17 3.62 4.82 5.36 6.38 4.40 5.40 13219593
3.26 2.91 5.57 2.92 4.12 3.87 3.54 5.43 3.85 5.45 6.36 7.22 5.22 5.66 5.91 5.52 2.02 4.05 7.17 9.51 6.18 0.00 0.00 4.12 0.00 3.17 3.66 4.13 5.37 6.37 4.32 4.73 13232683
3.24 2.92 0.00 0.00 4.52 3.88 3.53 5.32 3.90 5.33 6.40 7.14 5.35 5.57 5.94 5.54 2.02 3.69 0.00 9.10 0.00 7.16 5.31 4.73 0.00 3.11 3.63 0.00 5.30 6.52 4.34 4.89 13245773
3.27 2.92 4.78 0.00 4.10 3.86 0.00 5.53 3.87 5.24 6.40 7.20 5.32 5.38 6.04 5.47 2.06 3.58 0.00 9.02 5.99 6.53 3.80 3.62 0.00 3.31 3.60 4.28 5.25 6.27 4.40 4.84 13258863
3.27 2.95 0.00 2.94 4.27 3.86 3.41 5.53 3.87 5.40 6.39 7.32 5.40 5.51 6.03 5.65 2.10 3.89 7.41 9.16 6.07 6.71 9.69 4.19 0.00 3.15 3.63 0.00 5.35 6.43 4.38 4.90 13271953
3.35 2.88 5.25 3.09 4.27 3.81 3.31 0.00 3.93 5.39 6.34 7.30 5.31 5.67 5.94 5.48 2.05 3.55 6.84 9.16 0.00 6.74 8.15 0.00 0.00 3.15 3.70 4.11 5.36 6.35 4.34 4.96 13285043
3.26 2.83 5.37 2.81 4.16 3.83 3.35 5.70 4.00 5.38 6.42 7.15 5.38 5.78 5.94 5.46 2.16 3.68 7.30 9.04 6.63 0.00 7.24 3.22 0.00 3.10 3.67 4.07 5.37 6.39 4.49 4.95 13298133
3.28 2.90 5.41 3.02 4.19 3.82 3.22 5.80 3.87 5.50 6.63 7.15 5.30 5.59 6.07 5.34 2.13 3.70 6.75 9.05 0.00 0.00 3.27 4.55 0.00 3.21 3.68 4.04 5.38 6.41 4.53 4.91 13311223
3.35 2.98 5.06 3.10 3.94 3.76 4.07 5.29 3.92 5.67 6.48 0.00 5.34 5.71 5.97 5.36 2.51 3.70 6.73 9.10 6.31 6.71 0.00 0.00 0.00 3.33 3.62 4.02 5.47 6.38 4.45 4.95 13324313
3.30 3.02 5.24 3.05 3.87 3.78 3.24 5.32 3.87 3.38 6.48 7.18 5.31 5.69 5.94 5.20 2.02 3.66 6.60 9.12 6.33 7.09 5.48 3.20 0.00 3.13 3.67 4.19 5.46 6.70 4.48 5.00 13337403
3.25 2.96 5.24 2.79 3.89 3.67 3.42 5.59 4.07 4.98 6.51 7.26 5.50 5.73 6.08 5.35 2.14 3.99 6.38 9.18 6.16 0.00 4.56 3.49 0.00 3.15 3.68 4.25 5.53 6.71 4.44 4.99 13350493
3.37 2.83 0.00 2.45 3.81 3.59 3.43 5.35 4.23 5.70 6.43 7.33 5.00 5.58 6.29 5.20 2.08 3.32 6.39 9.19 6.34 6.78 6.58 3.44 0.00 3.29 3.62 3.97 5.57 6.69 4.39 5.15 13363583
3.44 2.98 5.16 3.81 3.80 3.66 3.77 4.83 3.22 5.75 6.45 7.24 4.92 4.44 6.01 5.50 2.07 3.43 7.16 9.08 0.00 0.00 9.39 4.17 0.00 3.21 3.62 4.36 5.49 6.60 4.55 5.25 13376673
3.47 2.90 5.12 0.00 3.82 3.56 2.60 5.57 4.17 4.84 6.54 7.17 4.91 5.70 5.96 5.29 2.14 3.70 6.53 9.15 6.41 0.00 4.83 2.46 0.00 3.21 3.68 4.06 5.57 6.69 4.29 5.19 13389763
3.54 2.97 4.00 2.66 3.83 3.63 3.26 5.79 3.99 3.92 6.12 7.10 4.79 5.87 5.98 5.19 2.17 3.62 4.53 9.12 5.72 0.00 5.18 3.28 0.00 3.26 3.69 4.00 5.78 6.79 4.57 5.46 13402853
3.51 2.88 5.14 2.48 3.85 3.55 3.33 4.36 4.28 4.01 6.50 7.17 4.97 5.90 6.09 5.39 2.12 3.48 4.19 9.20 2.28 0.00 2.97 3.64 0.00 3.26 3.67 4.51 5.45 6.66 4.58 5.32 13415943
3.47 2.99 2.61 2.81 3.90 3.45 3.57 4.66 4.37 3.06 6.49 7.10 4.85 3.39 6.08 5.51 2.17 3.53 6.92 9.00 5.25 0.00 3.53 3.27 0.00 3.16 3.69 4.03 5.09 6.69 4.58 5.32 13429033
3.71 2.79 5.08 2.84 3.95 3.82 3.80 5.69 4.00 3.18 6.60 7.13 4.98 3.74 6.49 5.74 2.35 3.45 6.36 9.41 4.70 0.00 3.91 3.09 0.00 3.58 3.75 4.12 5.02 6.82 4.78 5.80 13442123
3.71 3.00 5.31 2.53 4.00 3.55 2.61 6.01 3.62 2.73 5.08 7.20 4.96 5.28 6.27 5.85 2.03 3.58 6.68 9.17 2.79 7.11 5.43 2.65 0.00 3.35 3.69 4.10 5.74 7.28 3.14 5.41 13455213
3.99 2.93 4.68 2.80 4.12 3.77 2.72 3.95 3.76 2.33 6.22 3.53 4.89 3.66 4.39 6.14 2.05 2.99 5.52 9.15 2.09 7.45 3.10 2.09 0.00 3.59 3.83 4.23 4.67 7.12 4.07 5.44 13468303
4.12 2.98 5.17 2.79 4.43 3.36 3.24 5.74 3.56 2.99 6.30 7.17 4.93 3.84 6.34 6.19 2.09 3.66 2.82 8.96 3.77 7.01 3.02 3.87 0.00 3.25 3.38 3.96 4.02 6.83 4.77 6.00 13481393
4.03 2.83 4.17 2.20 4.64 3.31 3.09 5.22 3.79 3.43 6.72 7.44 5.11 3.15 6.49 6.40 2.27 3.83 5.80 9.16 2.61 0.00 2.97 3.92 0.00 3.78 2.99 4.31 5.81 0.00 4.24 5.36 13494483
4.00 2.79 4.83 2.85 4.73 3.35 3.27 5.82 3.30 2.90 2.65 7.18 5.23 5.42 6.15 6.64 2.28 3.64 4.81 2.50 3.45 0.00 2.53 3.73 0.00 3.49 2.13 4.16 4.42 7.34 4.95 5.44 13507573
3.98 2.57 4.58 2.64 4.75 2.96 3.07 2.89 3.42 2.96 5.46 7.17 5.36 2.80 6.59 6.82 2.12 3.68 6.86 5.25 2.26 0.00 5.02 3.49 0.00 3.43 2.95 4.19 2.83 3.11 4.82 3.00 13520663
3.75 2.45 4.82 2.53 4.32 2.65 3.13 4.82 3.12 3.41 3.93 7.10 5.59 3.89 6.69 7.19 2.14 3.67 2.47 0.00 3.31 0.00 3.55 3.11 0.00 3.50 3.07 4.12 3.08 7.08 4.14 4.98 13533753
4.12 2.94 4.57 2.16 4.81 3.24 2.48 2.39 3.14 2.90 3.04 6.16 5.65 5.26 6.70 7.17 2.04 4.30 3.29 9.25 3.07 0.00 2.56 3.37 0.00 2.74 3.27 4.11 2.59 5.62 2.57 5.31 13546843
3.91 2.67 4.92 2.35 4.36 3.53 2.26 3.61 3.26 3.19 5.13 7.11 2.99 2.77 6.66 3.19 2.15 3.37 3.01 9.08 3.26 0.00 2.76 2.74 0.00 3.44 3.65 3.74 2.84 3.81 3.28 5.21 13559933
4.13 2.55 5.05 2.36 4.94 2.85 3.29 3.73 3.25 2.64 4.79 4.77 5.91 2.71 5.03 7.55 2.17 2.58 5.84 6.43 3.75 0.00 2.78 2.27 0.00 2.93 2.77 2.37 2.78 5.88 2.55 5.44 13573023
4.21 2.71 4.38 2.32 4.67 4.35 2.61 4.11 3.00 3.85 3.98 5.11 6.03 4.80 5.58 2.17 2.17 3.48 2.49 3.51 2.75 0.00 2.77 2.27 0.00 2.99 3.36 4.08 2.63 5.72 2.36 5.17 13586113
4.31 2.50 4.59 2.62 4.71 2.68 2.43 2.87 2.48 2.72 5.60 7.01 4.00 2.41 4.94 5.00 2.15 4.15 4.97 3.22 2.42 4.50 3.70 2.49 0.00 2.78 2.92 4.52 2.88 2.85 2.76 5.40 13599203
4.07 2.61 5.05 2.57 4.59 3.64 2.69 5.40 2.69 3.01 5.80 5.28 3.26 3.55 5.71 2.43 2.16 3.28 3.39 3.01 2.57 3.59 2.78 2.24 0.00 3.01 2.32 3.86 2.59 7.43 2.86 3.14 13612293
3.44 2.45 4.44 2.35 2.75 2.88 2.57 2.58 2.92 2.97 5.88 2.69 2.85 2.87 4.65 2.12 2.25 2.78 4.66 2.99 2.88 4.49 2.40 2.12 0.00 2.70 2.76 3.42 2.63 3.52 3.08 2.36 13625383
4.34 2.76 3.89 2.47 2.82 2.34 2.48 3.02 2.32 3.12 2.93 2.48 2.66 2.33 5.15 2.73 2.59 3.53 2.57 3.46 2.47 0.00 2.71 2.32 0.00 3.18 3.14 3.94 3.02 2.64 3.27 2.49 13638473
2.33 2.32 4.00 2.80 4.30 2.34 2.85 2.85 2.34 2.59 2.83 6.86 3.25 2.77 2.33 4.44 2.09 3.66 4.03 3.53 5.14 5.43 2.27 2.07 0.00 3.36 3.46 2.30 2.74 2.74 2.32 4.24 13651563
4.27 2.67 2.30 2.42 4.93 2.61 2.72 2.24 3.65 2.21 2.61 2.71 4.20 2.55 2.44 3.41 2.32 3.69 2.64 2.93 2.16 0.00 2.53 2.50 0.00 3.02 2.75 3.01 2.38 2.50 2.29 2.52 13664653
4.13 2.58 3.06 2.16 3.94 2.82 2.66 2.99 2.18 2.37 3.15 2.50 3.18 2.45 2.71 2.15 2.16 3.15 2.48 2.95 2.59 0.00 2.45 2.82 0.00 2.29 2.41 2.40 2.42 3.40 2.63 2.24 13677743
2.83 2.53 3.68 3.10 4.54 2.80 2.92 2.78 2.88 2.39 3.06 2.63 2.19 2.38 2.95 2.21 2.10 3.96 3.45 2.56 2.44 0.00 2.38 2.35 0.00 3.18 2.32 2.80 2.65 2.88 2.83 4.00 13690833
2.36 2.72 4.19 2.28 4.81 3.23 2.84 2.33 2.74 2.21 2.55 2.72 2.23 2.61 2.36 3.02 2.48 3.09 3.27 2.33 2.61 0.00 2.62 2.69 0.00 2.32 2.31 2.57 2.54 2.11 3.47 3.23 13703923
4.22 2.82 2.57 2.55 3.73 2.65 2.83 3.28 2.17 2.55 2.89 2.83 2.39 2.82 2.40 2.07 2.05 2.56 2.35 3.07 2.30 0.00 2.58 2.16 0.00 3.44 3.03 2.56 2.87 2.54 2.10 2.16 13717013
4.20 2.42 3.11 2.31 2.90 3.64 2.57 2.44 2.98 2.72 2.55 2.53 2.97 2.78 2.85 3.19 2.30 2.87 2.66 2.15 2.68 2.48 2.53 2.18 0.00 2.26 2.91 2.37 2.25 2.68 2.47 2.92 13730103
2.95 2.54 2.57 2.54 3.97 2.36 2.92 3.27 2.54 2.50 2.56 3.20 2.64 2.50 2.08 2.92 2.85 4.09 2.19 2.43 2.40 2.85 4.07 2.34 0.00 3.34 3.16 2.78 2.41 2.64 2.56 2.58 13743193
3.85 2.26 2.28 2.63 4.87 2.52 2.83 3.08 3.17 2.54 3.31 5.81 2.27 2.25 2.39 2.61 2.65 2.68 2.66 2.60 2.53 2.93 2.59 3.17 0.00 3.02 2.70 2.39 2.50 3.20 3.27 2.61 13756283
4.57 2.70 4.37 2.45 4.21 2.09 2.77 3.84 2.35 2.43 2.46 2.87 2.69 2.48 2.87 2.42 2.25 3.96 2.96 2.47 2.89 5.88 2.51 2.86 0.00 2.98 2.26 2.52 2.37 2.57 3.16 2.75 13769373
3.90 2.33 4.21 2.74 3.59 2.54 3.16 2.83 2.80 2.64 2.80 2.90 5.46 2.30 3.65 2.49 2.12 2.53 2.90 2.42 2.49 0.00 2.21 0.00 0.00 3.78 2.33 2.05 2.26 2.61 2.37 3.10 13782463
3.92 2.30 4.41 2.54 4.80 4.00 2.70 3.03 2.18 2.46 2.43 5.83 2.56 2.73 2.63 7.84 2.46 2.95 2.28 2.28 3.08 2.70 2.46 2.82 0.00 4.13 2.64 2.98 2.17 2.39 2.25 2.27 13795553
4.26 2.33 2.50 2.69 2.90 3.00 2.54 2.27 2.98 2.48 7.94 5.42 2.05 3.21 3.33 2.32 2.14 3.78 2.23 3.40 3.55 0.00 2.45 2.55 0.00 2.14 2.62 2.04 2.65 2.69 2.96 2.66 13808643
4.45 2.49 2.91 2.23 2.45 2.33 3.11 3.94 2.43 2.33 2.83 3.97 4.72 2.65 4.27 4.45 2.09 3.74 2.38 2.46 3.92 0.00 3.28 2.28 0.00 2.44 4.66 2.34 2.72 2.12 2.24 4.60 13821733
3.82 2.62 4.16 2.23 3.71 2.60 2.56 4.29 2.49 2.70 3.30 5.17 4.58 2.81 6.88 5.04 2.16 2.46 2.47 2.16 2.63 0.00 2.36 3.19 0.00 4.21 2.35 2.75 2.60 2.65 2.35 3.12 13834823
4.69 2.61 4.50 2.37 3.12 2.51 3.26 5.09 3.61 2.29 2.92 3.30 5.31 2.61 6.58 5.14 2.07 3.54 2.70 2.46 4.24 0.00 2.21 2.33 0.00 4.20 3.49 3.82 2.95 2.88 3.03 3.33 13847913
4.80 2.74 4.41 2.59 5.10 5.03 2.26 5.18 3.26 3.88 2.40 6.68 5.08 2.86 6.58 6.92 2.32 3.72 2.98 9.24 2.63 0.00 2.82 2.39 0.00 4.43 2.14 3.39 4.72 2.34 2.89 2.86 13861003
4.17 2.73 4.45 2.64 5.66 4.30 3.28 4.48 2.70 2.60 4.28 7.04 3.87 2.49 4.71 2.66 2.13 3.02 3.37 2.71 3.91 6.66 2.63 2.77 0.00 4.63 3.03 3.08 2.96 3.45 2.42 5.24 13874093
4.59 2.92 4.82 2.80 6.68 4.41 3.19 4.58 4.74 2.22 6.21 6.73 4.92 2.85 6.55 4.59 2.40 3.54 6.40 3.44 2.24 6.93 3.64 3.42 0.00 4.01 3.02 4.61 2.76 3.56 3.43 7.25 13887183
4.67 3.01 4.64 2.35 6.79 3.10 3.07 4.47 2.80 2.24 6.23 4.75 5.09 5.25 6.48 6.79 2.22 3.74 4.88 4.14 3.79 0.00 2.41 2.64 0.00 4.73 4.93 4.17 2.24 2.85 2.82 6.89 13900273
4.69 2.98 4.58 2.67 6.72 2.86 2.96 5.01 2.97 2.26 8.10 6.63 4.85 4.59 6.53 4.37 2.09 3.27 3.70 2.10 4.65 6.74 4.47 2.40 0.00 3.48 2.38 0.00 2.73 2.87 3.81 0.00 13913363
4.49 2.81 4.45 2.47 6.86 5.97 3.25 5.20 5.28 2.65 8.05 6.72 5.09 5.06 6.58 4.75 2.17 3.90 4.12 9.12 5.80 0.00 2.64 3.44 0.00 4.79 4.33 4.70 2.59 6.10 6.45 7.40 13926453
4.25 2.95 4.41 2.93 6.59 6.47 3.46 3.08 3.85 5.01 8.10 6.79 5.04 2.39 6.51 6.31 2.18 3.16 6.64 8.98 3.42 0.00 4.50 2.86 0.00 4.91 2.53 4.84 2.64 7.33 4.22 6.20 13939543
5.07 2.85 4.54 2.58 7.30 5.84 3.41 5.25 4.12 4.50 8.03 6.66 4.90 3.95 6.47 6.26 2.36 3.64 5.88 6.56 3.94 0.00 4.22 3.88 0.00 5.31 3.46 4.76 2.23 7.39 3.81 6.88 13952633
4.77 2.99 4.57 2.44 7.09 4.32 3.67 5.40 5.23 5.33 8.32 5.96 4.90 5.16 6.46 6.45 2.43 3.94 6.36 8.92 5.08 0.00 4.17 3.20 0.00 4.68 5.52 5.00 2.89 4.69 4.91 6.76 13965723
5.01 2.93 4.62 3.22 6.95 6.05 3.13 5.04 3.52 3.46 8.32 6.58 5.02 5.88 6.54 6.27 2.13 3.81 5.15 8.91 5.29 6.74 5.79 3.15 0.00 4.75 5.95 4.64 5.31 7.36 6.14 6.84 13978813
4.74 2.96 4.49 2.77 7.03 6.11 3.51 4.73 2.01 5.74 8.16 6.62 4.85 5.97 6.74 6.49 2.05 3.98 6.98 8.91 5.64 0.00 2.33 4.56 0.00 4.77 6.01 4.80 3.62 7.38 2.73 5.63 13991903
4.63 3.04 4.58 2.48 7.30 6.95 3.52 5.15 5.17 6.49 8.04 6.63 5.09 5.96 6.37 6.32 2.12 3.82 6.24 9.03 5.72 0.00 0.00 4.30 0.00 4.83 5.87 4.56 6.04 7.36 5.68 0.00 14004993
4.73 3.04 4.52 3.25 6.99 6.86 3.24 5.12 5.24 7.31 8.08 6.57 4.83 5.91 7.04 6.32 2.02 3.73 7.10 8.97 5.63 0.00 2.93 4.39 0.00 0.00 5.43 4.95 5.96 7.33 6.21 6.72 14018083
4.62 3.01 4.65 2.42 0.00 7.08 3.35 5.04 2.20 7.59 8.07 0.00 4.88 5.91 6.41 6.42 2.09 3.61 4.36 9.26 6.28 0.00 9.98 4.45 0.00 5.08 5.98 4.63 5.59 7.41 6.15 7.30 14031173
4.70 3.05 4.59 3.12 7.08 6.97 3.30 5.31 0.00 7.67 8.06 6.60 4.87 6.10 6.38 6.20 2.12 3.68 0.00 8.92 5.93 0.00 0.00 0.00 0.00 4.87 6.08 4.61 5.96 7.47 6.17 0.00 14044263
4.67 3.02 4.67 3.18 7.19 6.91 3.43 5.15 0.00 7.48 8.21 6.74 4.91 5.90 6.39 6.26 2.40 3.75 7.34 8.85 5.60 0.00 0.00 4.43 0.00 5.48 6.30 4.53 5.98 0.00 6.17 0.00 14057353
4.82 2.96 4.55 0.00 7.35 7.09 3.65 5.11 0.00 3.99 8.07 6.52 5.01 5.99 6.36 6.09 2.99 3.88 2.14 8.98 5.48 6.92 0.00 3.97 0.00 0.00 6.13 4.69 6.02 7.31 6.27 0.00 14070443
4.74 3.31 4.63 0.00 8.10 6.75 3.43 5.11 0.00 7.69 8.16 6.57 5.05 5.98 6.36 6.18 2.21 3.74 6.80 8.92 5.86 6.95 0.00 4.87 0.00 4.74 6.16 4.84 5.92 7.33 6.13 7.01 14083533
4.72 3.00 4.61 3.36 7.17 6.95 3.46 5.35 5.22 7.68 8.16 6.53 4.88 5.98 6.40 6.72 2.02 3.68 6.99 8.81 5.70 0.00 9.61 4.86 0.00 4.81 6.17 4.91 6.01 7.37 6.10 0.00 14096623
4.81 2.98 4.62 3.44 7.23 6.92 3.42 5.45 5.26 7.61 7.99 6.46 4.84 5.90 6.39 6.20 2.98 3.81 3.28 8.80 5.79 6.89 0.00 4.72 0.00 4.91 6.21 4.58 5.92 7.51 6.09 0.00 14109713
4.71 2.98 4.68 0.00 7.22 6.95 3.42 5.32 0.00 7.80 8.22 6.50 4.94 5.89 6.49 6.18 2.38 3.65 0.00 8.83 5.61 0.00 9.80 4.36 0.00 0.00 6.25 4.59 5.91 0.00 6.08 0.00 14122803
4.70 2.98 4.54 0.00 7.35 7.13 3.43 5.22 5.16 7.66 8.21 6.47 4.89 6.05 6.40 6.14 2.07 3.87 7.06 8.82 5.86 0.00 0.00 4.53 0.00 4.69 6.48 4.72 6.04 7.41 6.09 0.00 14135893
0.00 2.97 4.66 0.00 7.06 6.89 3.44 5.20 0.00 7.71 8.24 6.59 0.00 5.96 6.40 6.22 2.02 3.87 7.01 8.87 5.62 7.02 2.96 4.24 0.00 4.74 6.38 4.82 5.78 7.62 6.08 0.00 14148983
4.84 2.98 4.59 0.00 7.07 6.92 3.43 5.22 0.00 7.72 8.32 0.00 5.07 5.95 6.43 6.17 2.04 3.69 0.00 9.63 5.57 0.00 0.00 3.87 0.00 0.00 6.49 4.75 5.82 7.54 6.09 7.33 14162073
4.90 2.97 4.60 3.08 7.20 6.98 3.45 5.73 0.00 7.64 8.24 6.54 4.91 5.90 6.47 6.24 0.00 3.88 0.00 8.90 5.91 0.00 0.00 4.36 0.00 4.96 6.26 4.57 6.11 7.42 6.14 7.33 14175163
4.84 2.97 4.65 3.32 7.01 6.98 3.81 5.34 0.00 7.83 8.23 0.00 4.83 5.90 6.49 6.18 2.87 3.81 7.27 9.08 5.65 0.00 0.00 0.00 0.00 4.69 6.46 4.63 6.04 7.37 6.16 7.36 14188253
4.68 2.90 4.65 0.00 7.11 7.04 3.46 5.63 0.00 7.70 8.08 6.71 4.84 6.27 6.66 6.16 2.00 3.67 0.00 8.75 5.72 7.43 9.73 0.00 0.00 4.83 6.45 4.51 6.71 7.45 0.00 0.00 14201343
4.91 2.98 4.64 0.00 7.63 7.07 3.96 5.31 5.23 7.83 8.36 7.28 5.01 5.92 0.00 6.14 3.05 3.70 0.00 9.13 5.74 0.00 9.80 5.11 0.00 4.76 6.38 4.66 6.13 7.49 6.20 0.00 14214433
4.82 3.00 4.65 0.00 7.08 7.01 3.56 5.29 5.23 7.73 8.26 6.57 4.79 5.89 7.09 6.15 2.64 4.03 7.10 9.11 5.70 0.00 9.81 0.00 0.00 4.94 6.36 4.70 5.92 7.39 6.20 0.00 14227523
5.14 2.99 4.61 2.88 7.08 7.08 3.38 5.26 0.00 7.65 8.07 6.67 4.78 5.90 0.00 6.23 2.59 4.11 6.89 9.51 5.55 6.92 0.00 5.16 0.00 0.00 6.48 4.58 6.14 7.41 6.14 0.00 14240613
0.00 2.98 4.62 3.23 7.21 7.09 3.37 5.17 0.00 7.73 8.22 6.47 4.78 5.91 6.54 6.23 0.00 3.64 0.00 9.47 5.82 0.00 0.00 0.00 0.00 4.80 6.41 4.54 5.92 7.41 6.15 0.00 14253703
4.76 3.00 4.63 3.22 7.10 7.09 3.35 5.25 0.00 7.72 8.75 6.58 4.78 5.91 6.65 6.39 0.00 3.66 6.95 9.49 5.57 6.81 9.66 0.00 0.00 4.76 6.65 4.61 6.08 7.43 6.19 0.00 14266793
4.79 3.00 4.64 3.18 7.08 7.07 3.43 5.29 0.00 7.71 8.07 6.88 4.81 5.89 0.00 6.29 2.02 3.58 0.00 9.49 5.65 0.00 9.62 0.00 0.00 4.76 6.41 0.00 5.93 7.55 6.23 0.00 14279883
4.73 2.98 4.63 3.24 7.19 6.92 3.83 5.29 5.27 7.71 8.09 6.68 4.77 5.92 6.43 6.43 2.02 3.60 0.00 9.47 6.17 0.00 0.00 0.00 0.00 5.46 0.00 0.00 6.01 7.57 6.20 0.00 14292973
5.14 3.01 4.62 3.08 7.36 6.93 3.65 5.30 0.00 7.69 8.07 6.54 4.86 5.91 6.64 6.29 2.00 3.69 0.00 0.00 5.60 6.84 0.00 0.00 0.00 4.92 6.41 4.77 5.97 7.48 6.20 0.00 14306063
5.38 3.00 4.62 3.10 7.24 6.99 4.04 5.31 0.00 7.71 8.09 0.00 5.12 5.96 6.43 6.27 0.00 3.70 0.00 9.08 5.59 6.84 9.87 0.00 0.00 4.73 6.36 5.40 5.94 7.46 6.21 0.00 14319153
4.95 3.00 4.63 3.14 0.00 6.92 0.00 5.26 0.00 7.72 8.11 6.49 5.08 5.93 6.42 6.18 0.00 3.68 6.98 8.85 6.61 0.00 9.95 5.13 0.00 4.71 6.38 4.60 5.87 7.46 6.19 7.02 14332243
4.65 3.02 4.63 3.11 7.84 7.06 3.62 5.68 0.00 7.69 8.13 6.69 5.03 5.97 6.41 6.17 2.20 3.91 0.00 9.07 5.62 0.00 0.00 4.54 0.00 0.00 6.32 4.73 5.86 7.48 6.21 0.00 14345333
4.69 2.98 4.62 3.10 7.18 6.89 3.34 5.18 0.00 7.68 8.13 6.62 5.47 5.99 6.43 6.17 2.01 3.74 0.00 0.00 5.60 6.83 9.63 4.83 0.00 4.90 6.38 4.58 5.98 7.46 6.18 0.00 14358423
5.36 2.97 4.62 2.73 7.41 6.88 3.19 5.11 0.00 7.69 8.11 7.14 4.80 6.01 6.44 6.17 2.02 3.84 0.00 8.77 5.64 6.85 9.79 5.14 0.00 4.82 6.59 0.00 6.70 7.43 6.18 0.00 14371513
4.73 2.99 4.64 0.00 7.09 6.93 3.39 5.06 0.00 7.74 8.08 6.64 4.75 6.09 6.43 6.31 2.04 3.74 0.00 8.78 5.68 0.00 0.00 4.52 0.00 4.70 6.83 0.00 6.20 7.43 6.13 0.00 14384603
4.69 2.99 4.63 0.00 7.08 6.97 3.16 5.13 0.00 7.72 8.05 6.49 4.83 5.96 6.52 6.37 2.05 3.74 0.00 8.76 5.76 0.00 9.97 4.32 0.00 4.85 6.51 4.69 6.11 7.45 6.17 0.00 14397693
4.79 2.99 4.66 0.00 7.16 6.96 3.30 5.10 0.00 7.69 8.05 6.52 4.79 6.07 6.58 6.47 2.03 3.72 0.00 8.77 5.93 0.00 9.67 4.34 0.00 4.75 6.51 0.00 5.98 7.51 6.13 0.00 14410783
4.70 2.96 4.66 0.00 7.17 6.94 3.19 5.12 0.00 7.65 8.04 6.48 4.75 6.06 6.54 6.19 2.03 4.08 0.00 8.75 5.56 0.00 0.00 4.32 0.00 4.80 6.36 4.58 6.01 7.54 6.13 0.00 14423873
4.82 3.03 4.66 0.00 7.24 6.93 3.21 5.15 0.00 7.71 8.13 6.49 5.10 6.02 6.53 6.16 2.02 3.89 0.00 8.77 5.64 6.96 0.00 0.00 0.00 4.80 6.90 4.71 5.96 0.00 6.17 0.00 14436963
5.01 3.00 4.67 0.00 0.00 7.12 3.40 5.15 0.00 7.69 8.08 6.47 4.72 6.21 6.46 6.18 2.02 3.67 0.00 8.78 5.85 0.00 9.97 5.12 0.00 0.00 6.65 4.84 6.18 7.64 6.17 0.00 14450053
4.80 3.04 4.66 0.00 8.05 7.30 3.19 5.15 0.00 7.68 8.08 6.48 4.86 6.16 6.46 6.17 2.05 3.73 0.00 8.74 5.71 0.00 0.00 0.00 0.00 5.01 6.54 4.87 6.08 7.42 6.17 0.00 14463143
4.80 2.98 4.65 0.00 7.16 7.17 3.19 5.18 0.00 7.69 8.04 6.49 0.00 6.15 6.50 6.16 2.05 3.81 0.00 8.75 5.82 6.94 0.00 0.00 0.00 4.76 6.74 5.00 5.95 7.73 6.17 0.00 14476233
4.82 3.07 4.66 0.00 7.21 7.00 3.38 5.17 0.00 7.70 8.06 7.19 4.98 6.14 0.00 6.14 2.06 3.83 0.00 8.76 5.69 0.00 0.00 4.31 0.00 4.90 6.50 4.94 6.11 7.41 6.18 0.00 14489323
4.79 2.99 4.66 0.00 7.03 0.00 3.36 5.18 0.00 7.70 8.06 0.00 4.81 6.16 0.00 6.15 2.04 3.93 0.00 8.76 5.71 0.00 0.00 5.08 0.00 5.05 6.60 5.12 6.02 7.42 6.16 0.00 14502413
4.75 2.99 4.66 0.00 7.04 6.94 3.16 5.17 0.00 7.67 8.10 6.47 4.95 6.16 7.13 6.14 2.06 3.76 0.00 8.77 5.78 7.00 0.00 4.35 0.00 4.81 6.89 0.00 5.79 7.40 6.16 0.00 14515503
0.00 2.98 4.66 0.00 7.16 6.98 3.17 5.17 0.00 7.67 8.06 6.48 4.76 6.15 6.55 6.14 2.04 3.69 0.00 0.00 5.75 0.00 0.00 4.37 0.00 4.85 6.57 0.00 6.18 7.43 6.16 0.00 14528593
4.85 2.96 4.65 0.00 7.04 7.06 3.17 5.16 0.00 7.67 8.04 6.50 4.73 6.15 6.56 6.15 2.05 3.86 0.00 0.00 5.68 6.91 0.00 4.36 0.00 4.91 6.65 5.29 5.91 7.38 6.16 0.00 14541683
4.95 2.97 4.66 0.00 7.09 7.03 3.18 5.15 5.21 7.67 8.06 6.49 4.72 6.10 0.00 6.16 2.03 3.64 0.00 0.00 5.68 0.00 0.00 5.16 0.00 5.13 6.65 0.00 6.06 7.43 6.15 0.00 14554773
4.87 2.98 4.66 0.00 7.19 7.30 3.17 5.16 0.00 7.69 8.04 6.41 4.77 6.12 6.59 6.15 2.02 3.78 0.00 8.94 5.78 6.94 0.00 4.51 0.00 4.90 6.64 0.00 6.24 7.39 6.17 0.00 14567863
4.85 2.98 4.66 0.00 7.14 7.10 3.35 5.16 0.00 7.68 8.04 0.00 4.72 6.09 6.56 6.17 2.02 3.75 0.00 8.93 5.65 6.91 0.00 4.91 0.00 5.36 6.61 4.53 6.06 7.51 6.16 0.00 14580953
4.83 2.98 4.66 0.00 7.07 6.89 3.35 5.15 0.00 7.70 7.99 0.00 4.73 6.12 6.55 6.16 2.04 3.64 0.00 9.11 5.58 6.93 0.00 4.48 0.00 5.02 6.43 4.69 5.91 7.45 6.16 0.00 14594043
4.82 2.97 4.66 0.00 7.40 7.44 3.35 5.14 0.00 7.72 8.02 0.00 4.73 6.09 6.50 6.17 2.05 3.64 0.00 0.00 6.10 6.93 0.00 5.13 0.00 0.00 6.69 0.00 6.15 7.49 6.17 0.00 14607133
4.77 2.99 4.66 0.00 7.42 6.90 3.20 5.14 0.00 7.71 8.02 6.49 4.74 6.00 6.52 6.17 2.05 3.65 0.00 0.00 5.80 7.03 9.94 0.00 0.00 0.00 6.75 0.00 6.37 7.54 6.16 0.00 14620223
4.79 2.97 4.66 0.00 7.28 6.89 3.20 5.11 0.00 7.72 8.03 6.53 4.72 6.00 6.51 6.17 2.06 3.67 0.00 0.00 5.89 6.95 0.00 5.10 0.00 0.00 6.66 0.00 6.19 7.62 6.17 0.00 14633313
4.78 2.98 4.66 0.00 7.68 7.21 3.32 5.15 0.00 7.72 8.05 6.54 4.73 6.12 6.52 6.17 2.12 3.93 0.00 0.00 5.73 0.00 0.00 5.12 0.00 5.48 7.31 4.84 6.20 7.47 6.18 0.00 14646403
4.81 2.98 4.65 0.00 7.06 7.19 3.20 5.17 0.00 7.71 8.06 0.00 4.72 5.96 6.51 6.17 2.06 3.79 0.00 0.00 5.54 6.98 0.00 5.10 0.00 4.78 6.66 0.00 6.00 8.02 6.17 0.00 14659493
4.84 2.98 4.66 0.00 7.24 7.15 3.18 5.18 0.00 7.72 8.07 6.59 4.73 6.10 6.51 6.18 2.03 3.71 0.00 0.00 5.61 6.94 0.00 5.05 0.00 0.00 6.46 4.82 6.03 7.37 6.16 0.00 14672583
4.87 2.98 4.66 0.00 7.12 6.93 3.18 5.18 0.00 7.70 8.04 7.14 4.74 6.12 6.50 6.16 2.41 3.59 0.00 0.00 5.76 0.00 0.00 5.08 0.00 5.08 6.61 4.72 6.02 7.56 6.16 0.00 14685673
4.87 2.98 4.66 0.00 7.01 6.95 3.19 5.18 0.00 7.71 8.05 6.69 4.75 6.12 6.51 6.17 2.22 3.68 0.00 0.00 5.76 0.00 0.00 5.09 0.00 0.00 6.68 4.83 6.02 8.02 6.16 0.00 14698763