4.52 3.03 0.00 0.00 4.42 4.09 3.98 5.36 0.00 7.48 7.39 7.27 5.90 7.52 8.35 0.00 0.00 3.96 7.20 8.81 4.06 5.16 0.00 5.38 0.00 2.31 3.11 2.82 3.61 4.33 5.79 6.31 2077196
4.52 3.03 0.00 0.00 4.42 4.11 3.99 5.39 0.00 7.47 7.38 7.26 5.92 7.52 8.35 0.00 2.03 3.97 7.23 8.80 4.04 5.15 0.00 5.38 0.00 2.32 3.10 2.82 3.61 4.32 5.78 6.31 2090286
4.53 3.02 0.00 0.00 4.42 4.11 3.98 5.38 0.00 7.48 7.38 7.26 5.75 7.51 8.36 0.00 2.18 3.96 7.22 8.82 4.05 5.16 0.00 5.38 0.00 2.32 3.13 2.83 3.61 4.34 5.78 6.32 2103376
4.51 3.02 0.00 0.00 4.41 4.11 4.00 5.39 0.00 7.48 7.37 7.25 5.80 7.51 8.34 0.00 2.13 3.96 7.20 8.81 4.06 5.16 0.00 5.38 0.00 2.32 3.17 2.85 3.61 4.33 5.77 6.31 2116466
4.52 3.02 0.00 0.00 4.43 4.12 4.00 5.39 0.00 7.48 7.37 7.25 5.70 7.50 8.35 0.00 2.02 3.96 7.20 8.82 4.04 5.15 0.00 5.39 0.00 2.31 3.17 2.87 3.60 4.33 5.78 6.32 2129556
4.52 3.03 0.00 0.00 4.44 4.10 4.03 5.39 0.00 7.47 7.38 7.25 5.71 7.51 8.35 0.00 2.33 3.95 7.19 8.83 4.05 5.16 0.00 5.39 0.00 2.32 3.17 2.88 3.61 4.34 5.78 6.32 2142646
4.52 3.03 0.00 0.00 4.43 4.11 4.06 5.39 0.00 7.47 7.37 7.25 5.74 7.51 8.35 0.00 2.55 3.96 0.00 0.00 4.06 5.16 0.00 5.39 0.00 2.32 3.16 2.87 3.61 4.33 5.78 6.33 2155736
4.53 3.03 0.00 0.00 4.44 4.10 3.94 5.39 0.00 7.47 7.38 7.24 5.74 7.50 8.36 0.00 2.44 3.97 0.00 0.00 4.06 5.15 0.00 5.40 0.00 2.32 3.18 2.93 3.62 4.33 5.78 6.33 2168826
4.52 3.03 0.00 0.00 4.43 4.11 3.98 5.41 0.00 7.47 7.37 7.26 5.90 7.50 8.34 0.00 2.58 3.96 0.00 8.82 4.08 4.60 0.00 5.38 0.00 2.33 3.17 2.92 3.62 4.33 5.78 6.33 2181916
4.52 3.02 0.00 0.00 4.44 4.22 4.03 5.41 0.00 7.48 7.37 7.25 5.93 7.56 8.33 0.00 2.59 3.97 0.00 8.80 4.07 5.19 0.00 5.38 0.00 2.32 3.16 2.88 3.63 4.34 5.79 6.33 2195006
4.52 3.02 0.00 0.00 4.43 4.13 3.90 5.42 0.00 7.47 7.37 7.26 5.95 7.55 8.38 0.00 2.33 3.97 0.00 0.00 4.07 5.19 0.00 5.38 0.00 2.31 3.15 2.84 3.63 4.34 5.79 6.33 2208096
4.53 3.02 0.00 0.00 4.33 4.13 3.92 5.42 0.00 7.47 7.39 7.25 5.90 7.55 8.38 0.00 0.00 3.96 0.00 8.82 4.23 0.00 0.00 5.38 0.00 2.31 3.16 2.88 3.62 4.34 5.77 6.34 2221186
4.53 3.03 0.00 0.00 4.35 4.12 3.94 5.42 0.00 7.46 7.37 7.25 5.91 7.50 8.41 0.00 0.00 3.97 7.19 8.82 4.06 0.00 0.00 5.37 0.00 2.32 3.17 2.93 3.63 4.34 5.78 6.40 2234276
4.50 3.02 0.00 0.00 4.37 4.12 3.92 5.32 0.00 7.47 7.38 7.25 5.82 7.52 8.34 0.00 0.00 3.82 7.25 8.79 4.06 0.00 0.00 0.00 0.00 2.32 3.20 3.10 3.63 4.34 5.78 6.41 2247366
4.55 3.03 0.00 0.00 4.40 4.12 4.04 5.32 0.00 7.46 7.38 7.25 5.87 7.58 8.35 0.00 0.00 3.83 6.88 8.98 4.13 0.00 0.00 0.00 0.00 2.32 3.23 2.81 3.63 4.31 5.78 6.41 2260456
4.55 3.02 0.00 0.00 4.38 4.12 3.96 5.36 0.00 7.45 7.38 7.25 5.89 7.53 8.36 0.00 0.00 3.89 6.99 8.81 4.26 4.52 0.00 0.00 0.00 2.32 3.21 2.82 3.64 4.32 5.79 6.35 2273546
4.56 3.03 0.00 0.00 4.43 4.11 4.04 5.33 0.00 7.44 7.39 7.25 0.00 7.55 8.36 0.00 0.00 3.89 6.93 8.81 4.16 4.57 0.00 0.00 0.00 2.33 3.21 2.82 3.60 4.33 5.78 6.41 2286636
4.54 3.03 0.00 0.00 4.41 4.10 3.95 5.33 0.00 7.44 7.37 7.06 5.70 7.54 8.36 0.00 2.23 3.86 7.01 8.96 4.15 4.50 0.00 0.00 0.00 2.33 3.30 2.81 3.62 4.32 5.81 6.41 2299726
4.55 3.03 0.00 0.00 4.43 4.11 0.00 5.35 0.00 7.44 7.38 7.06 5.75 7.52 8.36 0.00 2.21 3.87 7.11 9.24 4.15 4.55 0.00 0.00 0.00 2.33 3.28 2.80 3.62 4.32 5.79 6.39 2312816
4.53 3.02 0.00 0.00 4.42 4.17 0.00 5.30 0.00 7.46 7.38 7.07 5.74 7.51 8.36 0.00 2.24 3.84 7.14 9.24 4.17 4.57 0.00 0.00 0.00 2.33 3.29 2.80 3.62 4.33 5.78 6.41 2325906
4.54 3.02 0.00 0.00 4.41 4.08 3.95 5.32 0.00 7.45 7.38 7.05 5.90 7.56 8.42 0.00 2.10 3.86 0.00 8.84 4.14 0.00 0.00 0.00 0.00 2.33 3.30 2.79 3.62 4.32 5.79 6.40 2338996
4.54 3.01 0.00 0.00 4.41 4.09 3.98 5.35 0.00 7.44 7.37 7.19 6.02 7.58 8.34 0.00 0.00 3.85 0.00 8.99 4.17 0.00 0.00 0.00 0.00 2.34 3.31 2.79 3.62 4.33 5.77 6.39 2352086
4.55 3.01 0.00 0.00 4.41 4.10 3.97 5.28 0.00 7.46 7.37 7.19 5.82 7.57 8.36 0.00 0.00 3.85 7.36 8.98 4.13 4.55 0.00 0.00 0.00 2.32 3.30 2.80 3.62 4.33 5.79 6.37 2365176
4.53 3.01 0.00 0.00 4.42 4.09 0.00 5.33 0.00 7.44 7.35 7.19 5.76 7.56 8.37 0.00 0.00 3.84 0.00 0.00 4.16 5.06 0.00 0.00 0.00 2.33 3.32 2.88 3.60 4.32 5.78 6.36 2378266
4.54 3.02 0.00 0.00 4.40 4.08 4.04 5.38 0.00 7.45 7.33 7.18 5.78 7.56 8.39 0.00 0.00 3.80 0.00 0.00 4.22 0.00 0.00 0.00 0.00 2.33 3.31 2.81 3.61 4.31 5.78 6.35 2391356
4.53 3.02 0.00 0.00 4.42 4.09 0.00 5.38 0.00 7.45 7.35 7.19 5.80 7.50 8.40 0.00 0.00 3.81 7.20 9.33 4.18 0.00 0.00 0.00 0.00 2.33 3.32 2.81 3.60 4.33 5.79 6.39 2404446
4.56 3.01 0.00 0.00 4.43 4.11 0.00 5.39 0.00 7.45 7.34 7.18 5.78 7.51 8.36 0.00 0.00 3.81 7.17 9.44 4.10 0.00 0.00 0.00 0.00 2.33 3.58 2.81 3.61 4.32 5.79 6.37 2417536
4.56 3.00 0.00 0.00 4.43 4.11 0.00 5.37 0.00 7.44 7.35 7.18 5.78 7.49 8.35 0.00 0.00 3.81 7.19 9.18 4.20 4.64 0.00 0.00 0.00 2.33 4.13 2.80 3.60 4.32 5.78 6.38 2430626
4.55 3.01 0.00 0.00 4.41 4.10 4.02 5.36 0.00 7.45 7.34 7.17 5.80 7.48 8.35 0.00 0.00 3.80 7.19 9.17 4.09 0.00 0.00 0.00 0.00 2.33 3.50 2.81 3.61 4.31 5.79 6.33 2443716
4.56 3.01 0.00 0.00 4.42 4.10 0.00 5.34 0.00 7.46 7.33 7.18 5.81 7.49 8.34 0.00 0.00 3.81 7.05 9.17 4.05 4.61 0.00 0.00 0.00 2.32 3.42 2.80 3.61 4.32 5.78 6.32 2456806
4.55 3.01 0.00 0.00 4.42 4.10 3.92 5.36 0.00 7.45 7.32 7.08 6.06 7.52 8.37 0.00 0.00 3.80 7.12 9.10 4.07 0.00 0.00 0.00 0.00 2.34 3.52 2.81 3.62 4.31 5.78 6.21 2469896
4.55 3.02 0.00 0.00 4.40 4.11 3.97 5.36 0.00 7.45 7.33 7.18 6.16 7.49 8.38 0.00 0.00 3.82 7.01 9.13 4.06 0.00 0.00 0.00 0.00 2.32 3.48 2.81 3.62 4.31 5.79 6.22 2482986
4.54 3.02 0.00 0.00 4.44 4.10 4.03 5.37 0.00 7.47 7.33 7.19 6.08 7.48 8.39 0.00 0.00 3.80 7.06 8.97 4.16 0.00 0.00 0.00 0.00 2.33 0.00 2.82 3.61 4.30 5.78 6.24 2496076
4.55 3.01 0.00 0.00 4.42 4.09 0.00 5.36 0.00 7.46 7.33 7.17 6.40 7.47 8.37 0.00 0.00 3.80 7.01 9.16 4.09 0.00 0.00 0.00 0.00 2.32 0.00 2.81 3.63 4.29 5.79 6.32 2509166
4.54 3.00 0.00 0.00 4.44 4.09 0.00 5.32 0.00 7.47 7.32 7.18 6.45 7.49 8.35 0.00 0.00 3.79 6.98 9.08 4.14 0.00 0.00 0.00 0.00 2.33 0.00 2.81 3.61 4.28 5.79 6.22 2522256
4.54 3.02 0.00 0.00 4.44 4.08 4.00 5.28 0.00 7.46 7.35 7.17 6.12 7.50 8.36 0.00 2.65 3.74 6.99 9.11 4.22 0.00 0.00 0.00 0.00 2.33 0.00 2.81 3.61 4.30 5.77 6.25 2535346
4.56 3.01 0.00 0.00 4.48 4.19 0.00 5.30 0.00 7.49 7.33 7.17 6.50 7.62 8.36 0.00 0.00 3.73 7.03 9.16 4.18 0.00 0.00 0.00 0.00 2.33 3.51 2.80 3.62 4.30 5.78 6.23 2548436
4.54 3.01 0.00 0.00 4.45 4.10 0.00 5.31 0.00 7.48 7.35 7.18 5.77 7.51 8.35 0.00 0.00 3.75 7.04 8.80 4.18 4.47 0.00 0.00 0.00 2.33 0.00 2.85 3.62 4.31 5.79 6.22 2561526
4.53 3.01 0.00 0.00 4.43 4.12 0.00 5.37 0.00 7.47 7.36 7.18 5.89 7.55 8.34 0.00 0.00 3.74 7.06 8.82 4.13 4.48 0.00 0.00 0.00 2.34 3.96 3.46 4.06 4.30 5.79 6.39 2574616
4.53 3.01 0.00 0.00 4.45 4.11 0.00 5.38 0.00 7.47 7.36 7.11 5.76 7.52 8.35 0.00 0.00 3.75 6.83 8.79 4.12 4.48 0.00 0.00 0.00 2.32 3.94 2.86 3.84 4.29 5.80 6.22 2587706
4.53 3.02 0.00 0.00 4.42 4.11 3.93 5.39 0.00 7.47 7.36 6.95 6.36 7.39 8.35 0.00 0.00 3.74 6.94 8.81 4.16 4.48 0.00 5.34 0.00 2.33 0.00 2.85 3.61 4.30 5.80 6.23 2600796
4.52 3.02 0.00 0.00 4.34 4.10 0.00 5.36 0.00 7.47 7.26 6.96 5.80 7.53 8.36 0.00 2.72 3.77 7.00 9.05 4.10 0.00 0.00 5.31 0.00 2.32 3.51 2.91 3.68 4.31 5.78 6.45 2613886
4.51 3.02 0.00 0.00 4.91 4.12 0.00 5.36 0.00 7.42 7.36 6.95 5.81 7.51 8.38 0.00 0.00 3.87 7.52 9.07 4.17 4.48 0.00 5.32 0.00 2.32 3.24 2.94 3.60 4.29 5.78 6.44 2626976
4.53 3.01 0.00 3.10 0.00 4.11 0.00 5.38 0.00 7.46 7.38 6.98 5.77 7.56 8.35 0.00 0.00 3.82 7.17 0.00 4.10 0.00 0.00 5.32 0.00 2.33 3.25 2.95 3.61 4.29 5.81 6.20 2640066
4.52 3.08 0.00 3.02 4.41 4.07 0.00 5.36 0.00 7.47 7.65 6.98 5.81 7.48 8.35 0.00 0.00 3.85 7.08 8.98 4.05 4.50 0.00 5.31 0.00 2.33 3.23 2.96 3.62 4.28 5.82 6.41 2653156
4.51 3.01 0.00 0.00 4.40 4.10 3.95 5.39 0.00 7.48 7.65 6.96 5.75 7.47 8.40 0.00 0.00 3.86 6.84 9.07 4.08 4.50 0.00 5.33 0.00 2.32 3.16 3.28 3.61 4.33 5.77 6.46 2666246
4.49 3.01 0.00 2.82 4.96 4.09 0.00 5.39 0.00 7.48 7.47 6.97 6.28 7.47 8.45 0.00 0.00 3.82 7.51 9.09 4.13 4.46 0.00 5.35 0.00 2.33 3.14 3.21 3.59 4.26 5.76 6.46 2679336
4.50 3.02 0.00 0.00 4.56 4.13 0.00 5.39 0.00 7.52 7.26 6.96 5.94 7.45 8.31 0.00 2.62 3.91 6.87 0.00 4.11 4.48 0.00 5.36 0.00 2.34 3.15 3.46 3.61 4.25 5.78 6.45 2692426
4.51 3.02 0.00 3.07 4.46 4.12 0.00 5.39 0.00 7.45 7.45 6.98 6.17 7.42 8.34 0.00 2.69 3.89 0.00 0.00 4.06 4.47 0.00 5.36 0.00 2.33 3.18 2.87 3.61 4.30 5.78 6.21 2705516
4.63 3.01 0.00 3.03 4.35 4.13 0.00 5.29 0.00 7.48 7.41 7.20 6.28 7.46 8.50 0.00 0.00 3.81 7.04 9.06 4.08 4.59 0.00 5.37 0.00 2.33 3.17 2.97 3.59 4.27 5.79 6.21 2718606
4.54 3.01 0.00 3.10 0.00 4.13 0.00 5.47 0.00 7.45 7.45 7.19 5.88 7.54 8.48 0.00 2.24 3.76 7.05 8.77 4.04 4.49 0.00 5.40 0.00 2.34 3.17 3.29 3.60 4.26 5.81 6.21 2731696
4.51 3.01 0.00 2.95 4.37 4.23 0.00 5.48 5.24 7.46 7.38 6.97 0.00 7.63 9.08 0.00 0.00 3.75 7.03 8.80 4.04 0.00 0.00 0.00 0.00 2.34 3.18 3.06 3.61 4.27 5.80 6.23 2744786
4.51 3.01 0.00 3.04 4.35 4.08 0.00 5.52 5.26 7.46 7.38 6.97 6.07 7.70 8.42 0.00 0.00 3.85 0.00 8.78 4.04 4.47 0.00 0.00 0.00 2.34 3.18 2.80 3.66 4.26 5.77 6.37 2757876
4.52 3.02 0.00 3.04 4.41 4.07 3.75 5.51 5.25 7.46 7.37 6.97 5.82 7.48 8.47 0.00 0.00 3.86 7.19 8.77 4.08 4.49 0.00 0.00 0.00 2.34 3.18 2.97 3.58 4.26 5.99 6.43 2770966
4.53 3.00 0.00 3.01 4.39 4.11 0.00 5.47 0.00 7.46 7.35 6.96 5.84 7.60 8.38 0.00 3.07 4.31 0.00 8.80 4.08 4.48 0.00 0.00 0.00 2.34 3.17 3.52 3.59 4.25 5.79 7.20 2784056
4.51 2.99 0.00 3.02 4.44 4.11 0.00 5.51 0.00 7.45 7.35 7.13 5.91 7.50 8.38 0.00 2.50 3.80 7.11 8.77 4.06 4.48 0.00 0.00 0.00 2.34 3.17 3.06 3.54 4.25 5.77 6.48 2797146
4.51 3.01 0.00 3.06 4.41 4.10 0.00 5.52 5.26 7.46 7.36 6.98 5.83 7.68 8.37 0.00 2.67 3.77 7.26 8.74 4.09 4.47 0.00 0.00 0.00 2.34 3.16 3.48 3.53 4.25 5.76 6.47 2810236
4.51 3.01 0.00 3.02 4.41 4.10 3.60 5.49 0.00 7.46 7.36 6.96 5.87 7.47 8.34 0.00 2.69 3.85 6.88 8.78 4.12 4.51 0.00 0.00 0.00 2.33 3.16 3.42 3.60 4.26 5.82 6.75 2823326
4.52 3.00 0.00 3.03 4.43 4.07 0.00 5.49 5.27 7.46 7.35 6.97 5.74 7.48 8.38 0.00 2.67 3.85 6.89 8.81 4.10 4.54 0.00 0.00 0.00 2.33 3.16 3.03 3.52 4.27 5.82 6.69 2836416
4.51 3.00 0.00 3.05 4.41 4.07 0.00 5.47 5.27 7.46 7.35 7.16 5.91 7.45 8.38 0.00 2.66 3.88 6.96 8.97 4.11 4.51 0.00 0.00 0.00 2.33 3.17 3.33 3.58 4.26 6.44 6.91 2849506
4.54 3.01 0.00 3.04 4.36 4.10 0.00 5.46 0.00 7.45 7.37 7.17 5.74 7.50 8.35 0.00 2.72 3.80 7.19 8.77 4.08 4.51 0.00 0.00 0.00 2.33 3.16 3.14 3.57 4.26 6.51 6.46 2862596
4.55 3.00 0.00 3.08 4.40 4.11 0.00 5.46 0.00 7.47 7.36 7.34 5.76 7.49 8.40 0.00 2.72 3.75 7.21 8.82 4.10 4.48 0.00 0.00 0.00 2.32 3.17 3.42 3.58 4.25 5.96 6.47 2875686
4.57 3.00 0.00 3.05 4.37 4.09 0.00 5.47 0.00 7.45 7.36 7.26 5.92 7.49 8.36 0.00 2.71 3.77 7.12 9.06 4.10 4.50 0.00 0.00 0.00 2.34 3.18 3.36 3.55 4.25 6.01 6.36 2888776
4.61 3.00 0.00 3.05 4.39 4.08 0.00 5.25 0.00 7.45 7.33 7.16 6.10 7.33 8.35 0.00 0.00 3.99 7.16 8.86 4.07 4.46 0.00 0.00 0.00 2.32 3.16 0.00 3.58 4.29 5.92 6.41 2901866
4.52 3.01 0.00 3.04 4.37 4.19 0.00 5.28 0.00 7.45 7.38 6.95 5.83 7.66 8.35 0.00 0.00 4.09 7.24 9.06 4.07 4.44 0.00 0.00 0.00 2.33 3.15 3.13 3.51 4.40 5.90 6.54 2914956
4.51 3.00 0.00 3.00 4.43 4.06 0.00 5.29 0.00 7.45 7.37 7.20 5.78 7.51 8.33 0.00 0.00 3.81 7.19 9.08 4.11 4.49 0.00 0.00 0.00 2.32 3.14 3.08 3.46 4.28 5.85 6.52 2928046
4.57 3.01 0.00 3.01 4.42 4.07 0.00 5.27 0.00 7.44 7.34 6.96 5.91 7.65 8.35 0.00 0.00 3.82 7.17 8.84 4.08 4.51 0.00 0.00 0.00 2.33 3.14 2.79 3.51 4.33 5.82 6.87 2941136
4.63 2.99 0.00 3.05 4.40 4.10 3.58 5.25 0.00 7.45 7.37 7.19 5.78 7.65 8.48 0.00 0.00 4.01 0.00 9.10 4.08 4.49 0.00 0.00 0.00 2.33 3.14 2.87 3.46 4.31 5.91 0.00 2954226
4.52 3.01 0.00 3.03 4.36 4.14 3.57 5.20 5.24 7.45 7.36 7.28 5.83 7.67 8.32 0.00 2.11 3.93 7.68 9.09 4.11 4.87 0.00 0.00 0.00 2.32 3.13 2.81 3.47 4.33 5.94 6.54 2967316
4.59 3.00 0.00 3.04 4.39 4.15 3.58 5.21 0.00 7.44 7.37 7.23 5.81 7.40 8.35 0.00 2.64 4.62 7.68 9.07 4.12 4.51 0.00 0.00 0.00 2.32 3.14 3.19 3.64 4.38 5.81 6.45 2980406
4.52 3.01 0.00 3.05 4.48 4.09 3.60 5.20 0.00 7.44 7.39 7.20 6.08 7.48 8.34 0.00 0.00 3.90 7.41 0.00 4.07 4.54 0.00 5.38 0.00 2.32 3.14 2.90 3.61 4.31 5.74 6.70 2993496
4.59 3.00 0.00 3.00 4.53 4.09 3.71 5.25 0.00 7.43 7.38 7.23 5.91 7.52 8.40 0.00 0.00 3.82 7.11 8.81 4.10 4.52 0.00 0.00 0.00 2.33 3.15 2.99 3.50 4.26 6.54 0.00 3006586
4.55 3.00 0.00 3.05 0.00 4.07 3.59 5.26 0.00 7.42 7.38 7.19 5.82 7.63 8.31 0.00 0.00 4.40 0.00 8.98 4.37 4.53 0.00 0.00 0.00 2.33 3.14 2.97 3.64 4.27 5.82 0.00 3019676
4.51 3.00 0.00 3.00 4.46 4.07 0.00 5.26 0.00 7.43 7.37 7.16 6.08 7.41 8.33 0.00 2.06 3.72 7.16 8.82 4.12 4.50 0.00 0.00 0.00 2.32 3.14 2.88 3.51 4.29 5.79 0.00 3032766
4.59 3.01 0.00 0.00 4.59 4.09 0.00 5.20 0.00 7.44 7.44 7.17 5.81 7.54 8.28 0.00 0.00 4.04 7.22 8.97 4.04 0.00 0.00 5.34 0.00 2.32 3.15 2.99 3.51 4.25 5.96 0.00 3045856
4.56 3.00 0.00 3.08 4.43 4.11 3.70 5.19 0.00 7.44 7.42 7.14 6.27 7.61 8.28 0.00 2.01 3.72 7.33 8.79 4.10 4.53 0.00 5.36 0.00 2.32 3.16 2.91 3.52 4.34 5.91 0.00 3058946
4.58 2.99 0.00 0.00 0.00 4.06 3.57 5.21 0.00 7.42 7.45 6.98 5.94 7.62 8.43 0.00 0.00 3.78 0.00 8.79 4.19 0.00 0.00 5.34 0.00 2.33 3.16 3.50 3.52 4.32 5.91 6.38 3072036
4.59 3.01 0.00 0.00 4.46 4.17 3.71 5.24 0.00 7.43 7.44 6.94 5.93 7.46 8.26 0.00 0.00 3.74 0.00 8.98 4.10 4.85 0.00 5.35 0.00 2.33 3.15 2.85 3.53 0.00 5.78 6.67 3085126
4.61 3.01 0.00 0.00 4.66 4.14 3.63 5.22 0.00 7.41 7.43 6.92 6.00 7.62 8.27 0.00 0.00 4.17 7.12 8.86 4.05 0.00 0.00 0.00 0.00 2.33 3.17 3.29 3.57 0.00 5.78 6.27 3098216
4.60 3.02 0.00 3.07 4.32 4.07 3.60 5.21 0.00 7.40 7.39 6.94 5.91 7.50 8.30 0.00 3.13 4.08 0.00 0.00 4.12 0.00 0.00 0.00 0.00 2.32 3.16 2.85 3.53 4.32 5.75 0.00 3111306
4.82 3.02 0.00 0.00 5.02 4.14 3.59 5.20 0.00 7.40 7.41 7.13 5.87 7.57 8.31 0.00 2.56 3.91 0.00 9.14 4.26 4.57 0.00 0.00 0.00 2.32 3.16 3.16 3.53 4.27 5.75 6.51 3124396
4.63 3.02 0.00 0.00 4.46 4.10 3.72 5.20 0.00 7.39 7.43 6.96 6.37 7.69 8.32 0.00 0.00 3.93 7.58 9.17 4.05 4.89 0.00 0.00 0.00 2.33 3.16 3.02 3.55 4.29 5.74 6.48 3137486
4.58 3.02 0.00 0.00 0.00 4.13 3.64 5.22 5.25 7.39 7.49 7.01 6.27 7.45 8.46 0.00 2.22 3.70 0.00 9.15 4.10 0.00 0.00 0.00 0.00 2.32 3.14 3.57 3.53 4.29 5.76 6.50 3150576
4.60 3.02 0.00 0.00 0.00 4.12 3.63 5.22 0.00 7.40 0.00 7.01 6.19 7.47 8.27 0.00 3.16 3.76 7.51 9.10 4.03 4.57 0.00 0.00 0.00 2.31 3.13 3.29 3.50 4.29 5.76 6.51 3163666
4.57 3.03 0.00 0.00 4.42 4.08 3.63 5.22 0.00 7.42 7.27 6.97 5.97 7.61 8.35 0.00 3.17 3.72 7.14 9.03 4.12 4.60 0.00 5.43 0.00 2.32 3.14 2.84 3.53 4.30 5.75 6.49 3176756
4.62 3.01 0.00 0.00 4.93 4.09 3.70 5.22 0.00 7.42 7.34 6.94 6.20 7.45 0.00 0.00 0.00 3.76 7.09 9.07 4.09 4.55 0.00 5.37 0.00 2.31 3.14 2.92 3.54 4.29 5.78 6.48 3189846
4.56 3.00 0.00 0.00 5.14 4.05 3.76 5.19 0.00 7.41 7.30 6.95 6.22 7.51 8.48 0.00 0.00 4.05 7.10 8.90 4.13 4.55 0.00 5.38 0.00 2.32 3.14 3.21 3.54 4.28 5.77 6.47 3202936
4.61 3.01 0.00 0.00 0.00 4.06 3.74 5.28 0.00 7.41 7.48 6.95 5.95 7.53 8.49 0.00 0.00 4.00 7.02 9.05 4.15 4.57 0.00 5.44 0.00 2.32 3.14 2.98 3.56 4.29 5.76 6.40 3216026
4.64 3.01 0.00 0.00 4.43 4.06 3.59 5.30 0.00 7.43 7.28 6.94 6.10 7.43 8.35 0.00 0.00 3.96 7.07 9.06 4.14 0.00 0.00 5.41 0.00 2.32 3.13 2.85 3.54 4.28 5.76 6.39 3229116
4.66 3.01 0.00 0.00 0.00 4.06 3.59 5.21 0.00 7.42 7.32 6.95 6.03 7.68 8.33 0.00 0.00 3.93 7.07 9.11 4.13 4.65 0.00 5.40 0.00 2.33 3.14 3.39 3.47 4.33 5.76 6.41 3242206
4.58 3.02 0.00 0.00 4.56 4.07 3.69 5.28 0.00 7.41 7.33 6.94 6.05 7.90 8.95 0.00 0.00 4.05 7.13 9.05 4.08 4.62 0.00 5.42 0.00 2.32 3.13 3.36 3.53 4.30 5.78 6.24 3255296
4.56 3.01 0.00 0.00 4.43 4.07 3.62 5.28 0.00 7.42 7.48 6.93 5.93 7.51 0.00 0.00 0.00 3.98 7.03 9.08 4.16 0.00 0.00 5.37 0.00 2.33 3.12 3.52 3.54 4.30 5.77 6.19 3268386
4.53 3.01 0.00 0.00 4.60 4.07 3.62 5.36 0.00 7.41 7.35 6.94 5.95 7.42 8.40 0.00 0.00 3.86 7.06 9.09 4.14 4.60 0.00 5.38 0.00 2.33 3.13 3.45 3.51 4.30 5.77 6.25 3281476
4.56 3.00 0.00 0.00 4.64 4.04 3.61 5.28 0.00 7.41 7.32 6.94 5.96 7.91 8.51 0.00 0.00 4.02 0.00 8.99 4.14 0.00 0.00 5.38 0.00 2.33 3.13 2.83 3.56 4.30 5.77 6.25 3294566
4.52 3.00 0.00 0.00 4.71 4.23 3.69 5.38 5.24 7.41 7.41 6.94 5.99 7.45 8.36 0.00 0.00 4.01 7.13 9.37 4.05 4.53 0.00 5.40 0.00 2.33 3.14 3.59 3.56 4.29 5.76 6.20 3307656
4.52 3.00 0.00 0.00 4.42 4.08 3.58 5.39 0.00 7.42 7.48 6.93 5.71 7.58 8.31 0.00 0.00 3.80 0.00 8.97 4.09 0.00 0.00 5.37 0.00 2.33 3.13 3.20 3.57 4.32 5.75 6.42 3320746
4.51 2.99 0.00 0.00 4.50 4.07 3.64 5.37 0.00 7.43 7.48 6.94 5.92 7.42 8.43 0.00 0.00 3.83 0.00 8.86 4.08 4.60 0.00 5.40 0.00 2.32 3.12 2.95 3.52 4.30 5.77 6.21 3333836
4.52 3.02 0.00 0.00 5.12 4.15 3.76 5.26 0.00 7.44 7.31 6.95 6.22 7.47 8.28 0.00 0.00 3.80 0.00 8.85 4.09 0.00 0.00 0.00 0.00 2.33 3.14 3.19 3.50 4.32 5.78 6.20 3346926
4.50 3.01 0.00 0.00 4.39 4.07 3.61 5.29 0.00 7.41 7.35 6.95 6.24 7.40 8.28 0.00 0.00 3.88 0.00 9.36 4.07 0.00 0.00 0.00 0.00 2.33 3.14 2.95 3.53 4.47 5.80 6.22 3360016
4.78 3.00 0.00 0.00 4.29 4.03 3.62 5.28 0.00 7.40 7.37 6.95 5.86 7.46 8.36 0.00 0.00 3.77 7.43 8.88 4.09 0.00 0.00 0.00 0.00 2.33 3.15 2.90 3.53 4.26 5.73 6.23 3373106
4.77 3.00 0.00 2.97 4.29 4.03 3.68 5.37 0.00 7.42 7.35 6.95 5.78 7.49 8.34 0.00 2.83 3.95 7.41 0.00 4.04 5.00 0.00 4.52 0.00 2.32 3.18 3.04 3.58 4.33 5.79 6.80 3386196
4.75 3.02 0.00 0.00 4.44 4.16 3.66 5.33 0.00 7.44 7.35 6.92 0.00 7.44 8.33 0.00 0.00 3.78 6.94 8.92 4.07 0.00 0.00 0.00 0.00 2.30 3.19 2.88 3.57 4.26 5.90 6.23 3399286
4.52 3.01 0.00 0.00 4.46 4.04 3.66 5.32 5.21 7.44 7.15 6.95 0.00 7.44 8.29 0.00 2.78 3.72 7.57 8.79 4.04 4.59 0.00 4.86 0.00 2.32 3.23 3.13 3.54 4.38 5.76 6.55 3412376
4.67 3.00 5.39 0.00 4.31 4.05 0.00 5.27 0.00 7.46 7.30 6.95 6.14 7.62 8.28 0.00 2.81 3.72 6.86 8.90 4.14 4.54 0.00 0.00 0.00 2.34 3.09 2.98 3.73 4.45 5.70 6.25 3425466
4.70 3.01 0.00 0.00 4.35 4.08 0.00 5.22 0.00 7.42 7.34 6.94 5.96 7.51 8.31 0.00 2.84 3.90 6.76 8.85 4.04 0.00 0.00 4.44 0.00 2.30 3.21 3.10 3.55 4.27 5.76 6.47 3438556
4.58 3.01 0.00 0.00 4.30 4.10 0.00 5.70 0.00 7.47 7.43 6.94 0.00 7.36 8.87 0.00 2.87 3.80 6.69 8.81 4.11 4.67 0.00 4.53 0.00 0.00 3.24 2.96 3.54 4.32 5.84 6.47 3451646
4.60 3.00 5.38 0.00 4.36 4.06 0.00 5.39 0.00 7.40 7.20 7.11 6.07 7.47 8.23 0.00 2.06 3.88 6.42 8.83 4.27 4.56 0.00 4.62 0.00 2.67 3.16 3.24 3.54 4.35 5.79 6.21 3464736
5.37 2.98 5.32 0.00 4.51 4.11 0.00 5.20 0.00 7.43 7.45 7.10 6.01 7.44 8.17 0.00 2.01 3.76 6.82 8.88 4.20 4.48 0.00 4.47 0.00 2.31 3.12 2.93 3.54 4.38 5.77 6.32 3477826
4.78 3.06 5.33 3.34 4.28 4.11 3.72 5.15 0.00 7.40 7.31 6.99 6.24 7.52 8.33 0.00 2.68 3.83 6.59 8.86 4.08 4.68 0.00 4.45 0.00 2.60 3.15 2.97 3.58 4.27 5.76 6.37 3490916
4.62 3.05 5.13 0.00 4.42 4.04 0.00 5.33 5.24 7.45 7.84 6.86 6.01 7.34 8.42 0.00 2.21 3.81 6.68 8.84 4.13 0.00 5.07 0.00 0.00 2.36 3.18 3.04 3.52 4.27 5.71 6.38 3504006
4.59 3.02 5.53 0.00 4.31 4.14 0.00 5.39 5.17 5.59 8.03 7.02 6.07 7.45 8.38 0.00 0.00 3.66 6.89 8.94 4.04 0.00 0.00 0.00 0.00 2.49 3.03 3.00 3.60 4.36 5.68 0.00 3517096
4.65 3.02 5.18 0.00 4.31 4.06 0.00 5.31 0.00 7.37 7.22 6.82 5.97 7.47 8.24 0.00 0.00 3.61 6.56 0.00 4.05 4.50 3.47 5.43 0.00 2.50 3.09 3.02 3.67 4.67 5.64 6.41 3530186
4.64 3.02 5.21 0.00 5.17 4.11 0.00 5.25 0.00 7.39 7.15 6.95 6.04 7.38 8.21 0.00 2.26 4.03 6.41 8.82 4.01 4.48 0.00 5.22 0.00 2.34 3.08 3.20 3.64 4.30 5.66 6.60 3543276
4.84 3.01 0.00 0.00 4.36 4.06 3.86 5.65 5.20 7.41 7.16 6.98 0.00 7.73 8.20 0.00 2.15 3.61 6.78 8.83 4.00 4.46 0.00 4.49 0.00 2.38 3.03 2.90 3.62 4.24 5.71 6.80 3556366
4.70 3.01 4.95 0.00 4.46 4.11 3.71 5.38 5.32 7.38 7.34 6.77 6.22 6.70 8.19 0.00 2.04 3.74 6.64 8.90 4.04 4.65 0.00 4.55 0.00 2.33 3.16 3.05 3.51 4.38 5.67 6.27 3569456
4.89 3.13 4.97 3.54 4.44 4.06 3.93 5.30 5.41 7.01 7.17 6.92 0.00 7.38 8.14 0.00 2.62 3.98 6.07 0.00 3.94 4.63 0.00 0.00 0.00 2.73 3.08 2.97 3.54 4.32 5.66 6.53 3582546
4.95 2.95 5.21 0.00 4.42 4.20 3.82 5.33 5.22 7.41 7.28 6.98 4.92 7.61 8.20 0.00 0.00 3.88 6.55 9.14 4.06 4.65 0.00 5.32 0.00 2.57 3.38 3.11 3.54 4.29 5.70 6.35 3595636
5.23 2.88 5.05 0.00 4.44 4.04 3.53 5.47 5.22 7.30 7.16 6.78 6.39 7.18 8.08 8.18 2.14 3.69 4.63 9.08 4.09 4.68 0.00 4.26 0.00 2.40 3.17 3.11 3.65 4.37 5.73 6.13 3608726
4.76 3.07 0.00 3.08 4.46 4.20 3.57 5.22 5.56 2.88 7.28 6.90 6.08 3.63 8.08 7.76 2.29 3.09 6.91 9.27 3.97 4.71 2.11 3.07 0.00 0.00 3.09 3.04 3.57 4.52 5.75 6.25 3621816
4.77 2.96 5.39 3.48 4.72 4.04 3.20 5.27 5.23 6.50 7.27 7.29 4.28 7.12 7.82 7.89 2.12 3.92 5.95 9.18 3.78 4.79 2.43 2.99 0.00 2.31 3.11 3.03 3.75 4.45 5.75 6.24 3634906
4.78 2.84 4.95 3.25 4.64 4.06 3.73 5.35 5.18 6.31 7.17 6.77 4.36 5.88 7.73 7.66 2.61 3.58 6.70 9.01 4.06 5.33 5.31 4.53 0.00 2.35 3.07 3.15 3.62 4.39 5.60 6.35 3647996
4.88 2.82 4.94 3.10 4.47 4.06 3.46 5.51 5.34 4.60 7.28 6.89 5.94 5.94 7.56 7.64 2.36 3.31 7.48 9.11 3.84 4.93 3.30 4.77 0.00 2.31 3.05 3.14 3.65 4.40 5.77 6.42 3661086
4.57 2.95 4.96 2.81 4.53 4.28 3.73 5.23 4.65 3.84 6.67 6.61 6.29 4.67 6.88 7.35 2.22 3.19 6.32 8.28 3.59 5.07 4.11 3.26 0.00 2.29 3.36 3.12 3.56 4.23 5.88 6.31 3674176
4.78 2.99 5.12 2.71 4.70 4.08 3.30 5.52 5.19 2.88 7.31 6.67 3.06 6.73 7.31 7.28 2.08 3.39 2.80 9.40 4.14 0.00 3.91 0.00 0.00 2.28 2.82 3.01 3.55 4.32 5.69 5.97 3687266
4.92 2.83 5.09 2.61 4.70 4.16 4.15 5.11 4.04 3.09 7.02 5.79 5.95 3.42 7.35 7.27 2.91 2.95 6.32 9.32 3.46 4.96 6.40 4.05 0.00 2.30 3.08 3.25 3.58 4.23 4.65 6.73 3700356
4.98 2.99 5.17 3.16 4.67 4.12 3.61 5.08 3.04 2.91 6.87 6.23 6.11 5.39 7.31 7.16 2.16 2.51 6.72 9.14 4.18 4.99 3.23 2.19 0.00 2.22 3.26 3.62 3.52 4.39 3.60 6.32 3713446
5.00 2.76 4.88 2.40 4.70 4.15 3.56 5.15 3.37 2.99 5.41 6.44 5.98 5.47 7.37 7.26 2.11 3.82 4.67 8.96 2.68 5.21 4.91 4.87 0.00 2.39 2.81 3.12 3.77 4.31 4.12 6.00 3726536
4.92 2.92 4.91 2.90 4.89 4.22 3.57 4.95 2.59 3.95 4.63 0.00 5.46 5.33 7.52 7.26 2.14 2.81 7.03 9.00 4.34 5.13 2.19 2.65 0.00 2.39 3.38 3.13 3.59 4.24 4.01 6.18 3739626
5.26 3.03 5.19 2.68 4.77 4.30 3.36 5.08 4.37 2.84 4.89 6.47 3.45 3.62 7.50 7.31 2.06 3.59 6.68 9.00 3.45 5.52 4.40 3.42 0.00 2.36 3.41 3.07 3.49 3.92 4.14 5.84 3752716
5.27 3.10 5.03 2.32 4.90 4.33 3.02 4.60 2.89 3.72 5.48 6.13 5.98 4.18 7.82 7.71 2.10 3.21 5.22 9.18 3.81 5.54 3.37 4.10 0.00 2.28 3.32 3.12 2.79 4.15 5.17 5.46 3765806
5.25 2.82 4.95 2.72 4.93 4.16 3.26 4.74 3.87 2.97 6.06 6.23 5.68 3.03 7.58 7.43 2.07 3.63 6.00 9.15 3.99 0.00 2.91 2.83 0.00 2.16 3.26 2.99 3.44 4.00 3.64 5.92 3778896
5.08 2.58 5.09 2.40 4.87 3.88 3.08 4.27 3.57 3.16 4.81 6.26 5.50 5.59 7.77 7.74 2.59 3.56 6.93 9.16 3.63 5.34 4.01 2.39 0.00 2.19 3.18 3.21 3.49 4.19 5.35 0.00 3791986
4.44 3.00 5.03 2.55 4.99 4.52 3.36 3.82 3.85 3.28 4.57 6.03 5.69 2.96 7.71 7.41 2.26 3.11 3.41 9.08 4.18 5.30 2.61 5.60 0.00 2.22 3.67 3.20 3.60 4.07 3.58 5.73 3805076
5.35 2.44 4.80 2.81 4.66 4.31 3.22 3.76 4.71 2.69 3.86 6.16 5.50 2.25 7.81 7.71 2.10 3.48 7.06 9.06 4.17 5.57 2.30 0.00 0.00 2.28 3.37 3.21 3.21 4.08 4.13 5.77 3818166
5.12 2.88 4.73 2.68 5.03 3.48 3.51 5.15 3.21 3.72 5.29 5.96 5.39 3.39 7.88 7.68 2.10 3.51 3.40 7.53 4.05 5.67 0.00 3.51 0.00 2.18 3.33 2.91 3.42 4.09 5.29 0.00 3831256
5.14 2.83 0.00 2.50 5.06 4.52 3.20 5.13 4.91 2.77 3.14 5.26 5.19 5.32 7.85 7.76 2.06 3.61 6.82 8.99 3.63 5.73 3.48 4.08 0.00 2.17 3.38 2.92 3.62 4.13 4.49 4.79 3844346
5.18 2.93 4.94 3.08 5.11 4.08 3.47 4.93 4.61 3.22 4.92 5.86 5.42 6.63 0.00 7.91 2.07 3.48 6.89 8.99 5.06 0.00 2.68 4.17 0.00 2.16 3.49 2.89 3.47 4.13 4.43 5.48 3857436
5.38 2.87 5.22 2.82 5.11 4.60 2.79 5.66 4.00 2.94 4.70 5.84 5.27 3.88 8.00 7.84 2.15 3.58 5.77 9.36 4.77 0.00 7.25 3.95 0.00 2.23 3.41 2.85 3.52 4.16 4.91 0.00 3870526
5.16 2.90 5.21 2.75 5.07 4.60 3.18 5.24 4.95 3.39 4.89 5.65 5.44 6.48 0.00 8.06 2.12 3.42 6.80 8.98 4.71 5.57 0.00 4.90 0.00 2.21 3.22 2.96 3.53 4.13 4.82 5.63 3883616
5.09 2.84 5.10 3.06 5.07 4.66 3.42 4.95 4.91 4.08 5.01 5.75 5.49 6.60 8.00 7.86 2.23 2.99 4.63 8.97 4.39 0.00 0.00 4.94 0.00 2.27 3.44 3.54 3.61 4.48 5.17 5.56 3896706
5.17 3.00 4.97 2.71 5.18 4.17 3.45 4.87 4.95 3.80 4.86 5.67 5.33 6.54 8.14 8.12 2.08 3.85 6.98 9.72 4.83 5.64 2.37 0.00 0.00 2.47 3.35 2.95 3.62 4.22 5.04 4.99 3909796
5.15 2.88 5.13 2.64 5.21 4.68 3.32 4.89 4.83 4.27 4.79 5.85 5.36 6.52 0.00 7.88 2.12 3.83 6.69 9.16 4.83 5.59 3.81 4.75 0.00 2.29 3.21 3.04 3.62 4.19 5.27 5.06 3922886
5.14 3.02 5.25 0.00 5.02 4.80 3.24 4.93 4.77 4.03 4.82 5.97 5.42 6.70 0.00 7.91 2.12 3.90 6.59 9.09 4.51 5.58 0.00 4.80 0.00 2.34 3.18 2.97 3.60 4.28 4.05 5.16 3935976
5.11 3.08 4.89 2.92 5.19 4.74 3.38 4.98 5.03 4.40 4.95 5.86 5.54 6.68 8.02 7.98 2.23 4.05 3.45 9.03 4.72 5.59 0.00 4.45 0.00 0.00 3.15 2.96 3.65 4.40 5.00 5.67 3949066
5.20 2.92 5.11 0.00 5.04 4.70 3.49 4.85 4.85 4.45 4.91 0.00 5.37 6.76 8.05 8.08 2.21 3.93 6.71 8.94 4.75 5.73 0.00 3.92 0.00 2.61 3.05 3.13 3.81 4.44 4.98 4.88 3962156
5.72 2.92 4.85 0.00 5.23 4.73 3.37 5.04 3.60 4.44 4.76 0.00 5.57 6.72 8.06 0.00 2.07 4.05 6.51 8.90 5.08 0.00 0.00 4.87 0.00 2.48 2.99 2.92 3.78 4.23 4.81 5.05 3975246
5.25 3.06 5.44 0.00 5.21 4.81 3.19 0.00 4.92 4.38 4.67 5.45 5.61 6.74 8.22 8.53 2.12 4.07 6.60 8.94 4.90 6.17 0.00 5.51 0.00 2.51 3.03 3.03 3.75 4.37 4.74 4.95 3988336
5.18 2.95 5.24 0.00 5.12 4.89 3.28 4.95 5.26 4.38 4.80 5.54 5.56 6.96 8.16 0.00 2.08 4.21 6.83 9.11 4.98 5.62 0.00 4.67 0.00 2.96 2.99 3.27 3.76 4.21 5.47 5.03 4001426
5.22 2.86 5.04 3.27 5.13 4.90 3.42 4.95 5.17 4.36 5.07 5.50 5.90 6.76 8.11 8.10 2.09 4.02 6.86 9.18 4.93 5.61 0.00 0.00 0.00 2.39 3.00 2.97 3.71 4.34 4.89 4.97 4014516
5.22 3.04 0.00 0.00 5.08 4.92 3.38 4.86 5.01 4.19 4.75 5.51 5.44 6.76 8.86 8.16 2.11 4.00 6.99 9.07 4.99 5.81 0.00 0.00 0.00 2.48 2.89 3.16 3.69 4.23 5.08 4.95 4027606
5.25 3.01 5.24 0.00 5.20 4.84 3.36 4.97 4.96 4.19 4.68 5.49 5.41 6.79 8.08 8.04 2.12 4.03 6.68 8.93 5.09 5.81 0.00 5.38 0.00 2.48 2.87 2.97 3.62 4.73 4.77 5.08 4040696
5.20 3.02 5.32 0.00 5.13 4.89 3.37 5.15 4.97 4.16 4.71 5.62 5.52 6.64 8.14 8.04 2.15 4.14 6.86 8.98 5.04 5.66 0.00 5.83 0.00 2.40 3.01 3.00 3.62 4.63 5.09 5.27 4053786
5.16 2.97 0.00 0.00 5.23 4.82 3.21 4.94 5.06 4.23 4.65 5.52 5.52 6.80 8.16 8.00 2.13 4.03 6.63 9.39 4.97 5.58 0.00 5.44 0.00 2.41 2.91 2.99 3.59 4.25 4.93 4.94 4066876
5.18 3.01 5.08 0.00 5.56 4.83 3.40 4.88 4.97 4.18 4.62 5.44 5.73 6.89 8.18 8.13 2.14 4.10 6.58 8.99 4.88 5.67 0.00 5.36 0.00 2.38 2.88 2.98 3.59 4.29 4.78 4.86 4079966
5.15 3.08 5.22 0.00 5.13 4.79 3.37 4.91 5.03 4.16 4.64 5.67 5.81 6.80 8.17 0.00 2.16 4.10 6.69 9.35 4.94 0.00 0.00 0.00 0.00 0.00 3.01 2.99 3.59 4.25 5.06 5.10 4093056
5.13 3.03 4.87 0.00 5.11 4.78 3.34 4.97 5.02 4.20 4.68 5.73 5.93 6.73 8.20 0.00 2.14 4.05 6.87 9.09 4.80 0.00 0.00 5.63 0.00 2.47 2.89 3.02 3.57 4.29 5.05 4.91 4106146
5.19 3.03 0.00 0.00 5.08 4.77 3.32 4.95 5.15 4.19 4.68 5.43 5.65 6.79 8.00 8.06 2.15 4.06 6.67 9.38 4.92 0.00 0.00 0.00 0.00 2.36 2.86 3.01 3.72 4.29 5.14 4.89 4119236
5.64 3.04 0.00 3.02 5.28 4.88 3.35 4.94 5.07 4.14 4.58 5.40 5.56 6.79 8.11 8.03 2.15 3.92 6.52 9.17 4.91 5.64 0.00 0.00 0.00 2.51 2.94 3.03 3.68 4.28 4.76 4.85 4132326
5.29 2.89 0.00 0.00 5.09 4.84 3.34 4.88 5.11 4.34 4.79 5.45 5.63 6.98 8.06 8.05 2.16 3.90 6.96 9.20 4.84 0.00 0.00 0.00 0.00 2.41 2.90 3.00 3.71 4.34 4.64 5.58 4145416
0.00 2.96 0.00 0.00 5.07 4.90 3.32 4.86 5.12 4.40 4.54 5.42 5.61 6.84 8.08 8.05 2.17 3.89 6.76 0.00 4.82 0.00 0.00 4.60 0.00 2.35 3.18 2.98 3.69 4.28 4.82 4.78 4158506
5.18 2.96 0.00 0.00 5.10 4.89 3.33 4.89 5.04 4.23 4.59 5.44 5.72 6.83 8.03 8.00 2.16 3.88 7.43 9.19 4.89 0.00 0.00 0.00 0.00 2.36 2.89 2.95 3.72 4.28 4.98 5.25 4171596
5.36 3.04 0.00 0.00 5.07 4.80 3.34 4.96 4.98 4.21 4.56 5.72 5.82 6.91 8.20 8.20 2.16 4.04 7.13 9.13 5.03 5.60 0.00 0.00 0.00 2.49 2.92 2.94 3.64 4.31 4.56 5.11 4184686
5.22 2.96 0.00 3.39 5.29 4.81 3.32 4.90 4.93 4.17 4.61 5.42 5.59 6.93 8.39 7.97 2.18 4.30 6.50 8.87 5.01 0.00 0.00 0.00 0.00 2.40 2.97 2.94 3.61 4.30 4.83 4.95 4197776
5.37 2.84 0.00 0.00 5.11 5.31 3.28 4.93 4.90 4.21 4.59 5.34 5.80 7.66 8.24 8.14 2.16 4.08 6.74 9.63 5.27 5.75 0.00 6.01 0.00 2.47 2.90 3.08 3.69 4.31 4.77 0.00 4210866
5.29 3.08 4.92 0.00 5.13 4.86 3.31 4.75 5.20 4.10 4.70 5.43 5.69 6.90 8.09 8.20 2.12 0.00 6.46 8.93 4.93 6.20 0.00 5.25 0.00 2.39 2.98 2.98 3.66 4.35 4.35 4.65 4223956
5.28 2.93 0.00 2.61 5.14 4.97 3.34 4.86 5.26 4.27 4.49 5.31 5.72 6.93 8.15 8.09 2.15 4.09 6.52 9.62 4.94 5.61 0.00 0.00 0.00 2.37 2.90 3.06 3.68 5.01 4.62 4.90 4237046
5.41 3.68 0.00 0.00 5.13 4.87 3.39 5.53 4.86 4.44 4.60 5.36 5.96 7.04 8.04 0.00 2.09 3.93 6.53 8.86 4.78 5.66 0.00 0.00 0.00 2.30 2.94 3.00 3.59 4.69 4.40 4.60 4250136
5.99 2.91 5.26 0.00 5.16 4.87 3.37 5.09 4.78 4.34 4.40 5.55 5.91 6.91 8.05 8.08 2.26 3.91 6.76 8.85 5.01 5.64 0.00 0.00 0.00 2.31 2.87 2.97 3.59 4.17 4.48 4.55 4263226
5.31 2.85 0.00 0.00 5.11 4.91 3.32 4.97 4.78 2.89 4.29 5.99 6.20 6.88 8.16 8.21 2.19 4.02 6.58 8.90 4.93 5.64 0.00 4.85 0.00 2.36 2.86 2.98 3.76 4.21 4.66 4.70 4276316
5.24 3.62 0.00 0.00 5.21 5.00 3.38 5.41 4.62 4.23 4.30 5.13 5.90 7.03 8.12 8.34 2.06 4.46 0.00 8.93 5.35 6.18 0.00 4.79 0.00 2.38 2.89 0.00 3.52 4.30 4.55 4.47 4289406
5.60 2.95 5.26 2.65 5.10 4.93 3.38 5.12 4.89 4.17 4.41 5.48 6.03 6.94 8.16 8.29 2.06 3.93 6.41 9.05 5.02 0.00 0.00 4.89 0.00 2.32 2.91 3.11 3.50 4.25 4.24 4.80 4302496
5.19 2.99 5.43 0.00 5.24 4.92 3.39 5.01 4.85 4.05 4.30 4.88 6.35 7.01 8.03 0.00 2.12 4.07 0.00 8.98 4.95 5.78 0.00 5.92 0.00 2.37 2.95 0.00 3.57 4.33 4.32 5.06 4315586
5.53 2.98 0.00 3.05 5.19 4.91 3.36 4.89 4.65 3.06 4.40 5.16 6.32 7.04 8.21 8.63 2.23 4.29 0.00 9.04 5.17 6.30 0.00 5.31 0.00 2.37 2.88 3.11 3.53 4.28 4.22 4.64 4328676
5.13 2.94 0.00 0.00 5.18 4.96 3.27 5.34 4.67 3.78 4.40 5.26 5.95 6.95 8.08 0.00 2.09 4.49 7.71 8.98 5.32 6.29 0.00 5.76 0.00 2.35 2.89 3.02 3.56 4.35 4.42 4.26 4341766
5.23 3.00 0.00 0.00 5.18 4.99 3.49 5.03 4.58 3.35 4.46 4.93 6.02 7.11 8.06 8.52 2.06 3.83 6.86 9.04 4.90 5.61 0.00 5.39 0.00 2.47 3.03 2.87 3.78 4.38 4.60 4.31 4354856
5.39 3.00 0.00 0.00 5.47 4.99 3.36 4.95 4.27 4.12 4.41 4.85 5.94 7.02 8.07 0.00 2.08 3.84 0.00 9.05 4.99 5.70 0.00 5.31 0.00 2.62 2.86 2.91 3.46 4.24 4.12 4.29 4367946
5.25 2.99 0.00 0.00 5.17 5.00 3.48 4.90 4.33 3.25 4.12 4.82 6.05 7.08 7.99 0.00 2.07 3.86 6.89 9.08 5.08 5.68 0.00 0.00 0.00 2.35 2.92 3.55 3.57 4.30 4.26 4.04 4381036
5.39 2.98 5.39 0.00 5.25 5.08 3.11 5.04 4.31 4.02 4.00 4.96 6.00 7.09 8.03 0.00 2.05 4.35 0.00 9.03 5.00 5.71 0.00 0.00 0.00 2.34 2.92 3.17 3.61 4.22 4.11 4.88 4394126
5.69 3.26 0.00 0.00 5.26 5.12 3.19 4.83 4.83 4.06 3.95 4.73 0.00 6.99 8.21 0.00 2.05 3.79 7.35 0.00 5.08 5.84 0.00 4.38 0.00 2.68 2.95 2.92 3.46 4.32 4.06 4.70 4407216
5.26 3.06 5.73 0.00 5.33 5.14 3.21 4.88 4.54 3.97 4.14 4.82 6.24 7.21 7.98 0.00 2.03 4.23 7.07 8.99 4.95 0.00 0.00 5.81 0.00 2.41 2.95 3.21 3.54 4.31 3.96 4.37 4420306
0.00 3.03 0.00 0.00 5.26 5.02 3.72 4.95 4.33 3.55 4.13 4.80 5.94 7.10 8.14 0.00 2.05 4.06 6.79 8.99 5.09 5.76 0.00 0.00 0.00 2.43 2.96 2.93 3.55 4.35 3.91 5.04 4433396
5.33 3.02 5.34 2.77 5.26 5.02 3.42 4.98 4.20 3.77 3.97 4.62 6.11 7.10 8.01 8.78 2.23 4.12 7.31 9.12 5.04 5.75 0.00 4.65 0.00 2.65 2.93 3.06 3.59 4.25 3.90 4.31 4446486
5.94 3.00 5.34 3.08 5.22 5.09 3.33 4.90 4.21 3.78 4.02 4.80 6.00 7.13 8.04 0.00 2.16 4.03 0.00 9.05 5.08 6.21 0.00 0.00 0.00 2.42 2.93 3.08 3.46 4.32 3.60 4.02 4459576
6.01 2.90 5.34 0.00 5.32 5.07 3.59 4.85 4.21 3.03 4.08 4.64 6.18 7.12 8.23 0.00 2.41 4.36 0.00 9.11 5.09 5.73 0.00 5.50 0.00 2.40 2.90 0.00 3.58 4.32 3.91 3.92 4472666
5.62 2.96 0.00 0.00 5.51 5.29 3.25 5.07 4.29 3.85 4.04 4.34 6.13 7.18 8.12 0.00 2.04 3.96 7.13 9.01 5.08 5.92 0.00 0.00 0.00 2.54 2.95 0.00 3.46 4.27 3.90 4.02 4485756
5.74 3.00 0.00 0.00 5.25 5.15 3.50 5.25 4.35 3.83 3.92 0.00 6.31 7.16 8.00 0.00 2.22 4.58 6.36 9.68 4.98 5.81 0.00 0.00 0.00 2.52 2.93 3.12 3.43 4.29 3.64 4.00 4498846
5.47 2.92 0.00 3.14 5.42 5.13 3.27 4.98 4.33 3.99 3.87 4.54 6.14 7.18 7.88 0.00 2.10 3.88 7.23 9.06 5.11 5.67 0.00 5.47 0.00 2.52 2.90 2.90 3.43 4.24 3.80 4.17 4511936
5.47 2.96 5.37 0.00 5.31 5.15 3.27 4.89 4.33 3.78 3.93 4.54 6.11 7.17 7.99 8.76 2.01 3.89 7.15 9.02 5.16 5.81 0.00 5.08 0.00 2.76 2.99 2.87 3.46 4.28 3.75 4.06 4525026
5.70 2.99 0.00 3.07 5.40 5.08 3.84 5.04 4.13 3.76 3.75 4.49 6.32 7.17 8.14 0.00 2.01 3.90 6.72 9.15 5.15 5.79 0.00 0.00 0.00 3.02 2.95 2.87 3.43 4.39 3.94 4.13 4538116
5.74 2.94 0.00 0.00 5.48 5.10 3.43 4.91 3.94 3.60 3.65 4.23 6.38 7.22 8.18 0.00 2.04 3.83 6.61 9.03 5.12 6.06 0.00 0.00 0.00 2.51 3.00 3.17 3.44 4.28 3.89 4.09 4551206
5.57 2.99 5.35 3.14 5.37 5.20 3.29 5.02 3.96 3.69 3.49 4.27 6.36 7.17 8.06 0.00 0.00 3.88 6.76 9.04 5.15 5.78 0.00 4.58 0.00 2.86 2.97 2.89 3.41 4.37 3.56 3.89 4564296
0.00 2.96 0.00 0.00 5.34 5.19 3.33 4.77 4.40 3.51 3.58 4.38 6.39 7.18 8.10 8.25 2.12 3.65 6.66 9.08 5.08 5.90 0.00 4.79 0.00 2.53 2.98 2.95 3.48 4.32 3.60 4.03 4577386
5.78 3.02 5.34 0.00 5.43 5.14 0.00 4.99 3.93 3.58 3.82 4.19 0.00 7.24 8.16 0.00 2.38 3.64 6.95 9.05 5.16 6.04 0.00 5.12 0.00 2.59 2.97 2.92 3.40 4.31 3.73 3.88 4590476
5.37 3.00 5.32 0.00 5.38 5.18 3.28 4.96 3.95 3.82 3.95 4.33 0.00 7.26 8.14 0.00 2.29 4.09 7.07 9.07 5.10 5.97 0.00 5.30 0.00 2.91 3.07 2.95 3.44 4.48 3.56 3.70 4603566
0.00 2.98 0.00 0.00 5.48 5.25 3.33 4.79 3.78 3.64 3.74 4.17 6.67 7.42 8.08 0.00 2.03 3.76 6.83 0.00 5.07 5.86 0.00 0.00 0.00 2.60 3.11 2.76 3.55 4.37 3.45 3.68 4616656
5.35 2.97 5.17 0.00 5.38 5.25 3.43 4.78 3.83 3.82 3.94 4.00 0.00 7.26 8.26 0.00 2.95 3.48 6.95 9.01 5.21 5.84 0.00 0.00 0.00 2.66 3.11 3.11 3.45 4.38 3.72 3.82 4629746
0.00 2.99 5.37 0.00 6.03 5.30 3.17 5.12 3.74 3.30 3.59 3.86 6.21 7.27 8.05 0.00 2.05 3.55 0.00 9.00 5.71 5.81 0.00 5.13 0.00 2.63 3.03 2.97 3.47 4.50 3.51 3.85 4642836
0.00 3.00 0.00 0.00 5.45 5.41 3.23 5.25 3.88 3.82 3.56 4.19 0.00 7.26 8.48 0.00 2.78 3.61 6.98 9.00 5.34 0.00 0.00 4.81 0.00 2.75 3.05 2.89 3.77 4.42 3.55 3.75 4655926
0.00 2.88 5.37 0.00 5.58 5.34 3.11 5.27 3.49 3.55 3.48 3.96 0.00 7.27 8.36 0.00 2.13 3.73 7.17 8.96 5.12 0.00 0.00 0.00 0.00 2.63 3.09 2.63 3.68 4.41 3.62 4.06 4669016
0.00 2.90 5.01 0.00 5.57 5.25 3.17 4.94 3.57 3.28 3.57 4.00 6.17 4.62 8.18 0.00 2.39 3.52 7.30 9.10 5.35 5.86 0.00 5.01 0.00 2.99 3.07 2.67 3.76 4.44 3.49 3.94 4682106
0.00 2.88 0.00 2.71 5.45 5.38 3.17 4.81 3.75 3.02 3.36 3.79 0.00 7.35 8.01 0.00 2.93 3.49 0.00 9.01 5.23 5.88 0.00 4.47 0.00 2.63 3.15 2.75 3.68 4.40 3.74 3.79 4695196
5.39 3.02 5.18 3.61 5.60 5.46 3.29 4.78 3.66 3.27 3.39 3.76 6.08 7.36 8.14 0.00 2.84 3.75 6.82 9.11 5.08 6.00 0.00 4.88 0.00 2.65 3.13 2.69 3.65 4.25 3.49 3.57 4708286
0.00 2.89 0.00 3.29 5.64 5.37 3.32 4.91 3.39 3.31 3.35 3.98 6.60 7.34 8.16 0.00 2.14 3.50 6.98 9.09 5.18 0.00 0.00 4.81 0.00 2.64 3.14 2.71 3.59 4.16 3.48 3.68 4721376
0.00 3.08 5.25 3.18 5.93 5.37 3.22 4.74 3.34 3.32 3.36 3.50 6.05 7.40 8.17 0.00 2.44 3.52 7.20 8.94 5.38 0.00 0.00 0.00 0.00 2.69 3.16 2.98 3.54 4.15 3.50 3.72 4734466
0.00 2.98 5.07 0.00 5.75 5.45 3.23 4.81 3.48 3.34 3.29 3.61 0.00 7.29 8.16 0.00 2.08 3.67 0.00 8.96 5.26 0.00 0.00 0.00 0.00 2.70 3.17 2.86 3.44 4.18 3.52 4.24 4747556
5.30 3.00 5.20 0.00 5.69 5.50 3.42 4.77 3.87 3.01 3.46 3.62 0.00 7.26 8.37 0.00 2.51 3.65 6.93 8.94 5.25 0.00 0.00 5.06 0.00 2.73 3.23 2.98 3.26 0.00 3.45 3.74 4760646
0.00 3.00 4.87 0.00 5.71 5.46 3.43 4.76 3.33 3.19 3.34 3.62 0.00 6.80 8.20 0.00 3.00 3.35 6.99 8.96 5.21 0.00 0.00 4.45 0.00 2.80 3.18 3.61 3.37 3.99 3.39 3.65 4773736
0.00 3.01 4.86 0.00 5.78 5.45 3.15 4.77 3.58 3.22 3.46 3.57 0.00 7.33 8.46 0.00 2.02 3.39 7.42 8.98 5.29 6.08 0.00 4.41 0.00 2.76 3.21 2.89 3.25 4.06 3.51 3.70 4786826
0.00 2.99 4.92 0.00 5.75 5.54 3.30 4.65 3.35 3.18 3.45 3.66 6.18 7.46 8.11 0.00 2.22 3.45 6.66 8.99 5.18 6.10 0.00 0.00 0.00 3.07 3.24 2.88 3.13 4.02 3.41 3.69 4799916
0.00 2.97 4.77 0.00 5.65 5.93 3.29 4.83 3.11 3.36 3.34 3.53 0.00 7.30 8.40 0.00 2.46 3.64 0.00 8.98 5.38 6.18 0.00 4.52 0.00 2.76 3.27 2.84 3.21 3.96 3.43 3.62 4813006
0.00 2.98 4.86 0.00 5.79 5.58 3.28 4.76 3.41 2.94 3.46 3.55 0.00 7.32 8.51 0.00 2.06 3.43 7.04 8.98 5.29 6.16 0.00 5.33 0.00 2.83 3.24 2.86 3.25 3.90 3.47 3.72 4826096
0.00 2.96 4.72 0.00 5.74 5.59 3.15 4.78 3.23 3.06 3.43 3.56 0.00 7.49 8.28 0.00 2.03 3.57 6.72 9.01 5.30 0.00 0.00 0.00 0.00 2.91 3.40 2.91 3.17 3.91 3.47 3.73 4839186
0.00 3.02 4.49 0.00 5.83 5.61 3.22 4.61 3.20 2.99 3.33 3.59 6.68 8.02 8.23 0.00 2.59 3.45 0.00 9.05 5.13 0.00 9.97 4.74 0.00 2.88 3.60 2.81 3.12 3.89 3.44 3.96 4852276
0.00 2.97 4.71 0.00 5.76 5.61 3.15 4.67 3.15 2.98 3.40 3.49 0.00 7.36 8.27 0.00 2.05 3.77 7.39 9.00 5.85 6.11 0.00 5.56 0.00 3.03 3.32 3.13 3.04 3.99 3.51 3.70 4865366
0.00 2.92 4.55 0.00 5.73 5.62 3.17 4.68 3.15 2.91 3.36 3.63 0.00 7.38 8.14 0.00 2.17 3.41 0.00 9.00 5.21 6.53 0.00 4.50 0.00 2.86 3.26 2.77 2.97 3.93 3.48 3.73 4878456
5.84 2.99 4.31 0.00 5.95 5.66 3.22 4.68 3.12 3.07 3.32 3.64 0.00 7.18 8.80 0.00 2.06 3.66 0.00 9.00 5.23 0.00 0.00 4.74 0.00 2.90 3.28 2.75 3.02 3.95 3.50 4.05 4891546
0.00 2.98 4.27 3.40 5.81 5.61 3.15 4.68 3.05 3.13 3.27 3.60 6.54 7.47 8.12 0.00 2.01 3.54 0.00 9.01 5.23 6.30 0.00 5.69 0.00 2.90 3.29 2.82 3.01 3.96 3.49 4.15 4904636
5.20 3.08 4.54 0.00 5.90 5.65 3.27 4.69 2.75 3.00 3.37 3.59 6.62 7.38 8.38 0.00 2.61 3.26 0.00 8.99 5.51 6.17 0.00 4.98 0.00 2.90 3.36 2.80 3.00 3.88 3.46 3.77 4917726
0.00 3.01 3.99 0.00 5.83 5.72 3.36 4.70 3.08 2.90 3.41 3.53 0.00 7.49 8.18 0.00 2.11 3.75 0.00 8.99 5.40 6.75 0.00 0.00 0.00 2.98 3.30 2.79 3.11 3.99 3.40 3.73 4930816
5.52 2.95 3.94 0.00 5.97 5.71 3.40 4.95 2.91 2.87 3.40 3.54 0.00 7.43 8.02 0.00 0.00 3.58 0.00 9.71 5.28 6.18 0.00 0.00 0.00 3.07 3.33 2.80 2.98 3.93 3.43 3.99 4943906
0.00 2.98 3.87 3.37 5.92 5.86 3.13 4.81 2.99 2.82 3.25 3.55 0.00 7.32 8.02 0.00 2.01 3.49 7.03 8.97 5.35 6.37 0.00 0.00 0.00 3.16 3.27 2.70 3.02 4.15 3.40 3.79 4956996
5.42 2.97 3.78 5.51 6.18 5.84 3.20 4.64 3.02 2.75 3.48 3.69 0.00 7.40 8.18 0.00 2.49 3.70 0.00 0.00 5.30 6.28 0.00 4.65 0.00 3.63 3.37 2.50 3.01 3.94 3.48 3.77 4970086
5.27 3.07 3.75 0.00 5.98 5.82 3.17 4.57 2.92 2.79 3.35 3.62 0.00 7.37 8.03 0.00 2.20 3.64 0.00 9.35 5.72 0.00 0.00 4.67 0.00 3.18 3.35 2.72 3.01 4.02 3.39 4.14 4983176
0.00 2.89 3.80 0.00 6.01 5.84 3.35 4.67 2.93 2.70 3.45 3.66 0.00 7.37 8.07 0.00 2.22 3.54 7.62 9.06 5.47 6.28 0.00 5.34 0.00 3.17 3.32 2.73 3.04 4.02 3.47 2.05 4996266
0.00 2.89 3.73 3.85 6.01 6.03 3.21 4.77 3.03 2.64 3.34 3.54 6.17 7.46 0.00 0.00 2.04 3.67 0.00 0.00 5.64 0.00 0.00 5.35 0.00 3.25 3.33 2.73 3.19 4.01 3.37 3.85 5009356
6.09 3.05 3.63 0.00 6.07 5.97 3.24 4.52 2.83 2.73 3.30 3.59 0.00 7.76 8.15 0.00 2.03 3.61 0.00 9.10 5.19 0.00 0.00 0.00 0.00 3.44 3.38 2.52 3.15 4.16 3.46 3.90 5022446
0.00 2.97 3.73 3.28 6.00 5.94 3.18 4.90 2.78 2.66 3.22 3.70 0.00 7.42 8.13 0.00 2.16 3.57 0.00 8.93 5.27 6.34 0.00 5.11 0.00 3.36 3.39 2.64 3.29 4.10 3.55 3.88 5035536
0.00 3.04 3.76 0.00 6.15 6.04 3.39 4.51 2.96 2.64 3.26 3.56 0.00 7.48 8.09 0.00 2.29 3.63 4.07 9.01 5.33 6.37 0.00 5.22 0.00 3.39 3.31 3.08 3.26 4.08 3.52 4.06 5048626
0.00 2.95 3.82 3.09 6.05 5.99 3.23 4.66 2.82 2.60 3.21 3.62 0.00 7.46 8.56 0.00 2.24 3.44 0.00 8.99 5.50 0.00 0.00 4.91 0.00 3.44 3.33 2.60 3.18 4.13 3.59 3.97 5061716
5.19 2.96 3.77 3.10 6.22 6.18 3.19 4.50 2.83 2.63 3.25 3.60 0.00 7.42 8.21 0.00 3.21 3.65 7.23 8.96 5.46 7.01 0.00 0.00 0.00 3.45 3.30 2.79 3.25 4.22 3.41 3.99 5074806
0.00 3.03 3.99 3.84 6.08 6.13 3.17 4.65 2.86 2.57 3.24 3.65 0.00 7.47 8.07 0.00 0.00 3.66 6.98 8.97 0.00 0.00 0.00 4.76 0.00 3.42 3.39 2.85 3.26 4.25 3.38 3.92 5087896
5.44 2.96 3.79 0.00 6.53 6.12 3.48 4.65 2.94 2.65 3.21 3.63 0.00 7.45 8.20 0.00 2.08 3.49 0.00 8.95 5.47 6.33 0.00 0.00 0.00 3.51 3.39 2.75 3.21 4.24 3.54 3.86 5100986
5.42 3.04 3.85 3.19 6.27 6.25 3.12 4.75 2.80 2.49 3.27 4.04 0.00 4.42 8.93 0.00 2.91 3.47 0.00 8.94 5.42 6.39 0.00 0.00 0.00 3.43 3.38 2.61 3.23 4.26 3.35 3.80 5114076
5.54 3.02 3.82 5.31 6.16 6.15 3.30 4.60 2.84 2.62 3.29 3.59 0.00 7.63 8.14 0.00 2.08 3.53 0.00 8.92 5.41 6.47 0.00 0.00 0.00 3.49 3.41 2.66 3.19 4.28 3.40 4.49 5127166
0.00 3.01 3.84 0.00 6.16 6.19 3.40 4.52 2.81 2.62 3.30 3.69 0.00 7.45 8.14 0.00 2.07 3.49 7.31 8.95 5.46 6.48 0.00 0.00 0.00 3.54 3.39 2.37 3.38 4.32 3.42 3.87 5140256
5.42 3.04 3.84 0.00 6.31 6.37 3.31 4.65 2.88 2.58 3.28 3.74 0.00 7.47 7.92 0.00 2.67 3.94 7.31 8.94 5.45 0.00 0.00 0.00 0.00 3.59 3.38 2.64 3.41 4.34 3.44 4.01 5153346
0.00 3.01 3.74 2.57 6.40 6.34 3.16 4.66 2.96 2.51 3.31 3.68 0.00 7.43 7.99 0.00 2.27 3.42 7.07 8.96 5.65 6.45 0.00 5.39 0.00 3.63 3.51 2.40 3.35 4.34 3.51 3.78 5166436
5.53 2.92 3.90 0.00 6.15 6.34 3.17 4.67 2.86 2.60 3.29 3.81 0.00 7.45 8.04 0.00 0.00 3.63 0.00 9.00 5.29 0.00 0.00 0.00 0.00 3.67 3.56 2.57 3.37 4.47 3.28 3.85 5179526
0.00 3.01 3.74 3.03 6.30 6.53 3.16 4.68 2.86 2.52 3.72 3.78 0.00 7.46 8.06 0.00 0.00 3.57 0.00 9.07 5.34 0.00 0.00 5.35 0.00 3.82 3.62 2.72 3.50 4.56 3.50 3.66 5192616
0.00 3.00 3.78 0.00 6.33 6.43 3.24 4.56 2.81 2.61 3.46 3.77 0.00 7.72 8.02 0.00 2.23 3.59 7.11 8.99 5.46 0.00 0.00 4.49 0.00 3.80 3.51 2.61 3.54 4.51 3.56 3.64 5205706
5.31 2.99 3.68 0.00 6.40 6.42 3.36 4.51 2.75 2.71 3.35 3.78 0.00 7.37 7.99 0.00 2.47 3.51 7.30 8.96 5.66 6.50 0.00 0.00 0.00 3.78 3.73 2.65 3.53 4.68 3.62 3.65 5218796
5.51 3.05 3.64 5.83 6.35 6.55 3.35 4.68 2.73 2.66 3.41 3.78 0.00 7.39 8.08 0.00 2.05 3.66 7.17 8.96 5.44 0.00 0.00 5.24 0.00 4.05 3.60 2.65 3.58 4.56 3.71 3.63 5231886
5.41 3.00 3.66 3.42 6.60 6.53 3.27 4.60 2.81 2.68 3.35 3.96 0.00 7.48 8.08 0.00 2.01 3.58 7.11 8.99 5.57 6.76 0.00 4.82 0.00 3.84 3.72 2.57 3.69 4.61 2.60 3.72 5244976
5.44 2.98 3.60 5.54 7.10 6.59 3.24 4.52 2.76 2.69 3.42 3.82 0.00 6.31 8.09 0.00 2.08 3.53 7.01 9.00 5.63 0.00 0.00 0.00 0.00 3.63 3.75 2.55 3.70 4.84 3.68 3.71 5258066
0.00 2.90 3.60 0.00 6.54 6.79 3.32 4.53 2.76 2.73 3.32 3.84 0.00 7.47 8.06 0.00 2.43 3.55 6.84 9.02 5.50 6.60 0.00 0.00 0.00 3.73 3.77 2.75 3.77 4.89 3.68 3.56 5271156
0.00 3.03 3.62 0.00 7.05 6.74 3.20 4.43 2.87 2.75 3.34 3.98 0.00 7.44 7.98 0.00 2.99 3.52 7.00 0.00 5.97 7.11 0.00 4.87 0.00 3.70 3.80 2.73 3.81 4.80 3.54 3.54 5284246
0.00 3.04 3.65 5.48 6.65 6.68 3.45 4.46 2.95 2.65 3.42 4.14 0.00 7.45 7.94 0.00 2.01 3.83 7.02 9.07 5.61 6.57 0.00 5.29 0.00 3.68 3.79 2.68 3.66 4.73 3.68 3.41 5297336
0.00 3.00 3.67 5.45 6.81 6.73 3.15 4.70 2.85 2.61 3.37 4.58 0.00 7.43 7.86 0.00 2.05 3.64 6.94 9.01 5.49 6.56 0.00 5.56 0.00 3.68 3.86 2.39 3.72 4.79 3.50 3.55 5310426
0.00 2.98 3.57 3.04 6.71 6.72 3.27 4.49 3.43 2.60 3.25 3.86 0.00 7.41 7.95 0.00 3.07 3.76 6.88 9.73 5.76 0.00 0.00 0.00 0.00 3.62 3.92 2.55 3.90 4.75 3.57 3.43 5323516
5.72 3.01 3.60 0.00 6.66 6.99 3.40 4.59 2.86 2.60 3.31 4.57 0.00 7.46 7.85 0.00 2.49 3.58 0.00 9.10 5.59 6.62 0.00 0.00 0.00 3.82 3.93 2.61 3.71 4.81 3.14 3.54 5336606
0.00 3.01 3.58 5.34 6.94 6.87 3.18 4.52 2.83 2.59 3.28 3.81 0.00 7.39 7.95 0.00 0.00 3.95 7.34 9.00 5.51 0.00 0.00 5.41 0.00 3.64 3.90 2.38 4.01 4.84 3.50 3.66 5349696
5.73 3.02 3.55 0.00 6.86 6.79 3.49 4.58 2.87 2.59 3.29 3.89 0.00 0.00 7.97 0.00 2.10 3.83 7.21 8.96 5.61 7.20 0.00 5.44 0.00 3.69 3.94 2.61 3.79 4.89 3.45 3.48 5362786
0.00 3.00 3.54 0.00 6.87 6.76 3.39 4.63 2.87 2.47 3.43 3.91 0.00 7.36 7.95 0.00 2.08 3.74 0.00 9.07 5.50 0.00 0.00 0.00 0.00 0.00 3.95 3.09 3.98 4.94 3.53 3.44 5375876
0.00 2.89 3.59 2.88 7.34 6.75 3.15 4.62 2.80 2.49 3.39 4.00 0.00 7.45 7.89 0.00 0.00 3.66 7.03 8.94 5.56 0.00 0.00 0.00 0.00 3.69 4.01 2.57 3.88 4.87 3.59 4.10 5388966
0.00 2.92 3.69 0.00 6.72 6.78 3.16 4.59 2.80 2.40 3.28 3.89 0.00 7.43 7.95 0.00 0.00 3.70 7.25 9.01 5.56 0.00 0.00 0.00 0.00 3.59 4.00 2.38 3.74 4.98 3.66 3.40 5402056
5.42 3.00 3.58 0.00 7.05 6.89 3.35 4.46 2.83 2.34 3.28 0.00 0.00 7.44 8.10 0.00 2.02 3.66 7.11 8.98 5.52 6.76 0.00 0.00 0.00 3.53 4.02 3.33 3.77 5.06 3.70 3.42 5415146
0.00 3.01 3.88 0.00 6.61 6.76 3.14 4.89 2.83 2.53 3.46 3.88 0.00 7.38 8.19 0.00 2.27 3.89 7.03 9.01 5.53 0.00 0.00 0.00 0.00 3.59 4.03 2.36 3.92 5.29 3.56 3.44 5428236
0.00 3.02 3.55 5.32 7.10 6.83 3.18 4.42 2.83 2.37 3.33 3.91 0.00 7.34 7.92 0.00 2.03 3.76 6.96 9.03 5.50 0.00 0.00 0.00 0.00 3.62 4.08 2.46 3.77 5.13 3.56 3.41 5441326
5.51 2.98 3.53 5.22 6.74 6.80 3.13 4.46 2.82 2.36 3.34 3.93 0.00 7.46 7.94 0.00 2.94 3.72 6.96 9.10 5.55 0.00 0.00 0.00 0.00 3.64 4.05 2.42 4.10 5.39 3.56 3.42 5454416
5.44 3.00 3.65 5.23 6.69 6.77 3.15 4.47 2.82 2.39 3.39 3.89 0.00 8.12 7.96 0.00 0.00 3.91 6.98 8.98 5.51 0.00 0.00 0.00 0.00 3.56 4.03 2.48 3.93 4.93 3.53 3.41 5467506
5.73 3.03 3.54 5.32 6.71 6.78 3.13 4.45 2.82 2.40 3.28 4.04 0.00 7.58 7.88 0.00 2.03 3.89 6.94 9.00 5.65 6.78 0.00 0.00 0.00 3.66 4.09 2.36 3.96 5.14 3.49 3.49 5480596
0.00 3.01 3.53 5.31 6.74 6.85 3.74 4.66 2.82 2.37 3.38 3.94 0.00 7.36 8.07 0.00 0.00 3.85 6.89 8.99 5.68 0.00 0.00 0.00 0.00 3.68 4.13 2.47 3.89 4.98 3.51 3.44 5493686
0.00 3.01 3.68 5.33 6.71 6.83 3.13 4.47 2.86 2.43 3.50 3.92 0.00 7.38 7.88 0.00 0.00 3.87 6.99 8.99 5.69 6.66 0.00 0.00 0.00 3.67 4.11 2.39 3.83 5.00 3.52 3.50 5506776
5.53 3.09 3.73 5.60 6.77 7.32 3.14 4.48 2.82 2.31 3.30 3.90 0.00 7.38 8.07 0.00 0.00 4.52 6.99 8.99 5.68 6.76 0.00 0.00 0.00 3.62 4.06 0.00 3.91 4.97 3.51 3.58 5519866
5.90 3.03 3.70 0.00 6.68 6.96 3.12 4.47 2.88 2.34 3.32 3.97 0.00 7.36 8.07 0.00 0.00 3.78 6.97 9.01 5.55 6.71 0.00 0.00 0.00 0.00 4.13 2.31 3.85 5.00 3.48 3.78 5532956
0.00 2.93 0.00 0.00 6.92 6.84 3.13 4.48 2.87 2.30 3.23 3.96 0.00 7.36 8.03 0.00 2.00 3.81 7.00 9.00 5.57 6.73 0.00 0.00 0.00 3.66 4.27 2.65 4.02 4.98 3.49 3.63 5546046
0.00 3.02 3.60 0.00 6.81 6.81 3.13 4.73 2.87 2.29 3.30 4.04 0.00 7.36 8.10 0.00 2.06 3.89 7.01 9.00 5.74 6.68 0.00 5.18 0.00 3.61 4.10 2.36 3.93 4.93 3.49 0.00 5559136
0.00 3.01 3.82 0.00 7.00 6.83 3.13 4.70 2.84 2.27 3.96 3.99 0.00 7.34 0.00 0.00 2.05 3.80 7.02 9.00 5.60 0.00 0.00 5.18 0.00 3.65 4.19 2.30 3.90 5.02 3.50 3.57 5572226
5.41 2.93 3.79 5.60 7.10 6.88 3.14 4.72 2.84 2.30 3.33 3.95 0.00 7.35 0.00 0.00 2.03 3.76 7.00 8.99 5.70 0.00 0.00 5.19 0.00 3.72 4.10 2.45 4.12 5.04 3.52 3.73 5585316
0.00 2.97 3.55 5.59 6.66 6.84 3.14 4.71 2.84 2.27 3.36 3.96 0.00 7.35 8.03 0.00 2.03 3.75 6.98 9.00 5.56 0.00 0.00 0.00 0.00 3.62 4.16 2.42 3.98 5.12 3.54 0.00 5598406
5.61 2.99 3.57 5.62 6.70 6.86 3.15 4.72 2.84 2.30 3.32 4.44 0.00 7.36 8.08 0.00 2.02 3.76 7.01 8.98 5.57 6.78 0.00 0.00 0.00 0.00 4.10 2.33 4.13 5.03 3.54 3.58 5611496
0.00 3.01 3.60 5.59 6.68 6.83 3.15 4.73 2.81 2.32 3.38 4.03 0.00 7.36 8.08 0.00 0.00 3.85 7.06 8.97 5.56 6.98 0.00 0.00 0.00 0.00 4.17 3.10 3.90 5.13 3.52 3.49 5624586
5.99 2.97 3.56 5.60 6.72 7.09 3.15 4.72 2.83 2.28 3.33 3.94 0.00 7.38 7.90 0.00 2.51 3.95 7.02 8.96 5.57 7.45 9.94 0.00 0.00 3.66 4.16 2.59 4.01 4.94 3.55 3.51 5637676
0.00 2.88 3.46 0.00 6.78 6.80 3.13 4.51 2.88 2.26 3.24 4.09 0.00 7.35 7.92 0.00 2.02 3.92 7.02 8.94 5.59 7.42 0.00 0.00 0.00 4.25 4.14 2.65 3.97 5.01 3.55 0.00 5650766
0.00 2.94 3.53 0.00 6.69 6.88 3.15 4.85 2.87 2.29 3.40 3.96 0.00 7.37 7.90 0.00 2.54 3.82 7.00 8.98 5.47 0.00 0.00 0.00 0.00 3.62 4.11 2.65 4.09 5.24 3.55 3.48 5663856
0.00 2.97 3.51 0.00 6.67 6.80 3.14 4.61 2.86 2.27 3.28 3.92 0.00 7.38 7.92 0.00 2.02 3.83 6.98 8.97 5.69 6.65 0.00 0.00 0.00 3.61 4.19 2.42 3.98 5.11 3.52 3.54 5676946
0.00 2.97 0.00 0.00 6.71 6.80 3.14 4.95 2.87 2.28 3.36 3.95 0.00 7.38 7.92 0.00 2.03 3.89 7.02 8.98 5.58 6.77 0.00 0.00 0.00 3.94 4.20 2.56 4.16 5.08 3.43 0.00 5690036
0.00 2.95 3.52 0.00 6.70 6.85 3.15 4.60 2.87 2.30 3.33 3.98 0.00 7.38 8.00 0.00 2.02 3.92 7.01 8.98 5.74 0.00 0.00 0.00 0.00 3.87 4.17 2.32 4.09 5.01 3.50 3.45 5703126
0.00 2.95 3.48 0.00 7.03 6.97 3.16 4.53 2.86 2.34 3.37 4.08 0.00 7.35 8.01 0.00 2.02 3.91 7.03 8.98 5.58 0.00 0.00 0.00 0.00 3.76 4.14 2.44 3.96 5.07 3.53 3.52 5716216
0.00 2.94 3.49 0.00 6.74 6.89 3.15 4.47 2.82 2.31 3.34 4.33 0.00 7.36 8.32 0.00 2.01 3.87 0.00 8.99 5.49 0.00 0.00 0.00 0.00 3.61 4.18 2.63 3.89 5.05 3.47 3.45 5729306
0.00 2.94 3.47 0.00 7.36 6.87 3.14 4.53 2.86 2.29 3.35 3.93 0.00 7.38 7.87 0.00 2.01 3.84 7.25 8.99 5.55 6.78 9.98 0.00 0.00 3.68 4.25 2.34 3.96 5.01 3.41 3.47 5742396
0.00 2.96 3.50 0.00 6.75 6.86 3.12 4.51 2.84 2.24 3.41 4.05 0.00 7.37 8.02 0.00 0.00 3.83 7.02 8.99 5.46 0.00 9.97 0.00 0.00 3.86 4.17 2.29 3.94 5.24 3.41 3.55 5755486
0.00 2.96 3.47 0.00 6.67 6.86 3.12 4.57 2.85 2.25 3.36 4.00 0.00 7.38 8.17 0.00 2.15 3.88 6.87 8.99 5.62 6.69 0.00 0.00 0.00 3.81 4.22 2.39 4.03 5.16 3.42 3.42 5768576
0.00 2.97 3.56 0.00 6.79 7.13 3.15 4.55 2.82 2.28 3.38 4.11 0.00 7.38 8.03 0.00 2.10 4.07 7.06 8.99 5.67 0.00 0.00 0.00 0.00 0.00 4.20 2.40 4.07 5.03 3.31 3.41 5781666
0.00 2.99 3.53 0.00 6.66 7.00 3.13 4.73 2.82 2.30 3.39 3.99 0.00 7.35 8.24 0.00 2.12 3.80 7.38 9.01 5.62 6.85 0.00 0.00 0.00 3.73 4.25 2.66 3.92 5.21 3.34 3.47 5794756
0.00 2.98 3.49 0.00 6.69 7.21 3.14 4.55 2.84 2.31 3.46 3.96 0.00 7.35 7.97 0.00 2.03 3.80 6.91 9.00 5.65 6.90 0.00 0.00 0.00 3.81 4.26 2.38 3.96 5.07 3.37 3.47 5807846
0.00 3.01 3.51 5.42 6.73 6.99 3.16 4.77 2.81 2.29 3.32 4.04 0.00 7.36 7.88 0.00 2.12 3.98 7.01 8.99 5.99 6.85 0.00 0.00 0.00 3.77 4.21 2.53 4.10 5.19 4.09 0.00 5820936
0.00 2.91 3.50 5.77 6.73 6.87 3.20 4.58 2.93 2.31 3.33 3.98 0.00 7.36 7.86 0.00 2.07 3.79 7.05 9.02 5.48 0.00 0.00 0.00 0.00 3.84 4.21 2.32 3.99 5.22 3.32 3.44 5834026
0.00 3.01 3.50 0.00 7.00 7.06 3.17 4.49 2.92 2.28 3.35 3.99 0.00 7.32 8.00 0.00 2.09 4.18 7.01 9.73 6.10 6.68 0.00 0.00 0.00 3.96 4.20 2.50 3.98 5.34 3.30 3.40 5847116
0.00 2.93 3.56 0.00 7.45 6.93 3.18 4.54 2.81 2.38 3.34 3.97 0.00 7.35 7.92 0.00 2.95 4.10 7.00 9.11 5.48 0.00 0.00 0.00 0.00 3.90 4.24 2.49 4.03 5.17 3.33 3.51 5860206
0.00 2.95 3.52 5.39 6.79 6.90 3.19 4.57 2.91 2.30 3.44 4.09 0.00 7.37 7.83 0.00 2.17 3.76 7.05 9.17 5.50 0.00 0.00 0.00 0.00 3.92 4.22 2.52 3.98 5.32 3.42 3.38 5873296
0.00 2.96 3.50 0.00 6.79 7.11 3.41 4.56 3.01 2.37 3.43 3.99 0.00 7.37 7.85 0.00 2.07 3.66 0.00 9.01 5.98 7.15 0.00 0.00 0.00 3.99 4.22 2.37 4.05 5.19 3.27 3.50 5886386
5.60 2.96 3.53 5.30 6.87 6.93 3.21 4.89 2.80 2.36 3.36 4.04 0.00 7.33 7.91 0.00 2.32 3.73 7.05 9.01 5.80 0.00 0.00 0.00 0.00 3.72 4.27 2.42 4.22 5.24 3.41 3.54 5899476
0.00 2.95 3.46 5.36 0.00 6.92 3.43 4.56 2.82 2.33 3.37 3.95 0.00 7.32 7.88 0.00 2.07 3.79 7.53 9.00 5.77 0.00 0.00 0.00 0.00 3.72 4.30 2.57 4.11 5.20 3.31 3.46 5912566
0.00 2.98 3.67 0.00 6.72 6.93 3.14 4.66 2.89 2.32 3.36 4.12 0.00 7.32 7.80 0.00 2.20 3.72 7.16 9.02 5.49 0.00 0.00 0.00 0.00 3.69 4.24 2.46 4.11 5.16 3.29 3.56 5925656
0.00 2.99 3.50 5.34 6.96 7.05 3.34 5.31 2.83 2.34 3.54 4.08 0.00 7.34 7.83 0.00 2.12 4.44 7.05 9.01 5.79 6.79 0.00 0.00 0.00 4.47 4.37 2.79 4.45 5.17 3.40 3.46 5938746
0.00 3.01 3.59 0.00 6.74 7.00 3.25 4.80 2.82 2.29 3.34 3.98 0.00 7.32 7.80 0.00 2.76 3.69 7.50 9.01 5.70 6.74 0.00 0.00 0.00 3.98 4.30 2.54 4.25 5.26 3.44 3.62 5951836
0.00 3.02 3.56 0.00 6.90 6.91 3.21 4.60 2.81 2.29 3.55 4.01 0.00 7.30 8.04 0.00 2.08 3.71 7.01 9.03 5.96 0.00 0.00 0.00 0.00 3.84 4.31 2.45 4.09 5.28 3.32 3.53 5964926
0.00 3.04 3.65 0.00 7.10 6.96 3.33 4.54 2.82 2.45 3.37 4.01 0.00 7.33 7.86 0.00 0.00 3.91 0.00 0.00 5.83 6.69 0.00 5.33 0.00 3.88 4.44 2.63 4.07 5.22 3.36 0.00 5978016
0.00 2.91 3.50 5.66 6.97 6.95 3.17 4.61 2.83 2.27 3.37 4.02 0.00 6.40 7.87 0.00 2.11 3.64 6.85 9.61 5.45 7.47 0.00 5.32 0.00 3.73 4.39 2.46 4.29 5.18 3.42 3.42 5991106
0.00 3.03 3.50 0.00 7.04 6.99 3.51 4.59 2.85 2.34 3.41 4.05 0.00 7.32 7.83 0.00 2.12 3.69 6.87 9.01 5.89 6.82 0.00 5.30 0.00 3.90 4.39 2.51 4.23 5.31 3.53 3.37 6004196
0.00 2.94 3.52 0.00 6.92 7.01 3.30 4.55 2.78 2.26 3.49 4.22 0.00 7.32 7.80 0.00 2.04 3.70 7.14 9.00 5.61 0.00 0.00 0.00 0.00 3.79 4.43 3.05 4.21 5.28 3.37 3.43 6017286
5.59 3.03 3.60 0.00 7.15 7.03 3.27 4.64 3.10 2.25 3.39 4.11 0.00 7.30 7.78 0.00 2.52 4.02 0.00 9.01 5.91 7.16 0.00 4.75 0.00 3.89 4.42 2.93 4.15 5.57 3.32 3.50 6030376
0.00 2.92 3.56 5.79 7.04 7.05 3.42 4.74 2.82 2.28 3.47 4.49 0.00 7.33 7.77 0.00 2.94 3.82 6.84 9.03 5.69 6.96 0.00 4.80 0.00 3.96 4.49 2.61 4.33 5.36 3.32 3.38 6043466
0.00 2.89 3.77 0.00 6.95 7.03 3.19 4.53 2.82 2.21 3.57 4.07 0.00 7.34 7.79 0.00 0.00 3.67 0.00 9.01 5.74 6.91 0.00 4.56 0.00 3.77 4.59 2.84 4.17 5.31 3.36 4.14 6056556
0.00 2.92 3.47 0.00 6.79 7.05 3.14 4.69 2.79 2.27 3.50 4.05 0.00 7.32 7.86 0.00 2.20 3.70 0.00 0.00 5.57 0.00 0.00 0.00 0.00 3.91 4.46 2.59 4.26 5.40 3.44 3.33 6069646
0.00 2.89 3.48 0.00 6.79 7.06 3.14 4.57 2.81 2.31 3.53 4.06 0.00 7.32 7.78 0.00 2.10 3.85 0.00 0.00 5.57 6.77 0.00 0.00 0.00 4.29 4.47 2.71 4.13 5.32 3.38 3.38 6082736
0.00 2.93 3.53 0.00 6.80 7.11 3.39 4.57 2.78 2.49 3.50 4.11 0.00 7.32 7.79 0.00 2.03 3.77 7.13 9.27 5.55 0.00 0.00 0.00 0.00 3.75 4.49 2.50 4.33 5.34 3.34 3.42 6095826
0.00 2.96 3.61 0.00 7.30 7.12 3.39 4.71 2.81 2.29 3.45 4.15 0.00 7.33 7.79 0.00 2.25 3.74 7.70 9.32 5.61 0.00 0.00 0.00 0.00 3.76 4.46 2.58 4.20 5.51 3.41 4.14 6108916
0.00 2.97 3.53 5.26 6.75 7.06 3.29 4.71 2.80 2.29 3.57 4.09 0.00 7.31 7.79 0.00 2.03 3.84 0.00 0.00 6.04 6.86 0.00 0.00 0.00 3.90 4.51 2.60 4.19 5.35 3.54 3.40 6122006
0.00 2.92 3.50 5.23 6.91 7.06 3.31 4.69 2.82 2.32 3.43 4.11 0.00 7.33 7.80 0.00 2.04 4.08 7.19 9.23 5.56 0.00 0.00 0.00 0.00 3.79 4.52 2.50 4.36 5.58 3.44 3.45 6135096
0.00 3.03 3.52 5.26 6.96 7.03 3.23 4.62 2.81 2.30 3.48 4.06 0.00 7.31 7.80 0.00 2.06 3.99 7.11 9.83 5.53 6.86 0.00 0.00 0.00 3.80 4.52 2.71 4.44 5.35 3.52 3.47 6148186
0.00 2.99 3.50 5.24 7.55 7.07 3.42 4.65 2.83 2.26 3.49 4.04 0.00 7.31 7.81 0.00 2.03 4.28 7.52 9.83 5.55 0.00 0.00 0.00 0.00 3.95 4.54 2.53 4.29 5.74 3.36 3.41 6161276
0.00 2.98 3.50 5.34 6.80 7.07 3.44 4.62 2.81 2.28 3.49 4.19 0.00 7.32 7.79 0.00 2.03 4.23 7.18 9.25 5.67 6.84 0.00 0.00 0.00 0.00 4.58 2.65 4.36 5.53 3.51 3.43 6174366
5.40 2.98 3.50 5.32 6.95 7.03 3.47 4.61 2.80 2.34 3.54 4.05 0.00 7.33 7.79 0.00 2.05 3.70 6.42 9.25 5.95 0.00 0.00 0.00 0.00 3.97 4.59 2.77 4.29 5.34 3.52 3.60 6187456
0.00 2.98 3.53 5.33 6.83 7.14 3.45 4.61 2.80 2.28 3.54 4.07 0.00 7.33 7.79 0.00 2.03 3.77 6.43 9.27 5.66 0.00 0.00 0.00 0.00 3.80 4.55 2.48 4.53 5.38 3.44 3.49 6200546
0.00 3.00 3.50 5.34 7.18 7.08 3.28 4.64 2.82 2.34 3.52 4.07 0.00 7.33 7.80 0.00 2.02 3.73 0.00 0.00 5.87 0.00 0.00 0.00 0.00 4.09 4.58 2.49 4.51 5.50 3.51 3.43 6213636
0.00 2.96 3.66 5.37 6.74 7.11 3.31 4.61 2.81 2.37 3.53 4.05 0.00 7.33 7.80 0.00 2.02 3.74 7.04 0.00 5.62 0.00 0.00 0.00 0.00 0.00 4.61 2.52 4.44 5.42 3.52 3.43 6226726
5.56 3.01 3.49 5.33 6.79 7.16 3.29 4.62 2.83 2.29 3.50 4.06 0.00 7.34 7.80 0.00 2.01 3.96 7.04 0.00 5.86 6.81 0.00 0.00 0.00 3.96 4.56 2.88 4.42 5.41 3.49 3.43 6239816
0.00 2.95 3.55 5.35 6.80 7.19 3.39 4.67 2.84 2.27 3.55 4.07 0.00 7.36 7.78 0.00 2.05 4.08 6.83 0.00 5.75 0.00 0.00 0.00 0.00 3.88 4.56 3.17 4.19 5.37 3.43 3.75 6252906
0.00 2.96 3.53 5.35 6.77 7.15 3.39 4.69 2.94 2.26 3.59 4.73 0.00 7.36 7.77 0.00 2.04 4.03 6.95 0.00 5.78 6.78 0.00 0.00 0.00 3.99 4.56 2.54 4.33 5.36 3.44 3.43 6265996
0.00 2.96 3.49 5.32 6.79 7.18 3.39 4.62 2.83 2.26 3.47 4.13 0.00 7.36 7.77 0.00 2.03 4.08 6.40 0.00 5.80 0.00 0.00 0.00 0.00 4.42 4.56 2.68 4.35 5.37 3.44 3.41 6279086
0.00 3.02 3.53 5.31 6.81 7.15 3.27 4.60 2.80 2.27 3.54 4.17 0.00 7.31 7.77 0.00 2.10 3.75 0.00 0.00 5.78 0.00 0.00 0.00 0.00 0.00 4.55 0.00 4.36 5.38 3.42 3.51 6292176
0.00 2.95 3.51 5.32 6.80 7.06 3.26 4.62 2.80 2.26 3.60 4.16 0.00 7.33 7.77 0.00 2.13 3.75 0.00 0.00 5.65 0.00 0.00 0.00 0.00 3.94 4.55 2.71 4.26 5.38 3.42 3.51 6305266
0.00 2.99 3.56 5.36 6.77 7.07 3.29 4.62 2.81 2.27 3.48 4.16 0.00 7.31 7.78 0.00 2.16 4.45 6.60 0.00 5.76 0.00 0.00 0.00 0.00 3.94 4.56 2.74 4.23 5.38 3.43 3.46 6318356
0.00 3.00 3.53 0.00 6.78 7.10 3.30 4.53 2.81 2.27 3.60 4.14 0.00 7.32 7.77 0.00 2.15 3.82 6.66 0.00 5.65 6.89 0.00 0.00 0.00 3.97 4.55 2.73 4.24 5.37 3.43 3.51 6331446