4.41 3.05 0.00 2.92 4.33 4.41 0.00 5.09 0.00 7.53 7.40 7.44 5.56 7.25 6.99 6.53 2.02 3.91 7.13 8.70 4.20 4.56 0.00 0.00 0.00 2.48 3.10 3.46 3.67 4.21 6.04 0.00 15288773
4.41 3.05 0.00 2.82 4.32 4.27 0.00 5.27 0.00 7.54 7.42 7.91 5.57 7.25 7.00 6.55 2.26 3.89 7.15 8.72 4.20 4.56 0.00 0.00 0.00 2.46 3.09 3.47 3.66 4.20 6.04 0.00 15301863
4.38 3.05 0.00 2.84 4.35 4.26 0.00 5.11 0.00 7.53 7.41 7.83 5.57 7.26 7.01 6.56 2.02 3.90 7.15 8.72 4.21 4.54 0.00 0.00 0.00 2.47 3.09 3.48 3.66 4.22 6.04 0.00 15314953
4.37 3.05 0.00 2.86 4.57 4.26 0.00 5.27 0.00 7.53 7.40 7.92 5.57 7.25 7.00 6.56 2.26 3.91 7.16 8.73 4.22 4.55 0.00 0.00 0.00 2.46 3.11 3.47 3.65 4.21 6.05 0.00 15328043
4.36 3.05 5.38 2.97 4.35 4.20 0.00 5.23 0.00 7.54 7.42 7.40 5.53 7.24 6.99 6.55 2.03 3.83 0.00 9.19 4.20 4.58 0.00 0.00 0.00 2.46 3.10 3.47 3.65 4.22 6.05 0.00 15341133
4.39 3.05 0.00 2.94 4.33 4.20 0.00 5.27 0.00 7.53 7.29 7.92 5.50 7.27 7.00 6.53 2.03 3.81 7.18 9.19 4.19 4.58 0.00 0.00 0.00 2.61 3.10 4.19 3.64 4.24 6.05 0.00 15354223
4.45 3.04 5.35 0.00 4.33 4.21 0.00 5.30 0.00 7.53 7.35 7.59 0.00 7.33 6.97 6.53 2.03 3.82 0.00 9.13 4.22 4.46 0.00 0.00 0.00 2.62 3.09 0.00 3.61 4.26 6.01 6.71 15367313
4.35 3.04 5.32 0.00 4.31 4.29 0.00 5.23 0.00 7.53 7.40 7.46 5.59 7.26 7.08 6.50 2.08 3.81 7.24 8.47 4.23 4.47 0.00 0.00 0.00 2.53 3.19 4.19 3.62 4.12 5.93 0.00 15380403
4.44 3.02 0.00 3.01 4.35 4.24 0.00 5.30 0.00 7.53 7.32 7.43 5.43 7.26 7.08 6.50 2.74 3.81 7.20 8.82 4.20 4.47 0.00 0.00 0.00 0.00 3.14 4.20 3.61 4.13 5.94 6.68 15393493
4.42 3.05 0.00 2.80 4.32 4.24 0.00 5.13 0.00 7.54 7.30 7.44 5.61 7.25 7.10 6.55 2.02 3.76 7.48 8.64 4.20 4.49 0.00 4.58 0.00 2.49 3.22 3.85 3.62 4.25 5.87 6.64 15406583
4.46 3.02 0.00 2.80 4.37 4.19 0.00 5.31 0.00 7.52 7.34 7.52 6.15 7.19 7.08 6.47 2.03 4.11 7.12 9.37 4.13 4.57 0.00 4.69 0.00 2.45 3.24 3.29 3.84 4.26 5.87 6.96 15419673
4.39 3.04 0.00 2.85 4.17 4.20 4.19 5.05 0.00 7.53 7.38 7.27 5.64 7.26 7.17 6.43 2.29 3.84 4.68 8.59 4.21 0.00 0.00 0.00 0.00 2.46 3.23 3.95 3.61 4.23 5.88 6.85 15432763
4.41 3.02 5.12 3.07 4.24 4.19 0.00 5.71 0.00 7.51 7.45 7.29 5.71 7.22 7.40 6.42 2.06 3.77 6.98 8.52 4.25 4.55 0.00 0.00 0.00 2.44 3.23 3.57 3.62 4.17 6.08 6.98 15445853
4.39 3.05 0.00 0.00 4.26 4.22 0.00 5.16 0.00 7.52 7.40 7.28 5.58 7.36 7.19 6.53 2.26 3.77 6.90 9.06 4.20 0.00 0.00 4.70 0.00 2.52 3.21 3.45 3.62 4.24 5.87 6.73 15458943
5.00 3.01 5.36 3.17 4.19 4.58 0.00 5.13 0.00 7.53 7.41 7.40 5.62 7.30 7.44 6.53 2.27 3.76 6.58 8.55 4.24 4.56 0.00 4.53 0.00 2.49 3.14 3.50 3.81 4.24 5.89 0.00 15472033
4.71 3.02 0.00 0.00 4.20 4.22 0.00 5.15 0.00 7.54 7.41 7.39 5.54 7.38 7.46 6.94 2.20 3.89 6.70 8.83 4.20 4.48 0.00 4.43 0.00 3.07 3.18 3.51 3.74 4.26 6.49 6.74 15485123
4.39 3.05 0.00 0.00 4.29 4.30 0.00 5.09 0.00 7.47 7.29 7.27 5.58 7.42 7.58 6.69 2.03 3.90 6.72 8.92 4.11 0.00 0.00 0.00 0.00 2.50 3.13 3.76 3.71 4.17 6.16 0.00 15498213
4.54 3.02 0.00 0.00 4.31 4.09 0.00 5.09 0.00 7.54 7.30 7.25 5.88 7.40 7.46 6.67 2.03 3.72 6.59 9.11 4.22 5.20 0.00 0.00 0.00 2.51 3.12 3.55 3.77 4.50 5.86 6.60 15511303
4.49 3.01 0.00 2.97 4.29 4.11 3.31 5.19 5.19 7.55 7.30 7.25 5.71 7.29 7.59 6.69 2.03 3.87 6.65 9.00 4.20 4.95 0.00 4.65 0.00 2.44 3.10 3.35 3.67 4.21 5.76 6.56 15524393
4.54 3.02 5.37 0.00 4.21 4.04 3.78 5.10 0.00 7.44 7.30 8.06 5.49 7.43 7.70 6.76 2.18 3.84 6.53 8.69 4.15 4.52 0.00 0.00 0.00 2.37 3.48 3.41 3.75 4.22 5.88 7.06 15537483
4.36 3.04 5.40 0.00 4.29 4.02 3.81 5.28 0.00 7.44 7.32 7.87 5.46 7.38 7.68 6.79 2.08 4.07 6.62 8.66 4.12 5.16 0.00 4.82 0.00 2.42 3.04 0.00 3.81 4.29 5.82 7.19 15550573
4.47 3.02 0.00 0.00 4.24 4.01 3.62 5.15 0.00 7.55 7.28 7.26 5.77 7.40 7.69 7.02 2.13 3.75 6.91 8.65 4.18 4.45 0.00 0.00 0.00 2.42 3.08 3.45 3.66 4.21 6.34 7.15 15563663
4.47 3.02 4.97 0.00 4.19 4.02 4.15 5.34 5.20 7.53 7.28 7.23 5.57 7.37 7.75 6.79 2.27 3.75 6.70 8.66 4.12 4.66 0.00 0.00 0.00 2.43 3.05 0.00 3.63 4.16 5.81 7.01 15576753
4.75 3.03 5.03 0.00 4.36 4.02 0.00 5.30 0.00 7.54 7.28 7.35 5.61 7.38 7.86 7.03 2.77 4.09 7.04 8.93 4.23 0.00 0.00 4.62 0.00 3.02 3.40 0.00 3.72 4.20 5.89 0.00 15589843
4.43 3.06 0.00 0.00 4.90 4.02 0.00 5.21 0.00 7.53 7.36 7.21 5.86 7.46 7.80 7.14 2.27 3.72 6.71 8.70 4.10 0.00 0.00 0.00 0.00 2.71 3.38 3.40 3.60 4.23 5.97 7.02 15602933
4.47 3.02 5.04 0.00 4.28 4.00 4.04 5.29 0.00 7.53 7.32 7.19 5.83 7.43 7.72 6.98 0.00 3.83 6.47 9.19 4.21 0.00 0.00 4.08 0.00 3.14 3.05 3.38 3.48 0.00 6.06 0.00 15616023
4.39 3.06 5.20 0.00 4.24 4.04 0.00 5.19 0.00 7.53 7.34 7.21 5.64 7.34 7.86 7.13 2.03 3.92 6.76 8.88 4.09 0.00 0.00 5.02 0.00 2.64 3.18 3.36 3.55 4.18 5.77 6.72 15629113
5.02 3.05 5.21 0.00 4.24 4.01 3.75 5.43 0.00 7.48 7.26 7.19 5.83 7.44 7.74 7.13 2.17 3.66 6.77 8.86 4.10 4.46 0.00 5.04 0.00 2.60 3.24 3.37 3.58 4.12 5.83 7.10 15642203
4.48 3.02 5.38 0.00 4.24 4.03 0.00 5.12 0.00 7.47 7.41 7.20 5.90 7.43 7.78 7.09 2.05 4.21 6.78 8.63 4.07 0.00 0.00 5.41 0.00 2.45 3.04 3.84 3.54 4.19 5.86 6.92 15655293
4.51 3.03 0.00 0.00 4.29 4.04 0.00 5.18 0.00 7.49 7.29 7.17 0.00 7.55 7.88 6.97 2.02 3.86 7.58 8.83 4.09 4.61 0.00 4.45 0.00 2.46 3.09 3.42 3.48 4.17 6.00 7.15 15668383
4.53 3.04 5.14 3.40 4.29 4.07 0.00 6.08 5.24 7.45 7.38 7.17 5.69 7.35 7.91 0.00 2.86 3.74 6.78 8.86 4.19 4.62 0.00 5.06 0.00 2.45 3.08 3.40 3.53 4.32 5.85 0.00 15681473
4.41 3.05 5.20 0.00 4.23 4.01 0.00 5.90 0.00 7.47 7.29 7.14 5.59 7.40 7.90 7.09 0.00 3.65 6.59 9.23 4.10 4.62 0.00 0.00 0.00 2.62 3.08 3.40 3.47 4.28 5.90 6.75 15694563
4.44 3.08 5.28 0.00 4.21 4.02 0.00 5.29 0.00 7.50 7.33 7.18 5.74 7.65 7.97 7.00 2.88 3.73 7.23 9.50 4.06 4.84 0.00 4.45 0.00 2.64 3.03 3.42 3.72 4.23 5.76 6.78 15707653
4.45 3.08 0.00 2.99 4.28 4.04 3.60 5.30 0.00 7.50 7.30 7.17 5.75 7.59 8.51 7.10 2.84 3.65 6.76 8.84 4.04 4.54 0.00 4.52 0.00 2.69 3.16 3.45 3.54 4.13 5.81 6.73 15720743
4.46 3.04 0.00 3.06 4.26 4.00 4.15 5.20 0.00 7.45 7.26 7.16 5.54 7.40 7.86 7.06 2.80 3.68 6.98 8.83 4.13 4.49 0.00 4.54 0.00 2.65 3.05 3.41 3.55 4.16 5.87 6.75 15733833
4.47 3.03 5.32 0.00 4.26 4.03 0.00 5.75 0.00 7.44 7.31 7.15 5.53 7.56 7.86 7.05 0.00 3.76 6.97 9.54 4.10 5.11 0.00 0.00 0.00 2.51 3.03 3.40 3.59 4.35 5.89 6.52 15746923
4.58 3.01 5.45 0.00 4.22 4.06 4.21 5.37 0.00 7.48 7.42 7.15 5.70 7.75 8.22 6.98 0.00 3.75 7.00 8.87 4.11 4.50 0.00 4.65 0.00 2.51 3.04 3.40 3.57 4.21 5.87 6.44 15760013
4.66 3.07 5.18 2.96 4.30 4.07 3.57 5.16 0.00 7.46 7.51 7.15 5.75 7.62 8.00 7.10 2.79 3.72 6.98 8.60 4.12 4.44 0.00 4.57 0.00 2.51 3.04 3.39 3.58 4.15 5.80 6.52 15773103
4.59 3.02 4.89 0.00 4.25 4.03 0.00 5.16 0.00 7.42 7.35 7.15 5.62 7.82 8.13 7.04 0.00 3.74 7.81 8.95 4.12 4.45 0.00 4.41 0.00 2.53 3.04 3.40 3.50 4.21 5.81 6.83 15786193
0.00 3.03 5.01 0.00 4.24 4.08 0.00 5.22 0.00 7.45 7.28 7.17 5.59 7.62 8.16 7.02 0.00 3.78 6.88 8.75 4.14 4.47 0.00 0.00 0.00 2.60 3.03 3.40 3.61 4.13 5.74 6.64 15799283
4.49 3.02 5.20 3.06 4.26 4.05 0.00 5.43 0.00 7.47 7.22 7.16 5.63 7.56 8.11 7.02 0.00 3.89 6.53 8.65 4.11 4.45 0.00 0.00 0.00 2.57 3.04 3.39 3.60 4.26 5.88 6.71 15812373
4.53 3.02 5.12 3.05 4.25 4.07 3.64 5.41 0.00 7.47 7.28 7.17 5.79 7.60 8.05 7.02 0.00 3.79 6.89 8.87 4.07 4.44 0.00 4.88 0.00 2.56 3.04 3.40 3.60 4.13 5.77 6.75 15825463
4.59 3.02 5.04 0.00 4.28 4.06 0.00 5.47 0.00 7.47 7.35 7.14 5.65 7.57 8.06 7.03 0.00 3.89 6.63 9.19 4.08 4.44 0.00 4.58 0.00 2.54 3.03 3.39 3.62 4.25 5.84 6.73 15838553
4.59 3.06 0.00 0.00 4.26 4.04 3.76 5.28 0.00 7.43 7.35 7.15 5.73 7.60 8.08 7.03 0.00 0.00 7.07 8.67 4.09 4.45 0.00 4.55 0.00 2.55 3.04 3.39 3.73 4.15 5.74 6.61 15851643
4.64 3.04 5.25 0.00 4.24 4.09 0.00 5.44 0.00 7.47 7.29 7.14 6.07 7.47 8.07 7.04 0.00 4.21 6.92 9.54 4.12 4.45 0.00 4.54 0.00 2.56 3.04 3.39 3.78 4.43 5.90 6.57 15864733
4.47 3.03 0.00 0.00 4.24 4.05 0.00 5.43 0.00 7.45 7.35 7.16 6.00 7.69 8.08 7.03 0.00 4.23 6.91 9.53 4.13 4.54 0.00 4.56 0.00 2.56 3.04 3.40 3.66 4.27 5.81 6.72 15877823
4.48 3.01 5.05 0.00 4.26 4.09 0.00 5.33 0.00 7.46 7.33 7.15 0.00 7.73 8.12 7.04 0.00 4.17 7.14 8.89 4.14 4.46 0.00 4.53 0.00 2.56 3.04 3.39 3.58 4.31 5.81 6.95 15890913
4.53 3.01 5.33 0.00 4.25 4.10 0.00 5.24 0.00 7.48 7.36 7.16 5.60 7.81 8.25 7.03 0.00 3.74 7.01 8.99 4.08 4.44 0.00 4.55 0.00 2.58 3.04 3.40 3.70 4.85 5.90 6.70 15904003
4.55 3.02 5.16 0.00 4.25 4.10 0.00 5.20 0.00 7.48 7.36 7.15 5.61 7.60 8.37 7.02 0.00 3.73 0.00 8.58 4.05 4.52 0.00 4.49 0.00 2.55 3.04 3.40 3.69 4.42 5.84 6.76 15917093
4.50 3.02 0.00 0.00 4.26 4.02 3.75 5.17 0.00 7.47 7.35 7.15 0.00 7.55 0.00 6.99 0.00 3.90 7.07 9.14 4.11 4.47 0.00 4.53 0.00 2.57 3.05 3.39 3.72 4.42 5.73 6.95 15930183
4.42 3.02 0.00 0.00 4.25 4.04 4.15 5.54 0.00 7.45 7.37 7.15 5.72 7.54 0.00 7.01 0.00 0.00 7.00 9.14 4.09 4.48 0.00 4.53 0.00 2.58 3.03 3.40 3.52 4.21 5.82 6.97 15943273
4.55 3.02 0.00 0.00 4.26 4.11 0.00 5.26 0.00 7.46 7.37 7.16 5.80 7.76 8.58 7.00 0.00 4.22 7.13 9.10 4.14 4.49 0.00 4.55 0.00 2.58 3.04 3.39 3.63 4.20 5.93 6.60 15956363
4.53 3.02 5.20 2.94 4.24 4.05 0.00 5.28 0.00 7.46 7.36 7.15 5.56 7.48 8.22 6.99 0.00 3.96 7.05 9.61 4.11 4.46 0.00 4.56 0.00 2.59 3.04 3.39 3.65 4.18 5.92 6.52 15969453
4.48 3.03 5.12 2.94 4.24 4.03 0.00 5.38 0.00 7.46 7.39 7.15 5.71 7.50 7.89 7.02 0.00 3.89 7.11 8.90 4.19 4.50 0.00 4.62 0.00 2.59 3.04 3.40 3.57 4.19 5.93 6.60 15982543
4.48 3.02 5.17 2.89 4.25 4.12 0.00 5.29 0.00 7.46 7.38 7.15 5.72 7.46 7.96 7.03 0.00 3.89 7.10 8.89 4.07 4.46 0.00 4.57 0.00 2.61 3.04 3.39 3.59 4.27 5.93 6.98 15995633
4.54 3.01 5.17 0.00 4.24 4.23 0.00 5.25 0.00 7.45 7.37 7.16 5.71 7.79 7.92 7.03 0.00 3.89 7.21 9.65 4.31 4.45 0.00 4.54 0.00 2.60 3.05 3.40 3.57 4.30 5.90 0.00 16008723
4.54 3.02 5.07 2.93 4.24 4.10 0.00 5.27 0.00 7.46 7.37 7.15 5.52 7.72 7.92 7.15 0.00 3.89 7.26 0.00 4.08 4.55 0.00 4.54 0.00 2.62 3.03 3.39 3.58 4.28 5.90 7.38 16021813
4.55 3.00 5.09 0.00 4.24 4.09 3.93 5.28 0.00 7.44 7.37 7.16 5.79 7.79 7.89 7.03 0.00 3.84 0.00 8.76 4.08 4.47 0.00 4.55 0.00 2.60 3.04 3.39 3.57 4.41 5.73 7.39 16034903
4.46 3.00 5.01 0.00 4.23 4.06 0.00 5.37 0.00 7.44 7.46 7.15 5.84 7.62 8.10 7.16 2.94 3.85 7.18 9.64 4.06 4.49 0.00 4.54 0.00 2.61 3.04 3.39 3.55 4.21 5.75 0.00 16047993
4.56 3.03 0.00 0.00 4.26 4.08 3.91 5.45 0.00 7.45 7.45 7.17 6.30 7.66 8.00 7.15 2.93 0.00 0.00 8.50 4.06 4.48 0.00 4.46 0.00 2.59 3.03 3.40 3.50 4.86 6.41 7.05 16061083
4.47 3.01 5.33 0.00 4.26 4.02 0.00 5.29 0.00 7.45 7.40 7.19 5.60 7.54 7.91 7.11 0.00 3.84 0.00 8.61 4.12 4.56 0.00 4.51 0.00 2.62 3.05 3.39 3.53 4.26 5.91 6.62 16074173
0.00 3.02 0.00 0.00 4.51 4.12 0.00 5.28 0.00 7.53 7.25 7.18 5.88 7.57 7.91 7.11 3.17 3.81 6.52 8.84 4.16 0.00 0.00 4.54 0.00 2.61 3.05 3.41 3.53 4.24 5.73 6.79 16087263
4.47 3.00 0.00 2.95 4.31 4.08 0.00 5.19 0.00 7.53 7.24 7.17 5.69 7.65 8.33 7.01 2.01 3.87 6.94 8.57 4.11 0.00 0.00 0.00 0.00 2.78 3.05 3.39 3.54 4.23 5.73 6.58 16100353
4.50 2.96 5.67 0.00 4.48 4.02 3.65 5.45 0.00 7.46 7.27 7.18 5.59 7.91 7.99 6.98 2.96 3.92 6.86 8.87 4.14 0.00 0.00 3.88 0.00 2.47 3.04 3.39 3.53 4.24 5.77 6.87 16113443
4.51 3.01 0.00 0.00 4.29 4.03 0.00 5.23 0.00 7.48 0.00 7.20 5.71 7.45 7.94 7.10 2.85 3.82 6.39 8.72 4.27 4.44 0.00 0.00 0.00 2.39 3.04 3.39 3.44 4.20 5.79 6.56 16126533
4.49 2.97 0.00 2.99 4.27 4.03 3.36 5.86 5.15 7.46 7.43 7.26 6.08 7.55 8.29 7.21 2.63 4.00 6.78 9.08 4.09 4.49 0.00 0.00 0.00 2.41 3.12 3.48 3.59 4.23 5.76 6.77 16139623
4.74 3.02 0.00 0.00 4.38 4.08 0.00 5.29 5.16 7.46 7.32 7.28 5.70 7.74 8.21 7.35 2.06 3.88 6.38 9.09 4.04 4.50 0.00 0.00 0.00 3.00 3.02 3.36 3.44 4.20 6.25 6.59 16152713
4.53 3.00 0.00 3.01 4.43 4.06 3.85 5.17 5.29 7.46 7.34 0.00 5.57 7.62 8.18 7.14 2.39 3.67 6.90 8.94 4.05 4.43 0.00 4.49 0.00 2.33 3.07 3.40 3.58 4.27 5.79 6.73 16165803
4.51 2.97 5.41 3.00 4.26 4.02 3.60 5.55 0.00 7.45 7.38 7.19 5.82 7.58 8.25 7.27 2.99 4.13 6.98 9.35 4.09 4.42 0.00 4.53 0.00 2.44 3.04 3.49 3.47 4.22 5.80 7.06 16178893
4.88 2.98 5.20 0.00 4.37 4.02 3.91 5.39 0.00 7.52 7.38 7.27 5.72 7.20 8.49 7.35 2.09 3.98 6.74 9.10 4.05 4.56 0.00 0.00 0.00 2.36 3.18 3.48 3.46 4.20 5.84 7.10 16191983
4.78 3.02 5.31 3.49 4.41 4.01 0.00 5.31 5.28 7.43 7.34 7.53 5.76 7.55 8.54 7.56 2.20 3.82 6.78 8.89 4.09 4.51 0.00 5.11 0.00 2.33 3.20 3.63 3.47 4.15 5.87 6.89 16205073
4.48 3.04 0.00 0.00 4.27 4.02 3.96 5.40 5.29 7.37 7.40 7.16 5.81 7.49 8.30 7.44 2.71 3.83 2.78 9.14 4.09 0.00 0.00 5.02 0.00 0.00 3.02 3.39 3.46 4.24 5.85 6.56 16218163
4.56 3.03 0.00 3.41 4.26 4.05 0.00 5.38 5.34 7.43 7.44 7.07 5.77 7.32 8.34 7.90 0.00 4.00 6.53 8.67 4.13 4.40 0.00 4.57 0.00 2.50 3.12 3.60 3.46 4.17 5.87 6.53 16231253
4.52 3.05 4.96 0.00 4.30 4.07 0.00 5.12 0.00 7.48 7.30 7.06 6.16 7.61 8.23 8.08 2.03 3.77 6.58 8.87 4.10 4.38 0.00 0.00 0.00 2.35 3.22 3.37 3.81 4.17 5.79 6.54 16244343
4.58 3.02 5.07 0.00 4.32 4.15 3.73 5.63 5.50 7.45 7.31 7.03 5.68 7.56 8.29 7.86 0.00 3.76 6.45 8.94 4.09 4.40 0.00 4.53 0.00 2.46 3.15 3.43 3.57 4.21 5.81 6.48 16257433
4.45 3.02 0.00 0.00 4.33 4.04 3.77 5.17 0.00 7.52 7.43 7.07 6.22 7.45 8.30 7.90 0.00 3.76 6.60 8.81 4.18 4.46 0.00 0.00 0.00 0.00 3.23 3.38 3.48 4.66 5.77 6.84 16270523
4.80 3.07 0.00 0.00 4.37 4.07 4.06 5.41 5.20 7.47 7.38 7.12 6.31 7.88 8.30 8.09 2.45 4.07 6.92 8.93 4.05 4.42 0.00 0.00 0.00 2.43 3.10 3.56 3.49 4.22 5.79 6.87 16283613
4.64 3.02 5.31 0.00 4.28 4.11 0.00 5.61 0.00 7.50 7.37 7.10 5.66 7.53 8.28 8.66 2.06 3.99 6.46 9.25 4.06 0.00 0.00 4.47 0.00 3.07 3.17 3.50 3.57 4.33 5.88 0.00 16296703
4.71 3.03 5.15 0.00 4.31 4.03 4.04 5.31 0.00 7.51 7.34 7.03 5.77 7.46 8.31 8.05 3.13 4.36 6.84 8.80 4.07 0.00 0.00 4.82 0.00 2.43 3.26 3.42 3.54 4.19 5.82 6.86 16309793
4.55 3.03 5.21 0.00 4.29 4.11 0.00 5.23 0.00 7.41 7.27 7.04 6.04 7.65 8.30 8.63 2.62 3.85 6.85 9.05 4.01 4.41 0.00 0.00 0.00 2.42 3.21 3.58 3.59 4.28 6.13 6.41 16322883
4.61 3.08 5.33 0.00 4.30 4.09 0.00 5.46 0.00 7.41 0.00 7.05 5.64 7.51 8.21 8.42 0.00 4.37 7.17 9.65 4.07 4.48 0.00 4.55 0.00 0.00 3.16 3.38 3.50 4.96 5.86 6.59 16335973
4.51 3.52 5.13 0.00 4.29 4.07 0.00 5.59 0.00 7.63 7.46 7.06 0.00 7.69 8.27 0.00 0.00 3.81 6.58 8.93 4.13 0.00 0.00 0.00 0.00 0.00 3.18 3.37 3.52 4.31 5.76 6.67 16349063
4.58 3.02 0.00 0.00 4.31 4.05 0.00 5.94 0.00 7.42 7.46 7.06 5.81 7.39 8.25 8.21 0.00 4.03 6.65 8.77 4.18 4.50 0.00 0.00 0.00 0.00 3.10 3.36 3.51 4.13 5.81 6.66 16362153
4.53 3.03 5.23 0.00 4.30 4.08 0.00 5.15 0.00 7.46 7.29 7.06 0.00 7.61 8.43 8.16 2.87 3.79 6.92 8.68 4.05 4.56 0.00 4.20 0.00 0.00 3.07 3.36 3.52 4.30 5.80 6.67 16375243
4.54 3.02 5.48 0.00 4.28 4.08 3.85 5.33 0.00 7.44 0.00 7.06 5.74 7.44 8.44 8.32 2.92 4.08 6.43 8.93 4.12 0.00 0.00 0.00 0.00 0.00 3.07 3.34 3.50 4.16 5.85 6.73 16388333
4.51 2.99 0.00 0.00 4.27 4.07 3.83 5.39 0.00 7.70 7.39 7.08 6.04 7.72 8.25 0.00 3.03 3.80 6.76 9.66 4.04 4.36 0.00 0.00 0.00 2.40 3.06 3.33 3.48 4.22 5.82 6.47 16401423
4.80 3.01 5.14 0.00 4.31 4.08 3.94 5.77 0.00 7.78 7.39 7.08 5.99 7.68 8.98 0.00 0.00 3.81 6.79 8.81 4.06 4.38 0.00 0.00 0.00 0.00 3.07 3.36 3.51 4.19 5.84 7.13 16414513
4.59 3.00 5.76 3.10 4.29 4.13 3.81 5.45 0.00 8.05 7.30 7.10 6.00 7.79 8.30 0.00 3.02 3.85 6.98 8.85 4.14 0.00 0.00 0.00 0.00 2.63 3.07 3.35 3.46 4.30 5.91 0.00 16427603
4.58 3.10 0.00 3.07 4.41 4.05 3.93 5.37 0.00 7.63 7.32 7.09 5.96 7.54 0.00 8.25 0.00 3.87 7.02 8.80 4.22 4.47 0.00 0.00 0.00 2.34 3.07 3.36 3.46 4.13 5.85 6.76 16440693
4.61 3.07 5.09 3.00 4.38 4.07 0.00 5.30 0.00 8.09 7.29 7.08 5.79 7.62 8.35 0.00 2.91 3.79 7.08 9.57 4.05 4.42 0.00 0.00 0.00 2.33 3.08 3.36 3.55 4.33 5.86 6.76 16453783
4.73 3.07 5.30 2.99 4.41 4.08 4.03 5.30 0.00 8.00 7.34 7.09 6.60 7.57 8.48 0.00 0.00 3.93 6.89 8.95 4.10 4.46 0.00 0.00 0.00 2.34 3.19 3.35 3.41 4.21 5.82 0.00 16466873
4.51 3.03 5.32 3.07 4.36 4.10 0.00 5.17 0.00 7.55 7.40 7.10 5.85 7.71 0.00 0.00 0.00 3.81 6.96 9.59 4.24 4.38 0.00 5.29 0.00 2.34 3.12 0.00 3.41 4.20 6.52 6.58 16479963
4.51 3.01 0.00 3.02 4.29 4.08 0.00 5.43 0.00 7.53 7.35 7.09 0.00 7.55 8.25 8.06 0.00 3.89 7.27 8.81 4.20 0.00 0.00 0.00 0.00 2.35 3.36 3.34 3.37 4.16 6.47 7.13 16493053
4.52 3.01 0.00 0.00 4.28 4.14 0.00 5.66 0.00 7.50 7.37 7.10 5.66 7.63 8.37 0.00 0.00 3.84 7.07 9.56 4.14 4.54 0.00 5.31 0.00 2.35 3.15 3.33 3.72 4.18 5.84 7.11 16506143
4.54 3.01 0.00 0.00 4.29 4.12 0.00 5.27 0.00 7.49 7.48 7.09 5.68 7.60 8.32 8.18 0.00 3.97 6.49 8.86 4.10 0.00 0.00 0.00 0.00 2.35 3.17 3.33 3.43 4.18 5.81 6.40 16519233
4.53 3.03 5.30 0.00 4.38 4.12 0.00 5.26 0.00 7.45 7.31 7.44 5.78 7.61 8.28 0.00 0.00 3.88 7.13 0.00 4.09 0.00 0.00 0.00 0.00 2.33 3.18 3.35 3.53 4.23 6.48 6.60 16532323
4.59 3.01 0.00 0.00 4.98 4.10 0.00 5.40 0.00 7.45 7.31 7.23 5.78 8.25 8.29 0.00 2.75 4.16 6.56 8.66 4.07 0.00 0.00 0.00 0.00 2.34 3.09 3.33 3.44 4.21 5.89 6.58 16545413
4.52 3.01 5.28 0.00 4.97 4.04 0.00 5.36 0.00 7.41 7.49 7.24 5.73 7.47 8.25 0.00 2.80 3.79 7.08 8.93 4.15 0.00 0.00 0.00 0.00 2.34 3.26 3.34 3.40 4.22 5.89 6.90 16558503
4.63 3.01 0.00 3.45 4.33 4.13 0.00 5.55 0.00 7.41 7.47 7.13 5.97 7.60 8.48 0.00 2.82 3.85 7.00 8.64 4.15 0.00 0.00 0.00 0.00 2.35 3.14 3.34 3.39 0.00 5.79 6.59 16571593
4.59 3.00 0.00 3.44 4.47 4.08 0.00 5.37 0.00 7.39 7.56 7.11 5.71 7.48 8.31 8.75 2.90 3.79 6.48 8.80 4.18 4.56 0.00 0.00 0.00 2.35 3.18 3.33 3.59 4.16 5.91 7.10 16584683
4.61 3.00 5.42 0.00 4.33 4.07 3.97 5.37 0.00 7.44 7.97 7.22 6.05 7.45 8.41 0.00 2.03 3.87 7.01 0.00 4.17 0.00 0.00 0.00 0.00 0.00 3.21 3.31 3.61 4.20 5.82 0.00 16597773
4.62 3.01 0.00 0.00 4.29 4.06 0.00 0.00 0.00 7.48 7.26 7.21 5.95 7.56 8.31 8.57 2.84 4.17 7.06 0.00 4.07 0.00 0.00 0.00 0.00 0.00 3.18 3.33 4.12 4.67 6.10 6.53 16610863
4.56 3.00 4.94 0.00 4.32 4.10 4.04 5.60 0.00 7.49 7.40 7.09 5.54 7.59 8.34 0.00 2.79 3.73 6.82 8.68 0.00 0.00 0.00 5.55 0.00 0.00 3.24 3.33 3.39 4.20 5.84 0.00 16623953
0.00 2.99 0.00 0.00 4.29 4.04 0.00 5.21 0.00 7.43 7.45 7.10 5.50 7.58 8.24 8.32 2.82 4.13 6.88 8.89 3.99 4.41 0.00 5.07 0.00 2.72 3.15 3.32 3.38 4.17 5.84 7.15 16637043
4.76 3.01 0.00 0.00 4.32 4.12 0.00 5.27 0.00 7.43 7.30 7.23 5.86 7.64 8.26 8.20 0.00 3.91 6.64 8.90 3.97 4.47 0.00 5.34 0.00 2.51 3.10 3.36 3.41 4.19 5.77 6.74 16650133
4.61 3.02 0.00 0.00 4.44 4.07 0.00 5.20 0.00 7.43 7.35 7.27 5.69 7.55 8.28 0.00 2.10 3.97 6.85 8.86 4.02 4.42 0.00 4.41 0.00 2.36 3.24 3.38 3.65 4.17 5.97 6.71 16663223
5.03 3.09 5.01 3.52 4.37 4.05 0.00 5.23 0.00 7.43 7.23 7.23 6.06 7.43 8.35 0.00 0.00 3.91 6.81 9.28 4.04 4.71 0.00 4.40 0.00 2.36 3.31 3.42 3.44 4.32 5.79 6.84 16676313
4.50 3.02 5.09 0.00 4.33 4.06 0.00 5.25 0.00 7.42 7.50 7.31 5.69 7.54 8.38 0.00 2.47 4.51 6.94 8.91 3.98 4.45 0.00 0.00 0.00 2.46 3.29 3.41 3.43 4.21 5.83 0.00 16689403
4.68 3.01 0.00 0.00 4.28 4.05 4.03 5.24 0.00 7.46 7.30 6.97 6.39 7.47 8.37 0.00 2.71 3.84 6.62 8.93 4.00 4.39 0.00 4.87 0.00 2.39 3.28 3.91 3.49 4.20 5.91 6.42 16702493
4.60 3.07 0.00 0.00 4.32 4.09 0.00 5.22 0.00 7.46 7.31 6.99 5.81 7.72 0.00 0.00 2.71 4.27 6.60 0.00 4.08 4.44 0.00 4.64 0.00 2.42 3.36 3.45 3.49 4.21 5.84 6.41 16715583
4.53 3.00 0.00 0.00 4.36 4.04 3.94 5.29 0.00 7.46 7.34 7.08 5.94 7.73 8.31 0.00 0.00 3.94 7.02 8.93 4.02 4.59 0.00 0.00 0.00 2.53 3.15 3.41 3.41 4.22 5.84 7.10 16728673
4.61 3.03 0.00 0.00 4.39 4.06 4.08 5.27 0.00 7.39 7.53 7.05 5.96 7.55 8.36 0.00 2.76 4.12 6.64 8.99 4.06 4.49 0.00 0.00 0.00 2.52 3.16 3.32 3.64 4.20 5.91 6.37 16741763
4.55 3.03 0.00 0.00 4.84 4.35 0.00 5.25 0.00 7.51 7.29 7.26 6.37 7.53 8.97 0.00 0.00 3.78 6.97 9.13 3.98 4.52 0.00 0.00 0.00 2.45 3.17 3.27 3.38 4.22 6.54 7.18 16754853
4.52 3.03 0.00 0.00 4.32 4.11 0.00 5.28 0.00 7.46 7.28 7.03 5.76 7.73 8.37 0.00 2.31 4.12 7.10 9.28 4.06 4.55 0.00 4.46 0.00 0.00 3.29 3.43 3.49 4.24 5.76 6.29 16767943
4.53 3.02 0.00 0.00 4.41 4.00 3.91 5.42 0.00 7.50 7.28 7.22 5.66 7.44 8.39 0.00 0.00 3.80 6.64 9.59 4.01 4.41 0.00 0.00 0.00 2.32 3.14 3.35 3.48 4.30 6.48 6.32 16781033
4.83 3.01 0.00 0.00 4.34 4.19 0.00 5.40 0.00 7.45 7.78 7.06 6.49 7.56 8.34 0.00 2.84 3.84 6.53 9.45 4.07 4.42 0.00 5.24 0.00 2.40 3.19 3.36 3.44 4.21 5.81 6.50 16794123
4.51 3.02 5.16 0.00 4.33 4.05 0.00 5.51 0.00 7.43 7.97 7.02 6.41 7.50 8.42 0.00 0.00 4.45 6.45 8.75 4.10 4.45 0.00 5.12 0.00 2.44 3.32 3.42 3.48 4.34 5.74 6.49 16807213
4.54 2.96 0.00 0.00 4.26 4.11 0.00 5.35 0.00 7.46 7.23 7.13 5.84 7.62 8.49 0.00 2.03 3.66 6.69 8.80 4.07 4.43 0.00 0.00 0.00 2.45 3.13 3.55 3.58 4.22 5.77 6.73 16820303
4.53 3.03 0.00 0.00 4.29 4.05 3.60 5.64 0.00 7.46 7.23 7.13 5.84 7.56 8.35 0.00 2.07 3.84 7.00 9.11 4.12 4.40 5.32 4.50 0.00 2.38 3.10 3.35 3.84 4.21 5.77 0.00 16833393
4.64 3.01 5.34 0.00 4.59 4.11 0.00 5.24 0.00 7.36 7.25 6.93 5.79 7.67 8.38 0.00 0.00 3.85 6.46 8.92 4.08 4.71 0.00 4.08 0.00 2.33 3.25 3.19 3.41 4.31 5.81 6.49 16846483
0.00 3.01 0.00 0.00 4.38 4.10 0.00 5.30 0.00 7.37 7.38 7.17 5.80 7.45 8.44 0.00 0.00 3.64 7.02 8.82 4.15 0.00 0.00 4.44 0.00 2.35 3.15 3.30 3.42 4.24 5.79 6.80 16859573
4.53 3.02 0.00 0.00 4.32 4.13 0.00 5.31 0.00 7.45 7.41 7.20 5.93 7.54 8.37 0.00 0.00 3.75 6.76 8.73 4.03 0.00 0.00 4.43 0.00 2.34 3.13 3.15 3.43 4.22 5.74 6.54 16872663
4.53 3.01 5.57 0.00 4.32 4.08 0.00 5.39 0.00 7.46 7.40 7.38 5.83 7.51 8.58 0.00 0.00 3.68 6.79 8.95 4.19 4.45 0.00 4.43 0.00 2.31 3.12 3.54 3.59 4.28 5.87 6.53 16885753
4.60 3.04 0.00 3.09 4.57 4.16 0.00 5.31 0.00 7.45 0.00 7.07 5.86 7.62 8.56 0.00 0.00 3.85 7.04 8.94 4.11 5.15 0.00 4.47 0.00 2.34 3.11 2.94 3.55 4.26 5.73 6.63 16898843
4.60 3.02 0.00 3.55 4.39 4.03 3.62 5.45 0.00 7.45 0.00 7.07 5.95 7.90 8.53 0.00 2.19 3.69 7.12 8.97 4.10 4.54 0.00 0.00 0.00 2.30 3.11 3.04 3.53 4.25 5.82 6.38 16911933
4.51 3.03 0.00 3.12 4.30 4.14 0.00 5.36 0.00 7.45 8.03 7.05 5.76 7.54 8.38 0.00 0.00 3.73 7.19 8.76 4.04 4.59 0.00 4.56 0.00 2.33 3.06 2.94 3.55 4.26 5.81 7.01 16925023
4.57 3.01 0.00 3.05 4.28 4.10 0.00 5.35 5.21 7.45 7.46 7.06 5.83 7.48 8.40 0.00 0.00 3.90 7.03 8.94 4.06 0.00 0.00 4.47 0.00 3.10 3.18 3.11 3.46 4.29 5.82 6.62 16938113
4.54 3.02 0.00 3.09 4.40 4.07 0.00 5.42 0.00 7.45 7.46 7.05 5.81 7.48 8.43 0.00 2.35 4.11 7.24 8.78 4.15 0.00 0.00 0.00 0.00 2.52 3.18 3.00 0.00 0.00 5.77 0.00 16951203
4.53 3.01 0.00 3.03 5.08 4.05 0.00 5.36 0.00 7.45 7.26 7.08 5.71 7.53 8.31 0.00 2.01 3.67 7.34 8.81 4.10 0.00 0.00 4.45 0.00 2.57 3.20 3.48 3.51 4.27 5.93 6.41 16964293
4.52 3.02 0.00 3.03 4.42 4.09 0.00 5.43 0.00 7.45 7.45 7.19 5.84 7.80 8.34 0.00 0.00 3.85 7.19 8.96 4.09 0.00 0.00 5.26 0.00 2.57 3.20 3.43 3.53 4.26 5.83 6.43 16977383
4.62 3.01 0.00 3.07 5.12 4.08 0.00 5.41 0.00 7.45 7.69 7.23 6.21 7.76 8.35 0.00 2.56 3.86 7.08 8.98 4.14 0.00 0.00 0.00 0.00 2.54 3.20 3.14 3.52 4.29 5.87 6.40 16990473
4.59 3.01 0.00 3.11 4.40 4.07 0.00 5.42 5.28 7.46 7.37 7.07 5.91 7.67 8.27 0.00 2.62 3.84 6.95 8.96 4.06 4.47 0.00 4.51 0.00 2.53 3.20 3.34 3.48 4.29 5.84 6.74 17003563
4.57 3.00 0.00 3.09 4.37 4.09 0.00 5.44 0.00 7.45 7.63 7.04 6.35 7.52 8.30 0.00 2.20 3.76 7.13 8.97 4.09 4.49 0.00 4.76 0.00 2.56 3.21 3.37 3.50 4.26 5.99 0.00 17016653
4.52 3.02 0.00 3.11 4.41 4.07 0.00 5.33 0.00 7.44 7.40 7.23 5.73 7.44 8.60 0.00 2.63 3.69 6.86 8.95 4.13 4.91 0.00 4.74 0.00 2.54 3.20 3.09 3.47 4.30 6.01 6.43 17029743
4.54 3.01 0.00 3.10 4.33 4.20 3.94 5.30 0.00 7.46 7.37 7.34 6.34 7.60 8.38 0.00 0.00 3.83 7.32 8.95 4.18 4.47 0.00 0.00 0.00 2.53 3.20 3.32 3.52 4.29 5.80 6.39 17042833
4.58 3.02 0.00 3.10 4.32 4.16 0.00 5.34 5.23 7.43 7.37 7.33 5.89 7.58 8.38 0.00 0.00 3.71 7.32 8.94 4.26 4.48 0.00 4.68 0.00 3.05 3.21 0.00 3.57 4.29 5.80 6.42 17055923
4.53 3.03 0.00 3.12 4.38 4.10 0.00 5.38 0.00 7.46 7.43 7.36 6.03 8.11 8.34 0.00 0.00 3.75 6.98 8.94 4.11 4.47 0.00 4.62 0.00 2.35 3.20 2.96 3.55 4.31 5.86 0.00 17069013
4.56 3.02 0.00 3.11 4.39 4.05 0.00 5.23 0.00 7.46 7.43 7.38 5.90 7.91 8.32 0.00 0.00 3.72 7.23 8.91 4.08 4.48 0.00 0.00 0.00 2.55 3.19 3.45 3.53 4.32 5.79 7.13 17082103
4.53 3.01 0.00 3.12 4.96 4.08 0.00 5.43 0.00 7.46 7.39 7.25 5.85 7.60 8.35 0.00 0.00 3.74 7.06 9.17 4.07 0.00 0.00 0.00 0.00 2.77 3.38 0.00 3.56 4.28 5.86 0.00 17095193
4.55 3.02 0.00 3.12 4.45 4.08 0.00 5.44 0.00 7.46 7.38 6.97 6.39 7.60 8.29 0.00 0.00 3.67 7.48 9.20 4.13 4.51 0.00 0.00 0.00 2.80 3.37 0.00 3.58 4.34 5.80 7.17 17108283
4.53 3.02 0.00 3.12 4.43 4.07 0.00 5.45 0.00 7.45 7.45 7.24 0.00 7.62 8.37 0.00 0.00 3.75 7.12 8.99 4.20 5.23 0.00 0.00 0.00 2.33 3.38 3.44 3.61 4.34 5.76 7.08 17121373
4.52 3.02 0.00 3.14 4.47 4.25 0.00 5.59 0.00 7.46 7.42 7.25 6.06 7.59 8.33 0.00 0.00 4.11 7.12 9.24 4.04 4.50 0.00 0.00 0.00 2.32 3.37 3.45 3.52 4.26 5.81 7.00 17134463
4.52 3.02 0.00 3.11 4.41 4.16 0.00 5.48 0.00 7.47 7.27 7.23 5.67 7.60 8.33 0.00 0.00 3.75 7.02 8.98 4.05 4.49 0.00 0.00 0.00 2.33 3.38 3.42 3.51 4.35 5.81 6.98 17147553
4.53 3.03 0.00 3.11 4.42 4.10 0.00 5.46 0.00 7.45 7.48 7.20 6.02 7.56 8.32 0.00 2.86 3.88 6.98 8.96 4.04 4.67 0.00 0.00 0.00 2.33 3.38 3.43 3.51 0.00 5.81 7.23 17160643
4.52 3.04 0.00 3.12 4.42 4.08 0.00 5.47 0.00 7.45 7.47 6.96 5.87 7.59 8.32 0.00 2.84 3.75 7.07 8.94 4.05 4.45 0.00 0.00 0.00 2.33 3.37 3.45 3.51 4.38 5.80 0.00 17173733
4.55 3.04 0.00 3.11 4.44 4.09 0.00 5.49 0.00 7.45 7.45 6.97 6.15 7.79 8.36 0.00 2.85 0.00 6.98 8.79 4.03 4.50 0.00 0.00 0.00 2.33 3.36 3.44 3.51 0.00 5.76 6.75 17186823
4.55 3.02 0.00 3.12 4.39 4.10 0.00 5.47 0.00 7.46 7.40 7.21 5.69 7.53 8.30 0.00 2.86 3.76 7.08 8.95 4.11 4.45 0.00 0.00 0.00 2.33 3.37 3.05 3.51 4.31 5.72 6.87 17199913
4.53 3.03 0.00 3.12 4.37 4.26 0.00 5.45 0.00 7.46 7.41 7.21 6.19 7.57 8.35 0.00 2.88 3.89 7.01 8.96 4.02 4.45 0.00 0.00 0.00 2.34 3.36 3.01 3.57 4.31 5.75 6.84 17213003
4.52 3.02 0.00 3.13 4.37 4.09 0.00 5.44 0.00 7.45 7.39 7.21 6.47 7.44 8.33 0.00 2.70 3.73 7.37 8.97 4.04 4.45 0.00 0.00 0.00 2.34 3.33 2.86 3.56 4.31 5.72 6.82 17226093
4.53 3.03 0.00 3.36 4.38 4.13 0.00 5.44 0.00 7.46 7.41 7.20 5.57 7.57 8.36 0.00 2.90 3.71 7.20 8.97 4.05 4.47 0.00 0.00 0.00 2.33 3.30 2.90 3.56 4.33 5.72 6.83 17239183
4.54 3.04 0.00 3.11 4.38 4.10 0.00 5.46 0.00 7.46 7.43 7.20 5.88 7.55 8.31 0.00 2.75 3.92 0.00 8.97 4.15 4.47 0.00 0.00 0.00 2.33 3.28 2.96 3.59 4.30 5.75 6.52 17252273
4.55 3.02 0.00 3.35 4.37 4.14 0.00 5.41 0.00 7.46 7.40 7.20 5.87 7.56 8.39 0.00 2.76 3.82 7.15 9.03 4.09 4.47 0.00 0.00 0.00 2.33 3.31 3.01 3.60 4.30 5.76 6.50 17265363
4.56 3.03 0.00 3.09 4.37 4.22 0.00 5.35 0.00 7.46 7.41 7.20 5.93 7.56 8.36 0.00 2.16 3.95 7.33 8.97 4.03 4.45 0.00 0.00 0.00 2.34 3.31 3.00 3.59 4.30 5.75 6.49 17278453
4.56 3.02 0.00 3.09 4.39 4.22 0.00 5.25 0.00 7.46 7.40 7.21 6.05 7.57 8.36 0.00 2.58 3.85 0.00 9.17 4.04 4.46 0.00 0.00 0.00 2.34 3.31 2.86 3.59 4.31 5.76 6.46 17291543
4.55 3.01 0.00 3.08 4.38 4.20 0.00 5.25 0.00 7.46 7.40 7.20 5.98 7.57 8.37 0.00 2.72 3.86 7.18 8.94 4.04 4.46 0.00 0.00 0.00 2.34 3.29 3.04 3.59 4.29 5.75 6.49 17304633